date,loc_grand_name,DayDeaMeRaA00S00,TotDeaMeRaA00S00,DayDeaMeRaA00S00_CF2,DayDeaMeRaA00S00_CF5,TotDeaMeRaA00S00_CF2,TotDeaMeRaA00S00_CF5,DayCasMeRaA00S00,TotCasMeRaA00S00,DayCasMeRaA00S00_CF2,DayCasMeRaA00S00_CF5,TotCasMeRaA00S00_CF2,TotCasMeRaA00S00_CF5,TotRecMeRaA00S00,DayRecMeRaA00S00,DayCfrMeRaA00S00,DayActMeRaA00S00,DayDeaMeSmA00S00,DayCasMeSmA00S00,DayDeMMeRaA00S00,DayCaMMeRaA00S00,DayCbDMeRaA00S00,DayDeaMeRaA00multip,TotDeaMeRaA01S00,TotDeaLoRaA01S00,TotDeaUpRaA01S00,DayDeaMeRaA01S00,DayDeaLoRaA01S00,DayDeaUpRaA01S00,TotCasMeRaA01S00,TotCasLoRaA01S00,TotCasUpRaA01S00,DayCasMeRaA01S00,DayCasLoRaA01S00,DayCasUpRaA01S00,DayActMeRaA01S00,DayHosMeRaA01S00,DayVenMeRaA01S00,TotHosMeRaA01S00,DayCfrMeRaA01S00,DayCfrLoRaA01S00,DayCfrUpRaA01S00,DayDeMMeRaA01S00,DayCaMMeRaA01S00,DayCbDMeRaA01S00,DayDMuMeRaA01S00,DayBedMeSmA02S01,DayBedUpSmA02S01,DayBedLoSmA02S01,DayIcuMeSmA02S01,DayIcuUpSmA02S01,DayIcuLoSmA02S01,DayAdmMeSmA02S01,DayAdmUpSmA02S01,DayAdmLoSmA02S01,DayIcnMeSmA02S01,DayIcnUpSmA02S01,DayIcnLoSmA02S01,DayDeaMeRaA02S01,DayDeaLoRaA02S01,DayDeaUpRaA02S01,TotDeaMeRaA02S01,TotDeaLoRaA02S01,TotDeaUpRaA02S01,DayDeaMeSmA02S01,DayDeaLoSmA02S01,DayDeaUpSmA02S01,TotDeaMeSmA02S01,TotDeaLoSmA02S01,TotDeaUpSmA02S01,deaths_reported_mean,deaths_reported_lower,deaths_reported_upper,totdea_reported_mean,totdea_reported_lower,totdea_reported_upper,deaths_reported_mean_smoothed,deaths_reported_lower_smoothed,deaths_reported_upper_smoothed,totdea_reported_mean_smoothed,totdea_reported_lower_smoothed,totdea_reported_upper_smoothed,TotTesMeSmA02S01,DayINFMeRaA02S01,DayINFLoRaA02S01,DayINFUpRaA02S01,TotINFMeRaA02S01,TotINFUpRaA02S01,TotINFLoRaA02S01,DayDeaMeRaA02S02V04,DayDeaLoRaA02S02V04,DayDeaUpRaA02S02V04,TotDeaMeRaA02S02V04,TotDeaLoRaA02S02V04,TotDeaUpRaA02S02V04,DayDeaMeSmA02S02V04,DayDeaLoSmA02S02V04,DayDeaUpSmA02S02V04,TotDeaMeSmA02S02V04,TotDeaLoSmA02S02V04,TotDeaUpSmA02S02V04,TotTesMeSmA02S02V04,DayINFMeRaA02S02V04,DayINFLoRaA02S02V04,DayINFUpRaA02S02V04,TotINFMeRaA02S02V04,TotINFUpRaA02S02V04,TotINFLoRaA02S02V04,DayDeaMeRaA02S03V04,DayDeaLoRaA02S03V04,DayDeaUpRaA02S03V04,TotDeaMeRaA02S03V04,TotDeaLoRaA02S03V04,TotDeaUpRaA02S03V04,DayDeaMeSmA02S03V04,DayDeaLoSmA02S03V04,DayDeaUpSmA02S03V04,TotDeaMeSmA02S03V04,TotDeaLoSmA02S03V04,TotDeaUpSmA02S03V04,TotTesMeSmA02S03V04,DayINFMeRaA02S03V04,DayINFLoRaA02S03V04,DayINFUpRaA02S03V04,TotINFMeRaA02S03V04,TotINFUpRaA02S03V04,TotINFLoRaA02S03V04,deaths_mean_p100k_rate,deaths_lower_p100k_rate,deaths_upper_p100k_rate,totdea_mean_p100k_rate,totdea_lower_p100k_rate,totdea_upper_p100k_rate,deaths_mean_smoothed_p100k_rate,deaths_lower_smoothed_p100k_rate,deaths_upper_smoothed_p100k_rate,totdea_mean_smoothed_p100k_rate,totdea_lower_smoothed_p100k_rate,totdea_upper_smoothed_p100k_rate,deaths_reported_mean_p100k_rate,deaths_reported_lower_p100k_rate,deaths_reported_upper_p100k_rate,totdea_reported_mean_p100k_rate,totdea_reported_lower_p100k_rate,totdea_reported_upper_p100k_rate,deaths_reported_mean_smoothed_p1,deaths_reported_lower_smoothed_p,deaths_reported_upper_smoothed_p,totdea_reported_mean_smoothed_p1,totdea_reported_lower_smoothed_p,totdea_reported_upper_smoothed_p,confirmed_infections_p100k_rate,est_infections_mean_p100k_rate,est_infections_lower_p100k_rate,est_infections_upper_p100k_rate,DayIFRMeRaA02S01,DayIFRLoRaA02S01,DayIFRUpRaA02S01,DayIFRMeRaA02S02V04,DayIFRLoRaA02S02V04,DayIFRUpRaA02S02V04,DayIFRMeRaA02S03V04,DayIFRLoRaA02S03V04,DayIFRUpRaA02S03V04,DayDeMMeSmA02S01,DayCaMMeRaA02S01,DayIbDMeRaA02S01,DayDMuMeRaA02S01,TotDeaMeRaA03S01,TotDeaLoRaA03S01,TotDeaUpRaA03S01,TotDeaMeRaA03S02,TotDeaLoRaA03S02,TotDeaUpRaA03S02,TotDeaMeRaA03S03,TotDeaLoRaA03S03,TotDeaUpRaA03S03,TotDeaMeRaA03S04,TotDeaLoRaA03S04,TotDeaUpRaA03S04,TotDeaMeRaA03S05,TotDeaLoRaA03S05,TotDeaUpRaA03S05,TotDeaMeRaA03S06,TotDeaLoRaA03S06,TotDeaUpRaA03S06,DayDeaMeRaA03S01,DayDeaLoRaA03S01,DayDeaUpRaA03S01,DayDeaMeRaA03S02,DayDeaLoRaA03S02,DayDeaUpRaA03S02,DayDeaMeRaA03S03,DayDeaLoRaA03S03,DayDeaUpRaA03S03,DayDeaMeRaA03S04,DayDeaLoRaA03S04,DayDeaUpRaA03S04,DayDeaMeRaA03S05,DayDeaLoRaA03S05,DayDeaUpRaA03S05,DayDeaMeRaA03S06,DayDeaLoRaA03S06,DayDeaUpRaA03S06,TotINFMeRaA03S01,TotINFLoRaA03S01,TotINFUpRaA03S01,TotINFMeRaA03S02,TotINFLoRaA03S02,TotINFUpRaA03S02,TotINFMeRaA03S03,TotINFLoRaA03S03,TotINFUpRaA03S03,TotINFMeRaA03S04,TotINFLoRaA03S04,TotINFUpRaA03S04,TotINFMeRaA03S05,TotINFLoRaA03S05,TotINFUpRaA03S05,TotINFMeRaA03S06,TotINFLoRaA03S06,TotINFUpRaA03S06,DayINFMeRaA03S01,DayINFLoRaA03S01,DayINFUpRaA03S01,DayINFMeRaA03S02,DayINFLoRaA03S02,DayINFUpRaA03S02,DayINFMeRaA03S03,DayINFLoRaA03S03,DayINFUpRaA03S03,DayINFMeRaA03S04,DayINFLoRaA03S04,DayINFUpRaA03S04,DayINFMeRaA03S05,DayINFLoRaA03S05,DayINFUpRaA03S05,DayINFMeRaA03S06,DayINFLoRaA03S06,DayINFUpRaA03S06,DayHodLoRaA03S01,DayHodMeRaA03S01,DayHodUpRaA03S01,DayHodLoRaA03S02,DayHodMeRaA03S02,DayHodUpRaA03S02,DayHodLoRaA03S03,DayHodMeRaA03S03,DayHodUpRaA03S03,DayHodLoRaA03S04,DayHodMeRaA03S04,DayHodUpRaA03S04,DayHodLoRaA03S05,DayHodMeRaA03S05,DayHodUpRaA03S05,DayHodLoRaA03S06,DayHodMeRaA03S06,DayHodUpRaA03S06,DayHoiLoRaA03S01,DayHoiMeRaA03S01,DayHoiUpRaA03S01,DayHoiLoRaA03S02,DayHoiMeRaA03S02,DayHoiUpRaA03S02,DayHoiLoRaA03S03,DayHoiMeRaA03S03,DayHoiUpRaA03S03,DayHoiLoRaA03S04,DayHoiMeRaA03S04,DayHoiUpRaA03S04,DayHoiLoRaA03S05,DayHoiMeRaA03S05,DayHoiUpRaA03S05,DayHoiLoRaA03S06,DayHoiMeRaA03S06,DayHoiUpRaA03S06,DayIcdLoRaA03S01,DayIcdMeRaA03S01,DayIcdUpRaA03S01,DayIcdLoRaA03S02,DayIcdMeRaA03S02,DayIcdUpRaA03S02,DayIcdLoRaA03S03,DayIcdMeRaA03S03,DayIcdUpRaA03S03,DayIcdLoRaA03S04,DayIcdMeRaA03S04,DayIcdUpRaA03S04,DayIcdLoRaA03S05,DayIcdMeRaA03S05,DayIcdUpRaA03S05,DayIcdLoRaA03S06,DayIcdMeRaA03S06,DayIcdUpRaA03S06,DayIciLoRaA03S01,DayIciMeRaA03S01,DayIciUpRaA03S01,DayIciLoRaA03S02,DayIciMeRaA03S02,DayIciUpRaA03S02,DayIciLoRaA03S03,DayIciMeRaA03S03,DayIciUpRaA03S03,DayIciLoRaA03S04,DayIciMeRaA03S04,DayIciUpRaA03S04,DayIciLoRaA03S05,DayIciMeRaA03S05,DayIciUpRaA03S05,DayIciLoRaA03S06,DayIciMeRaA03S06,DayIciUpRaA03S06,DayPreLoRaA03S01,DayPreMeRaA03S01,DayPreUpRaA03S01,DayPreLoRaA03S02,DayPreMeRaA03S02,DayPreUpRaA03S02,DayPreLoRaA03S03,DayPreMeRaA03S03,DayPreUpRaA03S03,DayPreLoRaA03S04,DayPreMeRaA03S04,DayPreUpRaA03S04,DayPreLoRaA03S05,DayPreMeRaA03S05,DayPreUpRaA03S05,DayPreLoRaA03S06,DayPreMeRaA03S06,DayPreUpRaA03S06,DayRefLoRaA03S01,DayRefMeRaA03S01,DayRefUpRaA03S01,DayRefLoRaA03S02,DayRefMeRaA03S02,DayRefUpRaA03S02,DayRefLoRaA03S03,DayRefMeRaA03S03,DayRefUpRaA03S03,DayRefLoRaA03S04,DayRefMeRaA03S04,DayRefUpRaA03S04,DayRefLoRaA03S05,DayRefMeRaA03S05,DayRefUpRaA03S05,DayRefLoRaA03S06,DayRefMeRaA03S06,DayRefUpRaA03S06,DayRttLoRaA03S01,DayRttMeRaA03S01,DayRttUpRaA03S01,DayRttLoRaA03S02,DayRttMeRaA03S02,DayRttUpRaA03S02,DayRttLoRaA03S03,DayRttMeRaA03S03,DayRttUpRaA03S03,DayRttLoRaA03S04,DayRttMeRaA03S04,DayRttUpRaA03S04,DayRttLoRaA03S05,DayRttMeRaA03S05,DayRttUpRaA03S05,DayRttLoRaA03S06,DayRttMeRaA03S06,DayRttUpRaA03S06,DayIFRMeRaA03S01,DayIFRLoRaA03S01,DayIFRUpRaA03S01,DayIFRMeRaA03S02,DayIFRLoRaA03S02,DayIFRUpRaA03S02,DayIFRMeRaA03S03,DayIFRLoRaA03S03,DayIFRUpRaA03S03,DayIFRMeRaA03S04,DayIFRLoRaA03S04,DayIFRUpRaA03S04,DayIFRMeRaA03S05,DayIFRLoRaA03S05,DayIFRUpRaA03S05,DayIFRMeRaA03S06,DayIFRLoRaA03S06,DayIFRUpRaA03S06,DayDeMMeRaA03S02,DayCaMMeRaA03S02,DayIbDMeRaA03S02,DayDMuMeRaA03S02,TotDeaLoRaA04S00,TotDeaMeRaA04S00,TotDeaUpRaA04S00,DayDeaLoRaA04S00,DayDeaMeRaA04S00,DayDeaUpRaA04S00,TotCasLoRaA04S00,TotCasMeRaA04S00,TotCasUpRaA04S00,DayCasLoRaA04S00,DayCasMeRaA04S00,DayCasUpRaA04S00,DayCfrMeRaA04S00,DayCfrLoRaA04S00,DayCfrUpRaA04S00,DayDeMMeRaA04S00,DayCaMMeRaA04S00,DayCbDMeRaA04S00,DayDMuMeRaA04S00,TotCasUpRaA05S00,TotDeaMeRaA05S00,TotDeaLoRaA05S00,TotDeaUpRaA05S00,TotCasMeRaA05S00,TotCasLoRaA05S00,DayDeaMeRaA05S00,DayDeaLoRaA05S00,DayDeaUpRaA05S00,DayCasMeRaA05S00,DayCasLoRaA05S00,DayCasUpRaA05S00,DayCfrMeRaA05S00,DayCfrLoRaA05S00,DayCfrUpRaA05S00,DayDeMMeRaA05S00,DayCaMMeRaA05S00,DayCbDMeRaA05S00,DayDMuMeRaA05S00,DayCTDMeRaA00S00,TotCTDMeRaA00S00,DayCTDMeRaA01S00,TotCTDMeRaA01S00,DayITDMeRaA02S01,TotITDMeRaA02S01,DayITDMeRaA02S02,TotITDMeRaA02S02,DayITDMeRaA02S03,TotITDMeRaA02S03,DayITDMeRaA03S01,TotITDMeRaA03S01,DayITDMeRaA03S02,TotITDMeRaA03S02,DayITDMeRaA03S03,TotITDMeRaA03S03,DayCTDMeRaA04S00,TotCTDMeRaA04S00,DayCTDMeRaA05S00,TotCTDMeRaA05S00,DayDERMeRaA00S00,DayDERMeRaA01S00,DayDERMeRaA02S01,DayDERMeRaA02S02,DayDERMeRaA02S03,DayDERMeRaA03S01,DayDERMeRaA03S02,DayDERMeRaA03S03,DayDERMeRaA04S00,DayDERMeRaA05S00,DayCERMeRaA00S00,DayCERMeRaA01S00,DayIERMeRaA02S01,DayIERMeRaA02S02,DayIERMeRaA02S03,DayIERMeRaA03S01,DayIERMeRaA03S02,DayIERMeRaA03S03,DayCERMeRaA04S00,DayCERMeRaA05S00,TotDERMeRaA00S00,TotDERMeRaA01S00,TotDERMeRaA02S01,TotDERMeRaA02S02,TotDERMeRaA02S03,TotDERMeRaA03S01,TotDERMeRaA03S02,TotDERMeRaA03S03,TotDERMeRaA04S00,TotDERMeRaA05S00,TotCERMeRaA00S00,TotCERMeRaA01S00,TotIERMeRaA02S01,TotIERMeRaA02S02,TotIERMeRaA02S03,TotIERMeRaA03S01,TotIERMeRaA03S02,TotIERMeRaA03S03,TotCERMeRaA04S00,TotCERMeRaA05S00
01Jan2020,Iran,,,,,,,,,,,,,,,,,,,168.70255,6686.9453,39.637489,,,,,,,,,,,,,,,,,,,,,,,,,,,,,,,,,,,,,,,,,,,,,,,,,,,,,,,,,,,,,,,,,,,,,,,,,,,,,,,,,,,,,,,,,,,,,,,,,,,,,,,,,,,,,,,,,,,,,,,,,,,,,,,,,,,,,,,,,,,,,,,,,,,,,,,,,,,,,,,,,,,,,,,,,,,,,,,,,,,,,,,,,,,,,,,,,,,,,,,,,,,,,,,,,,,,,,,,,,,,,,,,,,,,,,,,,,,,,,,,,,,,,,,,,,,,,,,,,,,,,,,,,,,,,,,,,,,,,,,,,,,,,,,,,,,,,,,,,,,,,,,,,,,,,,,,,,,,,,,,,,,,,,,,,,,,,,,,,,,,,,,,,,,,,,,,,,,,,,,,,,,,,,,,,,,,,,,,,,,,,,,,,,,,,,,,,,,,,,,,,,,,,,,,,,,,,,,,,,,,,,,,,,,,,,,,,,,,,,,,,,,,,,,,,,,,,,,,,,,,,,,,
02Jan2020,Iran,,,,,,,,,,,,,,,,,,,168.70255,6686.9453,39.637489,,,,,,,,,,,,,,,,,,,,,,,,,,,,,,,,,,,,,,,,,,,,,,,,,,,,,,,,,,,,,,,,,,,,,,,,,,,,,,,,,,,,,,,,,,,,,,,,,,,,,,,,,,,,,,,,,,,,,,,,,,,,,,,,,,,,,,,,,,,,,,,,,,,,,,,,,,,,,,,,,,,,,,,,,,,,,,,,,,,,,,,0,0,0,0,0,0,0,0,0,0,0,0,0,0,0,0,0,0,0,0,0,0,0,0,0,0,0,0,0,0,0,0,0,0,0,0,0,0,0,0,0,0,0,0,0,0,0,0,0,0,0,0,0,0,0,0,0,0,0,0,0,0,0,0,0,0,0,0,0,0,0,0,0,0,0,0,0,0,0,0,0,0,0,0,0,0,0,0,0,0,0,0,0,0,0,0,0,0,0,0,0,0,0,0,0,0,0,0,5,5,5,5,5,5,5,5,5,5,5,5,5,5,5,5,5,5,4.0100002,4.1300001,4.2600002,4.0100002,4.1300001,4.2600002,4.0100002,4.1300001,4.2600002,4.0300002,4.1199999,4.1900001,4.0300002,4.1199999,4.1900001,4.0300002,4.1199999,4.1900001,4.0100002,4.1300001,4.2600002,4.0100002,4.1300001,4.2600002,4.0100002,4.1300001,4.2600002,4.0300002,4.1199999,4.1900001,4.0300002,4.1199999,4.1900001,4.0300002,4.1199999,4.1900001,,,,,,,,,,,,,,,,,,,189.98169,68157.422,358.75784,,,,,,,,,,,,,,,,,,,,,,,,,,,,,,,,,,,,,,,,,,,,,,,,,,,,,,,,,,,,,,,,,,,,,,,,,,,,,,,,,,,,,,,,,,,,,,,,,,,
03Jan2020,Iran,,,,,,,,,,,,,,,,,,,168.70255,6686.9453,39.637489,,,,,,,,,,,,,,,,,,,,,,,,,,,,,,,,,,,,,,,,,,,,,,,,,,,,,,,,,,,,,,,,,,,,,,,,,,,,,,,,,,,,,,,,,,,,,,,,,,,,,,,,,,,,,,,,,,,,,,,,,,,,,,,,,,,,,,,,,,,,,,,,,,,0,0,0,0,0,0,0,0,0,0,0,0,0,0,0,0,0,0,0,0,0,0,0,0,0,0,0,0,0,0,0,0,0,0,0,0,.62,.62,.62,.62,.62,.62,.62,.62,.62,.62,.62,.62,.62,.62,.62,.62,.62,.62,.62,.62,.62,.62,.62,.62,.62,.62,.62,.62,.62,.62,.62,.62,.62,.62,.62,.62,0,0,0,0,0,0,0,0,0,0,0,0,0,0,0,0,0,0,0,0,0,0,0,0,0,0,0,0,0,0,0,0,0,0,0,0,0,0,0,0,0,0,0,0,0,0,0,0,0,0,0,0,0,0,0,0,0,0,0,0,0,0,0,0,0,0,0,0,0,0,0,0,5.1700001,5.1700001,5.1799998,5.1700001,5.1700001,5.1799998,5.1700001,5.1700001,5.1799998,5.1700001,5.1700001,5.1799998,5.1700001,5.1700001,5.1799998,5.1700001,5.1700001,5.1799998,4.0100002,4.1300001,4.2600002,4.0100002,4.1300001,4.2600002,4.0100002,4.1300001,4.2600002,4.0300002,4.1199999,4.1900001,4.0300002,4.1199999,4.1900001,4.0300002,4.1199999,4.1900001,4.0100002,4.1300001,4.2600002,4.0100002,4.1300001,4.2600002,4.0100002,4.1300001,4.2600002,4.0300002,4.1199999,4.1900001,4.0300002,4.1199999,4.1900001,4.0300002,4.1199999,4.1900001,0,0,0,0,0,0,0,0,0,0,0,0,0,0,0,0,0,0,189.98169,68157.422,358.75784,0,,,,,,,,,,,,,,,,,,,,,,,,,,,,,,,,,,,,,,,,,,,,,,,,,,,,,,,,,,,,,,,,,,,,,,,,,,,,,,,,,,,,,,,,,,,,,,,,,,
04Jan2020,Iran,,,,,,,,,,,,,,,,,,,168.70255,6686.9453,39.637489,,,,,,,,,,,,,,,,,,,,,,,,,,,,,,,,,,,,,,,,,,,,,,,,,,,,,,,,,,,,,,,,,,,,,,,,,,,,,,,,,,,,,,,,,,,,,,,,,,,,,,,,,,,,,,,,,,,,,,,,,,,,,,,,,,,,,,,,,,,,,,,,,,,0,0,0,0,0,0,0,0,0,0,0,0,0,0,0,0,0,0,0,0,0,0,0,0,0,0,0,0,0,0,0,0,0,0,0,0,1.51,1.51,1.52,1.51,1.51,1.52,1.51,1.51,1.52,1.51,1.51,1.51,1.51,1.51,1.51,1.51,1.51,1.51,.88999999,.88999999,.88999999,.88999999,.88999999,.88999999,.88999999,.88999999,.88999999,.88999999,.88999999,.88999999,.88999999,.88999999,.88999999,.88999999,.88999999,.88999999,0,0,0,0,0,0,0,0,0,0,0,0,0,0,0,0,0,0,0,0,0,0,0,0,0,0,0,0,0,0,0,0,0,0,0,0,0,0,0,0,0,0,0,0,0,0,0,0,0,0,0,0,0,0,0,0,0,0,0,0,0,0,0,0,0,0,0,0,0,0,0,0,5.98,6.02,6.0599999,5.98,6.02,6.0599999,5.98,6.02,6.0599999,5.9899998,6.02,6.04,5.9899998,6.02,6.04,5.9899998,6.02,6.04,4.0100002,4.1300001,4.2600002,4.0100002,4.1300001,4.2600002,4.0100002,4.1300001,4.2600002,4.0300002,4.1199999,4.1900001,4.0300002,4.1199999,4.1900001,4.0300002,4.1199999,4.1900001,4.0100002,4.1300001,4.2600002,4.0100002,4.1300001,4.2600002,4.0100002,4.1300001,4.2600002,4.0300002,4.1199999,4.1900001,4.0300002,4.1199999,4.1900001,4.0300002,4.1199999,4.1900001,0,0,0,0,0,0,0,0,0,0,0,0,0,0,0,0,0,0,189.98169,68157.422,358.75784,0,,,,,,,,,,,,,,,,,,,,,,,,,,,,,,,,,,,,,,,,,,,,,,,,,,,,,,,,,,,,,,,,,,,,,,,,,,,,,,,,,,,,,,,,,,,,,,,,,,
05Jan2020,Iran,,,,,,,,,,,,,,,,,,,168.70255,6686.9453,39.637489,,,,,,,,,,,,,,,,,,,,,,,,,,,,,,,,,,,,,,,,,,,,,,,,,,,,,,,,,,,,,,,,,,,,,,,,,,,,,,,,,,,,,,,,,,,,,,,,,,,,,,,,,,,,,,,,,,,,,,,,,,,,,,,,,,,,,,,,,,,,,,,,,,,0,0,0,0,0,0,0,0,0,0,0,0,0,0,0,0,0,0,0,0,0,0,0,0,0,0,0,0,0,0,0,0,0,0,0,0,2.6199999,2.5999999,2.6300001,2.6199999,2.5999999,2.6300001,2.6199999,2.5999999,2.6300001,2.6199999,2.6099999,2.6199999,2.6199999,2.6099999,2.6199999,2.6199999,2.6099999,2.6199999,1.1,1.09,1.11,1.1,1.09,1.11,1.1,1.09,1.11,1.1,1.1,1.11,1.1,1.1,1.11,1.1,1.1,1.11,0,0,0,0,0,0,0,0,0,0,0,0,0,0,0,0,0,0,0,0,0,0,0,0,0,0,0,0,0,0,0,0,0,0,0,0,0,0,0,0,0,0,0,0,0,0,0,0,0,0,0,0,0,0,0,0,0,0,0,0,0,0,0,0,0,0,0,0,0,0,0,0,7.5300002,7.6300001,7.75,7.5300002,7.6300001,7.75,7.5300002,7.6300001,7.75,7.5500002,7.6199999,7.6900001,7.5500002,7.6199999,7.6900001,7.5500002,7.6199999,7.6900001,4.0100002,4.1300001,4.2600002,4.0100002,4.1300001,4.2600002,4.0100002,4.1300001,4.2600002,4.0300002,4.1199999,4.1900001,4.0300002,4.1199999,4.1900001,4.0300002,4.1199999,4.1900001,4.0100002,4.1300001,4.2600002,4.0100002,4.1300001,4.2600002,4.0100002,4.1300001,4.2600002,4.0300002,4.1199999,4.1900001,4.0300002,4.1199999,4.1900001,4.0300002,4.1199999,4.1900001,0,0,0,0,0,0,0,0,0,0,0,0,0,0,0,0,0,0,189.98169,68157.422,358.75784,0,,,,,,,,,,,,,,,,,,,,,,,,,,,,,,,,,,,,,,,,,,,,,,,,,,,,,,,,,,,,,,,,,,,,,,,,,,,,,,,,,,,,,,,,,,,,,,,,,,
06Jan2020,Iran,,,,,,,,,,,,,,,,,,,168.70255,6686.9453,39.637489,,,,,,,,,,,,,,,,,,,,,,,,,,,,,,,,,,,,,,,,,,,,,,,,,,,,,,,,,,,,,,,,,,,,,,,,,,,,,,,,,,,,,,,,,,,,,,,,,,,,,,,,,,,,,,,,,,,,,,,,,,,,,,,,,,,,,,,,,,,,,,,,,,,0,0,0,0,0,0,0,0,0,0,0,0,0,0,0,0,0,0,0,0,0,0,0,0,0,0,0,0,0,0,0,0,0,0,0,0,4,3.97,4.04,4,3.97,4.04,4,3.97,4.04,4,3.97,4.02,4,3.97,4.02,4,3.97,4.02,1.39,1.36,1.41,1.39,1.36,1.41,1.39,1.36,1.41,1.38,1.37,1.4,1.38,1.37,1.4,1.38,1.37,1.4,.0099999998,.0099999998,.0099999998,.0099999998,.0099999998,.0099999998,.0099999998,.0099999998,.0099999998,.0099999998,.0099999998,.0099999998,.0099999998,.0099999998,.0099999998,.0099999998,.0099999998,.0099999998,.0099999998,.0099999998,.0099999998,.0099999998,.0099999998,.0099999998,.0099999998,.0099999998,.0099999998,.0099999998,.0099999998,.0099999998,.0099999998,.0099999998,.0099999998,.0099999998,.0099999998,.0099999998,0,0,0,0,0,0,0,0,0,0,0,0,0,0,0,0,0,0,0,0,0,0,0,0,0,0,0,0,0,0,0,0,0,0,0,0,9.79,10,10.23,9.79,10,10.23,9.79,10,10.23,9.8199997,9.9799995,10.1,9.8199997,9.9799995,10.1,9.8199997,9.9799995,10.1,4.0100002,4.1300001,4.2600002,4.0100002,4.1300001,4.2600002,4.0100002,4.1300001,4.2600002,4.0300002,4.1100001,4.1900001,4.0300002,4.1100001,4.1900001,4.0300002,4.1100001,4.1900001,4.0100002,4.1300001,4.2600002,4.0100002,4.1300001,4.2600002,4.0100002,4.1300001,4.2600002,4.0300002,4.1100001,4.1900001,4.0300002,4.1100001,4.1900001,4.0300002,4.1100001,4.1900001,0,0,0,0,0,0,0,0,0,0,0,0,0,0,0,0,0,0,189.98169,68157.422,358.75784,0,,,,,,,,,,,,,,,,,,,,,,,,,,,,,,,,,,,,,,,,,,,,,,,,,,,,,,,,,,,,,,,,,,,,,,,,,,,,,,,,,,,,,,,,,,,,,,,,,,
07Jan2020,Iran,,,,,,,,,,,,,,,,,,,168.70255,6686.9453,39.637489,,,,,,,,,,,,,,,,,,,,,,,,,,,,,,,,,,,,,,,,,,,,,,,,,,,,,,,,,,,,,,,,,,,,,,,,,,,,,,,,,,,,,,,,,,,,,,,,,,,,,,,,,,,,,,,,,,,,,,,,,,,,,,,,,,,,,,,,,,,,,,,,,,,0,0,0,0,0,0,0,0,0,0,0,0,0,0,0,0,0,0,0,0,0,0,0,0,0,0,0,0,0,0,0,0,0,0,0,0,5.79,5.7199998,5.8800001,5.79,5.7199998,5.8800001,5.79,5.7199998,5.8800001,5.79,5.73,5.8400002,5.79,5.73,5.8400002,5.79,5.73,5.8400002,1.79,1.75,1.84,1.79,1.75,1.84,1.79,1.75,1.84,1.79,1.75,1.8099999,1.79,1.75,1.8099999,1.79,1.75,1.8099999,.0099999998,.0099999998,.0099999998,.0099999998,.0099999998,.0099999998,.0099999998,.0099999998,.0099999998,.0099999998,.0099999998,.0099999998,.0099999998,.0099999998,.0099999998,.0099999998,.0099999998,.0099999998,.0099999998,.0099999998,.0099999998,.0099999998,.0099999998,.0099999998,.0099999998,.0099999998,.0099999998,.0099999998,.0099999998,.0099999998,.0099999998,.0099999998,.0099999998,.0099999998,.0099999998,.0099999998,0,0,0,0,0,0,0,0,0,0,0,0,0,0,0,0,0,0,0,0,0,0,0,0,0,0,0,0,0,0,0,0,0,0,0,0,12.81,13.17,13.58,12.81,13.17,13.58,12.81,13.17,13.58,12.86,13.13,13.36,12.86,13.13,13.36,12.86,13.13,13.36,4.0100002,4.1300001,4.2600002,4.0100002,4.1300001,4.2600002,4.0100002,4.1300001,4.2600002,4.0300002,4.1100001,4.1900001,4.0300002,4.1100001,4.1900001,4.0300002,4.1100001,4.1900001,4.0100002,4.1300001,4.2600002,4.0100002,4.1300001,4.2600002,4.0100002,4.1300001,4.2600002,4.0300002,4.1100001,4.1900001,4.0300002,4.1100001,4.1900001,4.0300002,4.1100001,4.1900001,0,0,0,0,0,0,0,0,0,0,0,0,0,0,0,0,0,0,189.98169,68157.422,358.75784,0,,,,,,,,,,,,,,,,,,,,,,,,,,,,,,,,,,,,,,,,,,,,,,,,,,,,,,,,,,,,,,,,,,,,,,,,,,,,,,,,,,,,,,,,,,,,,,,,,,
08Jan2020,Iran,,,,,,,,,,,,,,,,,,,168.70255,6686.9453,39.637489,,,,,,,,,,,,,,,,,,,,,,,,,,,,,,,,,,,,,,,,,,,,,,,,,,,,,,,,,,,,,,,,,,,,,,,,,,,,,,,,,,,,,,,,,,,,,,,,,,,,,,,,,,,,,,,,,,,,,,,,,,,,,,,,,,,,,,,,,,,,,,,,,,,0,0,0,0,0,0,0,0,0,0,0,0,0,0,0,0,0,0,0,0,0,0,0,0,0,0,0,0,0,0,0,0,0,0,0,0,8.1300001,7.9899998,8.3100004,8.1300001,7.9899998,8.3100004,8.1300001,7.9899998,8.3100004,8.1199999,8.0100002,8.2200003,8.1199999,8.0100002,8.2200003,8.1199999,8.0100002,8.2200003,2.3399999,2.27,2.4200001,2.3399999,2.27,2.4200001,2.3399999,2.27,2.4200001,2.3299999,2.28,2.3800001,2.3299999,2.28,2.3800001,2.3299999,2.28,2.3800001,.02,.02,.02,.02,.02,.02,.02,.02,.02,.02,.02,.02,.02,.02,.02,.02,.02,.02,.0099999998,.0099999998,.0099999998,.0099999998,.0099999998,.0099999998,.0099999998,.0099999998,.0099999998,.0099999998,.0099999998,.0099999998,.0099999998,.0099999998,.0099999998,.0099999998,.0099999998,.0099999998,.0099999998,.0099999998,.0099999998,.0099999998,.0099999998,.0099999998,.0099999998,.0099999998,.0099999998,.0099999998,.0099999998,.0099999998,.0099999998,.0099999998,.0099999998,.0099999998,.0099999998,.0099999998,0,0,0,0,0,0,0,0,0,0,0,0,0,0,0,0,0,0,16.74,17.32,18,16.74,17.32,18,16.74,17.32,18,16.83,17.27,17.639999,16.83,17.27,17.639999,16.83,17.27,17.639999,4.0100002,4.1300001,4.2600002,4.0100002,4.1300001,4.2600002,4.0100002,4.1300001,4.2600002,4.0300002,4.1100001,4.1900001,4.0300002,4.1100001,4.1900001,4.0300002,4.1100001,4.1900001,4.0100002,4.1300001,4.2600002,4.0100002,4.1300001,4.2600002,4.0100002,4.1300001,4.2600002,4.0300002,4.1100001,4.1900001,4.0300002,4.1100001,4.1900001,4.0300002,4.1100001,4.1900001,0,0,0,0,0,0,0,0,0,0,0,0,0,0,0,0,0,0,189.98169,68157.422,358.75784,0,,,,,,,,,,,,,,,,,,,,,,,,,,,,,,,,,,,,,,,,,,,,,,,,,,,,,,,,,,,,,,,,,,,,,,,,,,,,,,,,,,,,,,,,,,,,,,,,,,
09Jan2020,Iran,,,,,,,,,,,,,,,,,,,168.70255,6686.9453,39.637489,,,,,,,,,,,,,,,,,,,,,,,,,,,,,,,,,,,,,,,,,,,,,,,,,,,,,,,,,,,,,,,,,,,,,,,,,,,,,,,,,,,,,,,,,,,,,,,,,,,,,,,,,,,,,,,,,,,,,,,,,,,,,,,,,,,,,,,,,,,,,,,,,,,0,0,0,0,0,0,0,0,0,0,0,0,0,0,0,0,0,0,0,0,0,0,0,0,0,0,0,0,0,0,0,0,0,0,0,0,11.21,10.95,11.51,11.21,10.95,11.51,11.21,10.95,11.51,11.18,10.98,11.35,11.18,10.98,11.35,11.18,10.98,11.35,3.0699999,2.96,3.2,3.0699999,2.96,3.2,3.0699999,2.96,3.2,3.0599999,2.98,3.1300001,3.0599999,2.98,3.1300001,3.0599999,2.98,3.1300001,.029999999,.029999999,.029999999,.029999999,.029999999,.029999999,.029999999,.029999999,.029999999,.029999999,.029999999,.029999999,.029999999,.029999999,.029999999,.029999999,.029999999,.029999999,.02,.02,.02,.02,.02,.02,.02,.02,.02,.02,.02,.02,.02,.02,.02,.02,.02,.02,.0099999998,.0099999998,.0099999998,.0099999998,.0099999998,.0099999998,.0099999998,.0099999998,.0099999998,.0099999998,.0099999998,.0099999998,.0099999998,.0099999998,.0099999998,.0099999998,.0099999998,.0099999998,0,0,0,0,0,0,0,0,0,0,0,0,0,0,0,0,0,0,21.84,22.75,23.82,21.84,22.75,23.82,21.84,22.75,23.82,21.98,22.66,23.25,21.98,22.66,23.25,21.98,22.66,23.25,4.0100002,4.1300001,4.2600002,4.0100002,4.1300001,4.2600002,4.0100002,4.1300001,4.2600002,4.0300002,4.1100001,4.1900001,4.0300002,4.1100001,4.1900001,4.0300002,4.1100001,4.1900001,4.0100002,4.1300001,4.2600002,4.0100002,4.1300001,4.2600002,4.0100002,4.1300001,4.2600002,4.0300002,4.1100001,4.1900001,4.0300002,4.1100001,4.1900001,4.0300002,4.1100001,4.1900001,0,0,0,0,0,0,0,0,0,0,0,0,0,0,0,0,0,0,189.98169,68157.422,358.75784,0,,,,,,,,,,,,,,,,,,,,,,,,,,,,,,,,,,,,,,,,,,,,,,,,,,,,,,,,,,,,,,,,,,,,,,,,,,,,,,,,,,,,,,,,,,,,,,,,,,
10Jan2020,Iran,,,,,,,,,,,,,,,,,,,168.70255,6686.9453,39.637489,,,,,,,,,,,,,,,,,,,,,,,,,,,,,,,,,,,,,,,,,,,,,,,,,,,,,,,,,,,,,,,,,,,,,,,,,,,,,,,,,,,,,,,,,,,,,,,,,,,,,,,,,,,,,,,,,,,,,,,,,,,,,,,,,,,,,,,,,,,,,,,,,,,0,0,0,0,0,0,0,0,0,0,0,0,0,0,0,0,0,0,0,0,0,0,0,0,0,0,0,0,0,0,0,0,0,0,0,0,15.24,14.8,15.75,15.24,14.8,15.75,15.24,14.8,15.75,15.2,14.87,15.48,15.2,14.87,15.48,15.2,14.87,15.48,4.0300002,3.8599999,4.2399998,4.0300002,3.8599999,4.2399998,4.0300002,3.8599999,4.2399998,4.0100002,3.8800001,4.1300001,4.0100002,3.8800001,4.1300001,4.0100002,3.8800001,4.1300001,.050000001,.050000001,.050000001,.050000001,.050000001,.050000001,.050000001,.050000001,.050000001,.050000001,.050000001,.050000001,.050000001,.050000001,.050000001,.050000001,.050000001,.050000001,.02,.02,.02,.02,.02,.02,.02,.02,.02,.02,.02,.02,.02,.02,.02,.02,.02,.02,.02,.02,.02,.02,.02,.02,.02,.02,.02,.02,.02,.02,.02,.02,.02,.02,.02,.02,.0099999998,.0099999998,.0099999998,.0099999998,.0099999998,.0099999998,.0099999998,.0099999998,.0099999998,.0099999998,.0099999998,.0099999998,.0099999998,.0099999998,.0099999998,.0099999998,.0099999998,.0099999998,28.469999,29.85,31.48,28.469999,29.85,31.48,28.469999,29.85,31.48,28.67,29.719999,30.610001,28.67,29.719999,30.610001,28.67,29.719999,30.610001,4.0100002,4.1300001,4.2600002,4.0100002,4.1300001,4.2600002,4.0100002,4.1300001,4.2600002,4.0300002,4.1100001,4.1900001,4.0300002,4.1100001,4.1900001,4.0300002,4.1100001,4.1900001,4.0100002,4.1300001,4.2600002,4.0100002,4.1300001,4.2600002,4.0100002,4.1300001,4.2600002,4.0300002,4.1100001,4.1900001,4.0300002,4.1100001,4.1900001,4.0300002,4.1100001,4.1900001,0,0,0,0,0,0,0,0,0,0,0,0,0,0,0,0,0,0,189.98169,68157.422,358.75784,0,,,,,,,,,,,,,,,,,,,,,,,,,,,,,,,,,,,,,,,,,,,,,,,,,,,,,,,,,,,,,,,,,,,,,,,,,,,,,,,,,,,,,,,,,,,,,,,,,,
11Jan2020,Iran,,,,,,,,,,,,,,,,,,,168.70255,6686.9453,39.637489,,,,,,,,,,,,,,,,,,,,,,,,,,,,,,,,,,,,,,,,,,,,,,,,,,,,,,,,,,,,,,,,,,,,,,,,,,,,,,,,,,,,,,,,,,,,,,,,,,,,,,,,,,,,,,,,,,,,,,,,,,,,,,,,,,,,,,,,,,,,,,,,,,,0,0,0,0,0,0,0,0,0,0,0,0,0,0,0,0,0,0,0,0,0,0,0,0,0,0,0,0,0,0,0,0,0,0,0,0,20.530001,19.82,21.34,20.530001,19.82,21.34,20.530001,19.82,21.34,20.459999,19.93,20.91,20.459999,19.93,20.91,20.459999,19.93,20.91,5.29,5.02,5.5999999,5.29,5.02,5.5999999,5.29,5.02,5.5999999,5.2600002,5.0599999,5.4299998,5.2600002,5.0599999,5.4299998,5.2600002,5.0599999,5.4299998,.07,.07,.07,.07,.07,.07,.07,.07,.07,.07,.07,.07,.07,.07,.07,.07,.07,.07,.029999999,.029999999,.029999999,.029999999,.029999999,.029999999,.029999999,.029999999,.029999999,.029999999,.029999999,.029999999,.029999999,.029999999,.029999999,.029999999,.029999999,.029999999,.02,.02,.02,.02,.02,.02,.02,.02,.02,.02,.02,.02,.02,.02,.02,.02,.02,.02,.0099999998,.0099999998,.0099999998,.0099999998,.0099999998,.0099999998,.0099999998,.0099999998,.0099999998,.0099999998,.0099999998,.0099999998,.0099999998,.0099999998,.0099999998,.0099999998,.0099999998,.0099999998,37.049999,39.119999,41.57,37.049999,39.119999,41.57,37.049999,39.119999,41.57,37.360001,38.919998,40.27,37.360001,38.919998,40.27,37.360001,38.919998,40.27,3.1900001,3.3099999,3.3900001,3.1900001,3.3099999,3.3900001,3.1900001,3.3099999,3.3900001,3.1800001,3.3099999,3.4100001,3.1800001,3.3099999,3.4100001,3.1800001,3.3099999,3.4100001,3.1900001,3.3099999,3.3900001,3.1900001,3.3099999,3.3900001,3.1900001,3.3099999,3.3900001,3.1800001,3.3099999,3.4100001,3.1800001,3.3099999,3.4100001,3.1800001,3.3099999,3.4100001,0,0,0,0,0,0,0,0,0,0,0,0,0,0,0,0,0,0,189.98169,68157.422,358.75784,0,,,,,,,,,,,,,,,,,,,,,,,,,,,,,,,,,,,,,,,,,,,,,,,,,,,,,,,,,,,,,,,,,,,,,,,,,,,,,,,,,,,,,,,,,,,,,,,,,,
12Jan2020,Iran,,,,,,,,,,,,,,,,,,,168.70255,6686.9453,39.637489,,,,,,,,,,,,,,,,,,,,,,,,,,,,,,,,,,,,,,,,,,,,,,,,,,,,,,,,,,,,,,,,,,,,,,,,,,,,,,,,,,,,,,,,,,,,,,,,,,,,,,,,,,,,,,,,,,,,,,,,,,,,,,,,,,,,,,,,,,,,,,,,,,,0,0,0,0,0,0,0,0,0,0,0,0,0,0,0,0,0,0,0,0,0,0,0,0,0,0,0,0,0,0,0,0,0,0,0,0,27.23,26.18,28.48,27.23,26.18,28.48,27.23,26.18,28.48,27.129999,26.34,27.799999,27.129999,26.34,27.799999,27.129999,26.34,27.799999,6.71,6.3499999,7.1399999,6.71,6.3499999,7.1399999,6.71,6.3499999,7.1399999,6.6700001,6.4099998,6.9000001,6.6700001,6.4099998,6.9000001,6.6700001,6.4099998,6.9000001,.1,.1,.1,.1,.1,.1,.1,.1,.1,.1,.1,.1,.1,.1,.1,.1,.1,.1,.039999999,.039999999,.039999999,.039999999,.039999999,.039999999,.039999999,.039999999,.039999999,.039999999,.039999999,.039999999,.039999999,.039999999,.039999999,.039999999,.039999999,.039999999,.029999999,.029999999,.029999999,.029999999,.029999999,.029999999,.029999999,.029999999,.029999999,.029999999,.029999999,.029999999,.029999999,.029999999,.029999999,.029999999,.029999999,.029999999,.0099999998,.0099999998,.0099999998,.0099999998,.0099999998,.0099999998,.0099999998,.0099999998,.0099999998,.0099999998,.0099999998,.0099999998,.0099999998,.0099999998,.0099999998,.0099999998,.0099999998,.0099999998,45.529999,48.07,51.259998,45.529999,48.07,51.259998,45.529999,48.07,51.259998,45.939999,47.830002,49.540001,45.939999,47.830002,49.540001,45.939999,47.830002,49.540001,3.1900001,3.3099999,3.3900001,3.1900001,3.3099999,3.3900001,3.1900001,3.3099999,3.3900001,3.1800001,3.3099999,3.4100001,3.1800001,3.3099999,3.4100001,3.1800001,3.3099999,3.4100001,3.1900001,3.3099999,3.3900001,3.1900001,3.3099999,3.3900001,3.1900001,3.3099999,3.3900001,3.1800001,3.3099999,3.4100001,3.1800001,3.3099999,3.4100001,3.1800001,3.3099999,3.4100001,0,0,0,0,0,0,0,0,0,0,0,0,0,0,0,0,0,0,189.98169,68157.422,358.75784,0,,,,,,,,,,,,,,,,,,,,,,,,,,,,,,,,,,,,,,,,,,,,,,,,,,,,,,,,,,,,,,,,,,,,,,,,,,,,,,,,,,,,,,,,,,,,,,,,,,
13Jan2020,Iran,,,,,,,,,,,,,,,,,,,168.70255,6686.9453,39.637489,,,,,,,,,,,,,,,,,,,,,,,,,,,,,,,,,,,,,,,,,,,,,,,,,,,,,,,,,,,,,,,,,,,,,,,,,,,,,,,,,,,,,,,,,,,,,,,,,,,,,,,,,,,,,,,,,,,,,,,,,,,,,,,,,,,,,,,,,,,,,,,,,,,0,0,0,0,0,0,0,0,0,0,0,0,0,0,0,0,0,0,0,0,0,0,0,0,0,0,0,0,0,0,0,0,0,0,0,0,35.540001,34.029999,37.360001,35.540001,34.029999,37.360001,35.540001,34.029999,37.360001,35.389999,34.27,36.349998,35.389999,34.27,36.349998,35.389999,34.27,36.349998,8.3100004,7.8600001,8.8800001,8.3100004,7.8600001,8.8800001,8.3100004,7.8600001,8.8800001,8.2600002,7.9299998,8.5900002,8.2600002,7.9299998,8.5900002,8.2600002,7.9299998,8.5900002,.13,.13,.14,.13,.13,.14,.13,.13,.14,.13,.13,.14,.13,.13,.14,.13,.13,.14,.050000001,.050000001,.050000001,.050000001,.050000001,.050000001,.050000001,.050000001,.050000001,.050000001,.050000001,.050000001,.050000001,.050000001,.050000001,.050000001,.050000001,.050000001,.039999999,.039999999,.039999999,.039999999,.039999999,.039999999,.039999999,.039999999,.039999999,.039999999,.039999999,.039999999,.039999999,.039999999,.039999999,.039999999,.039999999,.039999999,.0099999998,.0099999998,.0099999998,.0099999998,.0099999998,.0099999998,.0099999998,.0099999998,.0099999998,.0099999998,.0099999998,.0099999998,.0099999998,.0099999998,.0099999998,.0099999998,.0099999998,.0099999998,56.290001,59.560001,63.77,56.290001,59.560001,63.77,56.290001,59.560001,63.77,56.880001,59.27,61.799999,56.880001,59.27,61.799999,56.880001,59.27,61.799999,3.1900001,3.3099999,3.3900001,3.1900001,3.3099999,3.3900001,3.1900001,3.3099999,3.3900001,3.1800001,3.3099999,3.4100001,3.1800001,3.3099999,3.4100001,3.1800001,3.3099999,3.4100001,3.1900001,3.3099999,3.3900001,3.1900001,3.3099999,3.3900001,3.1900001,3.3099999,3.3900001,3.1800001,3.3099999,3.4100001,3.1800001,3.3099999,3.4100001,3.1800001,3.3099999,3.4100001,0,0,0,0,0,0,0,0,0,0,0,0,0,0,0,0,0,0,189.98169,68157.422,358.75784,0,,,,,,,,,,,,,,,,,,,,,,,,,,,,,,,,,,,,,,,,,,,,,,,,,,,,,,,,,,,,,,,,,,,,,,,,,,,,,,,,,,,,,,,,,,,,,,,,,,
14Jan2020,Iran,,,,,,,,,,,,,,,,,,,168.70255,6686.9453,39.637489,,,,,,,,,,,,,,,,,,,,,,,,,,,,,,,,,,,,,,,,,,,,,,,,,,,,,,,,,,,,,,,,,,,,,,,,,,,,,,,,,,,,,,,,,,,,,,,,,,,,,,,,,,,,,,,,,,,,,,,,,,,,,,,,,,,,,,,,,,,,,,,,,,,.0099999998,.0099999998,.0099999998,.0099999998,.0099999998,.0099999998,.0099999998,.0099999998,.0099999998,.0099999998,.0099999998,.0099999998,.0099999998,.0099999998,.0099999998,.0099999998,.0099999998,.0099999998,0,0,0,0,0,0,0,0,0,0,0,0,0,0,0,0,0,0,45.810001,43.75,48.389999,45.810001,43.75,48.389999,45.810001,43.75,48.389999,45.619999,44.07,47,45.619999,44.07,47,45.619999,44.07,47,10.28,9.6899996,11.03,10.28,9.6899996,11.03,10.28,9.6899996,11.03,10.22,9.8000002,10.7,10.22,9.8000002,10.7,10.22,9.8000002,10.7,.17,.18000001,.19,.17,.18000001,.19,.17,.18000001,.19,.17,.18000001,.18000001,.17,.18000001,.18000001,.17,.18000001,.18000001,.059999999,.059999999,.07,.059999999,.059999999,.07,.059999999,.059999999,.07,.059999999,.059999999,.059999999,.059999999,.059999999,.059999999,.059999999,.059999999,.059999999,.050000001,.059999999,.059999999,.050000001,.059999999,.059999999,.050000001,.059999999,.059999999,.050000001,.059999999,.059999999,.050000001,.059999999,.059999999,.050000001,.059999999,.059999999,.02,.02,.02,.02,.02,.02,.02,.02,.02,.02,.02,.02,.02,.02,.02,.02,.02,.02,69.720001,74.040001,79.519997,69.720001,74.040001,79.519997,69.720001,74.040001,79.519997,70.580002,73.68,77.470001,70.580002,73.68,77.470001,70.580002,73.68,77.470001,3.1900001,3.3099999,3.3900001,3.1900001,3.3099999,3.3900001,3.1900001,3.3099999,3.3900001,3.1800001,3.3099999,3.4100001,3.1800001,3.3099999,3.4100001,3.1800001,3.3099999,3.4100001,3.1900001,3.3099999,3.3900001,3.1900001,3.3099999,3.3900001,3.1900001,3.3099999,3.3900001,3.1800001,3.3099999,3.4100001,3.1800001,3.3099999,3.4100001,3.1800001,3.3099999,3.4100001,0,0,0,0,0,0,0,0,0,0,0,0,0,0,0,0,0,0,189.98169,68157.422,358.75784,0,,,,,,,,,,,,,,,,,,,,,,,,,,,,,,,,,,,,,,,,,,,,,,,,,,4581,,4581,,4581,,,,,,,,,,,,,,,,,,,,,,,,,,,,,,,,,,,,,,,,,,,,
15Jan2020,Iran,,,,,,,,,,,,,,,,,,,168.70255,6686.9453,39.637489,,,,,,,,,,,,,,,,,,,,,,,,,,,,,,,,,,,,,,,,,,,,,,,,,,,,,,,,,,,,,,,,,,,,,,,,,,,,,,,,,,,,,,,,,,,,,,,,,,,,,,,,,,,,,,,,,,,,,,,,,,,,,,,,,,,,,,,,,,,,,,,,,,,.0099999998,.0099999998,.0099999998,.0099999998,.0099999998,.0099999998,.0099999998,.0099999998,.0099999998,.0099999998,.0099999998,.0099999998,.0099999998,.0099999998,.0099999998,.0099999998,.0099999998,.0099999998,0,0,0,0,0,0,0,0,0,0,0,0,0,0,0,0,0,0,58.560001,55.77,62.139999,58.560001,55.77,62.139999,58.560001,55.77,62.139999,58.299999,56.23,60.360001,58.299999,56.23,60.360001,58.299999,56.23,60.360001,12.75,11.97,13.69,12.75,11.97,13.69,12.75,11.97,13.69,12.68,12.13,13.4,12.68,12.13,13.4,12.68,12.13,13.4,.23,.23999999,.25,.23,.23999999,.25,.23,.23999999,.25,.23,.23,.23999999,.23,.23,.23999999,.23,.23,.23999999,.07,.079999998,.079999998,.07,.079999998,.079999998,.07,.079999998,.079999998,.079999998,.079999998,.079999998,.079999998,.079999998,.079999998,.079999998,.079999998,.079999998,.07,.07,.079999998,.07,.07,.079999998,.07,.07,.079999998,.07,.07,.079999998,.07,.07,.079999998,.07,.07,.079999998,.02,.02,.02,.02,.02,.02,.02,.02,.02,.02,.02,.02,.02,.02,.02,.02,.02,.02,86.410004,92.110001,98.93,86.410004,92.110001,98.93,86.410004,92.110001,98.93,87.629997,91.660004,97.260002,87.629997,91.660004,97.260002,87.629997,91.660004,97.260002,3.1900001,3.3099999,3.3900001,3.1900001,3.3099999,3.3900001,3.1900001,3.3099999,3.3900001,3.1800001,3.3099999,3.4100001,3.1800001,3.3099999,3.4100001,3.1800001,3.3099999,3.4100001,3.1900001,3.3099999,3.3900001,3.1900001,3.3099999,3.3900001,3.1900001,3.3099999,3.3900001,3.1800001,3.3099999,3.4100001,3.1800001,3.3099999,3.4100001,3.1800001,3.3099999,3.4100001,0,0,0,0,0,0,0,0,0,0,0,0,0,0,0,0,0,0,189.98169,68157.422,358.75784,0,,,,,,,,,,,,,,,,,,,,,,,,,,,,,,,,,,,,,,,,,,,,,,,,,,5856.0005,,5856.0005,,5856.0005,,,,,,,,,,,,,,,,,,,,,,,,,,,,,,,,,,,,,,,,,,,,
16Jan2020,Iran,,,,,,,,,,,,,,,,,,,168.70255,6686.9453,39.637489,,,,,,,,,,,,,,,,,,,,,,,,,,,,,,,,,,,,,,,,,,,,,,,,,,,,,,,,,,,,,,,,,,,,,,,,,,,,,,,,,,,,,,,,,,,,,,,,,,,,,,,,,,,,,,,,,,,,,,,,,,,,,,,,,,,,,,,,,,,,,,,,,,,.0099999998,.0099999998,.0099999998,.0099999998,.0099999998,.0099999998,.0099999998,.0099999998,.0099999998,.0099999998,.0099999998,.0099999998,.0099999998,.0099999998,.0099999998,.0099999998,.0099999998,.0099999998,0,0,0,0,0,0,0,0,0,0,0,0,0,0,0,0,0,0,74.400002,70.599998,79.290001,74.400002,70.599998,79.290001,74.400002,70.599998,79.290001,74.059998,71.290001,77.080002,74.059998,71.290001,77.080002,74.059998,71.290001,77.080002,15.84,14.82,17.030001,15.84,14.82,17.030001,15.84,14.82,17.030001,15.76,15.04,16.809999,15.76,15.04,16.809999,15.76,15.04,16.809999,.28999999,.31,.31999999,.28999999,.31,.31999999,.28999999,.31,.31999999,.30000001,.31,.31,.30000001,.31,.31,.30000001,.31,.31,.090000004,.1,.11,.090000004,.1,.11,.090000004,.1,.11,.090000004,.1,.1,.090000004,.1,.1,.090000004,.1,.1,.090000004,.1,.1,.090000004,.1,.1,.090000004,.1,.1,.090000004,.1,.1,.090000004,.1,.1,.090000004,.1,.1,.029999999,.029999999,.029999999,.029999999,.029999999,.029999999,.029999999,.029999999,.029999999,.029999999,.029999999,.029999999,.029999999,.029999999,.029999999,.029999999,.029999999,.029999999,107.1,114.59,123.31,107.1,114.59,123.31,107.1,114.59,123.31,108.63,114.04,122.1,108.63,114.04,122.1,108.63,114.04,122.1,3.1900001,3.3099999,3.3900001,3.1900001,3.3099999,3.3900001,3.1900001,3.3099999,3.3900001,3.1800001,3.3099999,3.4100001,3.1800001,3.3099999,3.4100001,3.1800001,3.3099999,3.4100001,3.1900001,3.3099999,3.3900001,3.1900001,3.3099999,3.3900001,3.1900001,3.3099999,3.3900001,3.1800001,3.3099999,3.4100001,3.1800001,3.3099999,3.4100001,3.1800001,3.3099999,3.4100001,0,0,0,0,0,0,0,0,0,0,0,0,0,0,0,0,0,0,189.98169,68157.422,358.75784,0,,,,,,,,,,,,,,,,,,,,,,,,,,,,,,,,,,,,,,,,,,,,,,,,,,7440.0005,,7440.0005,,7440.0005,,,,,,,,,,,,,,,,,,,,,,,,,,,,,,,,,,,,,,,,,,,,
17Jan2020,Iran,,,,,,,,,,,,,,,,,,,168.70255,6686.9453,39.637489,,,,,,,,,,,,,,,,,,,,,,,,,,,,,,,,,,,,,,,,,,,,,,,,,,,,,,,,,,,,,,,,,,,,,,,,,,,,,,,,,,,,,,,,,,,,,,,,,,,,,,,,,,,,,,,,,,,,,,,,,,,,,,,,,,,,,,,,,,,,,,,,,,,.02,.02,.02,.02,.02,.02,.02,.02,.02,.02,.02,.02,.02,.02,.02,.02,.02,.02,0,0,.0099999998,0,0,.0099999998,0,0,.0099999998,0,0,0,0,0,0,0,0,0,94.089996,88.959999,100.6,94.089996,88.959999,100.6,94.089996,88.959999,100.6,93.650002,89.959999,98.150002,93.650002,89.959999,98.150002,93.650002,89.959999,98.150002,19.690001,18.360001,21.209999,19.690001,18.360001,21.209999,19.690001,18.360001,21.209999,19.59,18.57,21.09,19.59,18.57,21.09,19.59,18.57,21.09,.38,.38999999,.41999999,.38,.38999999,.41999999,.38,.38999999,.41999999,.38,.38999999,.40000001,.38,.38999999,.40000001,.38,.38999999,.40000001,.12,.12,.13,.12,.12,.13,.12,.12,.13,.12,.12,.13,.12,.12,.13,.12,.12,.13,.12,.12,.13,.12,.12,.13,.12,.12,.13,.12,.12,.13,.12,.12,.13,.12,.12,.13,.029999999,.039999999,.039999999,.029999999,.039999999,.039999999,.029999999,.039999999,.039999999,.029999999,.039999999,.039999999,.029999999,.039999999,.039999999,.029999999,.039999999,.039999999,132.66,142.53,153.67,132.66,142.53,153.67,132.66,142.53,153.67,133.94,141.84,153.2,133.94,141.84,153.2,133.94,141.84,153.2,3.1900001,3.3099999,3.3900001,3.1900001,3.3099999,3.3900001,3.1900001,3.3099999,3.3900001,3.1800001,3.3099999,3.4100001,3.1800001,3.3099999,3.4100001,3.1800001,3.3099999,3.4100001,3.1900001,3.3099999,3.3900001,3.1900001,3.3099999,3.3900001,3.1900001,3.3099999,3.3900001,3.1800001,3.3099999,3.4100001,3.1800001,3.3099999,3.4100001,3.1800001,3.3099999,3.4100001,0,0,.047147572,0,0,.047147572,0,0,.047147572,0,0,0,0,0,0,0,0,0,189.98169,68157.422,358.75784,0,,,,,,,,,,,,,,,,,,,,,,,,,,,,,,,,,,,,,,,,,,,,,,,,,,4704.5,,4704.5,,4704.5,,,,,,,,,,,,,,,,,,,,,,,,,,,,,,,,,,,,,,,,,,,,
18Jan2020,Iran,,,,,,,,,,,,,,,,,,,168.70255,6686.9453,39.637489,,,,,,,,,,,,,,,,,,,,,,,,,,,,,,,,,,,,,,,,,,,,,,,,,,,,,,,,,,,,,,,,,,,,,,,,,,,,,,,,,,,,,,,,,,,,,,,,,,,,,,,,,,,,,,,,,,,,,,,,,,,,,,,,,,,,,,,,,,,,,,,,,,,.02,.02,.02,.02,.02,.02,.02,.02,.02,.02,.02,.02,.02,.02,.02,.02,.02,.02,.0099999998,.0099999998,.0099999998,.0099999998,.0099999998,.0099999998,.0099999998,.0099999998,.0099999998,.0099999998,.0099999998,.0099999998,.0099999998,.0099999998,.0099999998,.0099999998,.0099999998,.0099999998,118.57,111.7,126.83,118.57,111.7,126.83,118.57,111.7,126.83,118.02,113.14,124.62,118.02,113.14,124.62,118.02,113.14,124.62,24.48,22.700001,26.43,24.48,22.700001,26.43,24.48,22.700001,26.43,24.370001,23.01,26.4,24.370001,23.01,26.4,24.370001,23.01,26.4,.47999999,.5,.52999997,.47999999,.5,.52999997,.47999999,.5,.52999997,.47999999,.5,.51999998,.47999999,.5,.51999998,.47999999,.5,.51999998,.14,.15000001,.16,.14,.15000001,.16,.14,.15000001,.16,.15000001,.15000001,.16,.15000001,.15000001,.16,.15000001,.15000001,.16,.15000001,.16,.17,.15000001,.16,.17,.15000001,.16,.17,.15000001,.16,.16,.15000001,.16,.16,.15000001,.16,.16,.039999999,.039999999,.050000001,.039999999,.039999999,.050000001,.039999999,.039999999,.050000001,.039999999,.039999999,.050000001,.039999999,.039999999,.050000001,.039999999,.039999999,.050000001,163.84,177.25999,191.47,163.84,177.25999,191.47,163.84,177.25999,191.47,166.71001,176.39999,191.59,166.71001,176.39999,191.59,166.71001,176.39999,191.59,3.1900001,3.3099999,3.3900001,3.1900001,3.3099999,3.3900001,3.1900001,3.3099999,3.3900001,3.1800001,3.3099999,3.4100001,3.1800001,3.3099999,3.4100001,3.1800001,3.3099999,3.4100001,3.1900001,3.3099999,3.3900001,3.1900001,3.3099999,3.3900001,3.1900001,3.3099999,3.3900001,3.1800001,3.3099999,3.4100001,3.1800001,3.3099999,3.4100001,3.1800001,3.3099999,3.4100001,.040849674,.044052862,.037835792,.040849674,.044052862,.037835792,.040849674,.044052862,.037835792,.041034058,.043459363,.037878789,.041034058,.043459363,.037878789,.041034058,.043459363,.037878789,189.98169,68157.422,358.75784,3.5875783,,,,,,,,,,,,,,,,,,,,,,,,,,,,,,,,,,,,,,,,,,,,,,,,,2448,5928.5,2448,5928.5,2448,5928.5,,,,,,,,,,,,,,,,,,,,,,,,,,,,,,,,,,,,,,,,,,,,
19Jan2020,Iran,,,,,,,,,,,,,,,,,,,168.70255,6686.9453,39.637489,,,,,,,,,,,,,,,,,,,,,,,,,,,,,,,,,,,,,,,,,,,,,,,,,,,,,,,,,,,,,,,,,,,,,,,,,,,,,,,,,,,,,,,,,,,,,,,,,,,,,,,,,,,,,,,,,,,,,,,,,,,,,,,,,,,,,,,,,,,,,,,,,,,.029999999,.029999999,.029999999,.029999999,.029999999,.029999999,.029999999,.029999999,.029999999,.029999999,.029999999,.029999999,.029999999,.029999999,.029999999,.029999999,.029999999,.029999999,.0099999998,.0099999998,.0099999998,.0099999998,.0099999998,.0099999998,.0099999998,.0099999998,.0099999998,.0099999998,.0099999998,.0099999998,.0099999998,.0099999998,.0099999998,.0099999998,.0099999998,.0099999998,149.02,139.88,159.75999,149.02,139.88,159.75999,149.02,139.88,159.75999,148.32001,141.83,157.83,148.32001,141.83,157.83,148.32001,141.83,157.83,30.450001,28.02,32.919998,30.450001,28.02,32.919998,30.450001,28.02,32.919998,30.299999,28.620001,33.009998,30.299999,28.620001,33.009998,30.299999,28.620001,33.009998,.60000002,.63,.68000001,.60000002,.63,.68000001,.60000002,.63,.68000001,.61000001,.63,.66000003,.61000001,.63,.66000003,.61000001,.63,.66000003,.18000001,.19,.2,.18000001,.19,.2,.18000001,.19,.2,.18000001,.19,.2,.18000001,.19,.2,.18000001,.19,.2,.19,.2,.20999999,.19,.2,.20999999,.19,.2,.20999999,.19,.2,.20999999,.19,.2,.20999999,.19,.2,.20999999,.050000001,.050000001,.059999999,.050000001,.050000001,.059999999,.050000001,.050000001,.059999999,.050000001,.050000001,.059999999,.050000001,.050000001,.059999999,.050000001,.050000001,.059999999,202.21001,220.42,238.60001,202.21001,220.42,238.60001,202.21001,220.42,238.60001,206.81,219.36,239.56,206.81,219.36,239.56,206.81,219.36,239.56,3.1900001,3.3099999,3.3900001,3.1900001,3.3099999,3.3900001,3.1900001,3.3099999,3.3900001,3.1800001,3.3099999,3.4100001,3.1800001,3.3099999,3.4100001,3.1800001,3.3099999,3.4100001,3.1900001,3.3099999,3.3900001,3.1900001,3.3099999,3.3900001,3.1900001,3.3099999,3.3900001,3.1800001,3.3099999,3.4100001,3.1800001,3.3099999,3.4100001,3.1800001,3.3099999,3.4100001,.032840721,.035688791,.030376671,.032840721,.035688791,.030376671,.032840721,.035688791,.030376671,.0330033,.0349406,.030293852,.0330033,.0349406,.030293852,.0330033,.0349406,.030293852,189.98169,68157.422,358.75784,3.5875783,,,,,,,,,,,,,,,,,,,,,,,,,,,,,,,,,,,,,,,,,,,,,,,,,3045.0002,4967.3335,3045.0002,4967.3335,3045.0002,4967.3335,,,,,,,,,,,,,,,,,,,,,,,,,,,,,,,,,,,,,,,,,,,,
20Jan2020,Iran,,,,,,,,,,,,,,,,,,,168.70255,6686.9453,39.637489,,,,,,,,,,,,,,,,,,,,,,,,,,,,,,,,,,,,,,,,,,,,,,,,,,,,,,,,,,,,,,,,,,,,,,,,,,,,,,,,,,,,,,,,,,,,,,,,,,,,,,,,,,,,,,,,,,,,,,,,,,,,,,,,,,,,,,,,,,,,,,,,,,,.039999999,.039999999,.039999999,.039999999,.039999999,.039999999,.039999999,.039999999,.039999999,.039999999,.039999999,.039999999,.039999999,.039999999,.039999999,.039999999,.039999999,.039999999,.0099999998,.0099999998,.0099999998,.0099999998,.0099999998,.0099999998,.0099999998,.0099999998,.0099999998,.0099999998,.0099999998,.0099999998,.0099999998,.0099999998,.0099999998,.0099999998,.0099999998,.0099999998,186.87,174.78,200.77,186.87,174.78,200.77,186.87,174.78,200.77,185.99001,176.91,199.5,185.99001,176.91,199.5,185.99001,176.91,199.5,37.860001,34.57,41.060001,37.860001,34.57,41.060001,37.860001,34.57,41.060001,37.669998,35.41,41.279999,37.669998,35.41,41.279999,37.669998,35.41,41.279999,.75,.79000002,.85000002,.75,.79000002,.85000002,.75,.79000002,.85000002,.75999999,.79000002,.82999998,.75999999,.79000002,.82999998,.75999999,.79000002,.82999998,.22,.23,.25,.22,.23,.25,.22,.23,.25,.22,.23,.25,.22,.23,.25,.22,.23,.25,.23999999,.25,.27000001,.23999999,.25,.27000001,.23999999,.25,.27000001,.23999999,.25,.25999999,.23999999,.25,.25999999,.23999999,.25,.25999999,.059999999,.07,.07,.059999999,.07,.07,.059999999,.07,.07,.059999999,.07,.07,.059999999,.07,.07,.059999999,.07,.07,249.42999,274.07001,297.63,249.42999,274.07001,297.63,249.42999,274.07001,297.63,255.73,272.76001,299.53,255.73,272.76001,299.53,255.73,272.76001,299.53,3.1900001,3.3099999,3.3900001,3.1900001,3.3099999,3.3900001,3.1900001,3.3099999,3.3900001,3.1800001,3.3099999,3.4100001,3.1800001,3.3099999,3.4100001,3.1800001,3.3099999,3.4100001,3.1900001,3.3099999,3.3900001,3.1900001,3.3099999,3.3900001,3.1900001,3.3099999,3.3900001,3.1800001,3.3099999,3.4100001,3.1800001,3.3099999,3.4100001,3.1800001,3.3099999,3.4100001,.0264131,.028926814,.024354601,.0264131,.028926814,.024354601,.0264131,.028926814,.024354601,.026546324,.02824061,.024224807,.026546324,.02824061,.024224807,.026546324,.02824061,.024224807,189.98169,68157.422,358.75784,3.5875783,,,,,,,,,,,,,,,,,,,,,,,,,,,,,,,,,,,,,,,,,,,,,,,,,3786.0002,4671.75,3786.0002,4671.75,3786.0002,4671.75,,,,,,,,,,,,,,,,,,,,,,,,,,,,,,,,,,,,,,,,,,,,
21Jan2020,Iran,,,,,,,,,,,,,,,,,,,168.70255,6686.9453,39.637489,,,,,,,,,,,,,,,,,,,,,,,,,,,,,,,,,,,,,,,,,,,,,,,,,,,,,,,,,,,,,,,,,,,,,,,,,,,,,,,,,,,,,,,,,,,,,,,,,,,,,,,,,,,,,,,,,,,,,,,,,,,,,,,,,,,,,,,,,,,,,,,,,,,.059999999,.050000001,.059999999,.059999999,.050000001,.059999999,.059999999,.050000001,.059999999,.059999999,.050000001,.059999999,.059999999,.050000001,.059999999,.059999999,.050000001,.059999999,.0099999998,.0099999998,.0099999998,.0099999998,.0099999998,.0099999998,.0099999998,.0099999998,.0099999998,.0099999998,.0099999998,.0099999998,.0099999998,.0099999998,.0099999998,.0099999998,.0099999998,.0099999998,233.94,217.78999,251.86,233.94,217.78999,251.86,233.94,217.78999,251.86,232.84,220.14,251.38,232.84,220.14,251.38,232.84,220.14,251.38,47.07,42.639999,51.209999,47.07,42.639999,51.209999,47.07,42.639999,51.209999,46.84,43.75,51.610001,46.84,43.75,51.610001,46.84,43.75,51.610001,.93000001,.99000001,1.0599999,.93000001,.99000001,1.0599999,.93000001,.99000001,1.0599999,.94999999,.99000001,1.05,.94999999,.99000001,1.05,.94999999,.99000001,1.05,.27000001,.28999999,.31,.27000001,.28999999,.31,.27000001,.28999999,.31,.27000001,.28999999,.31,.27000001,.28999999,.31,.27000001,.28999999,.31,.28999999,.31,.33000001,.28999999,.31,.33000001,.28999999,.31,.33000001,.30000001,.31,.33000001,.30000001,.31,.33000001,.30000001,.31,.33000001,.079999998,.079999998,.090000004,.079999998,.079999998,.090000004,.079999998,.079999998,.090000004,.079999998,.079999998,.090000004,.079999998,.079999998,.090000004,.079999998,.079999998,.090000004,307.67001,340.76999,371.29999,307.67001,340.76999,371.29999,307.67001,340.76999,371.29999,315.88,339.16,374.5,315.88,339.16,374.5,315.88,339.16,374.5,3.1900001,3.3099999,3.3900001,3.1900001,3.3099999,3.3900001,3.1900001,3.3099999,3.3900001,3.1800001,3.3099999,3.4100001,3.1800001,3.3099999,3.4100001,3.1800001,3.3099999,3.4100001,3.1900001,3.3099999,3.3900001,3.1900001,3.3099999,3.3900001,3.1900001,3.3099999,3.3900001,3.1800001,3.3099999,3.4100001,3.1800001,3.3099999,3.4100001,3.1800001,3.3099999,3.4100001,.021244954,.023452157,.019527435,.021244954,.023452157,.019527435,.021244954,.023452157,.019527435,.021349274,.022857143,.01937609,.021349274,.022857143,.01937609,.021349274,.022857143,.01937609,189.98169,68157.422,358.75784,3.5875783,,,,,,,,,,,,,,,,,,,,,,,,,,,,,,,,,,,,,,,,,,,,,,,,,4707,3899.0002,4707,3899.0002,4707,3899.0002,,,,,,,,,,,,,,,,,,,,,,,,,,,,,,,,,,,,,,,,,,,,
22Jan2020,Iran,,,,,,,,,,,,,,,,,,,168.70255,6686.9453,39.637489,,,,,,,,,,,,,,,,,,,,,,,,,,,,,,,,,,,,,,,,,,,,,,,,,,,,,,,,,,,,,,,,,,,,,,,,,,,,,,,,,,,,,,,,,,,,,,,,,,,,,,,,,,,,,,,,,,,,,,,,,,,,,,,,,,,,,,,,,,,,,,,,,,,.07,.07,.079999998,.07,.07,.079999998,.07,.07,.079999998,.07,.07,.079999998,.07,.07,.079999998,.07,.07,.079999998,.02,.02,.02,.02,.02,.02,.02,.02,.02,.02,.02,.02,.02,.02,.02,.02,.02,.02,292.47,270.56,315.51001,292.47,270.56,315.51001,292.47,270.56,315.51001,291.09,275.44,315.91,291.09,275.44,315.91,291.09,275.44,315.91,58.52,52.59,63.900002,58.52,52.59,63.900002,58.52,52.59,63.900002,58.25,54.029999,64.519997,58.25,54.029999,64.519997,58.25,54.029999,64.519997,1.16,1.24,1.33,1.16,1.24,1.33,1.16,1.24,1.33,1.1799999,1.23,1.3200001,1.1799999,1.23,1.3200001,1.1799999,1.23,1.3200001,.33000001,.36000001,.38999999,.33000001,.36000001,.38999999,.33000001,.36000001,.38999999,.34,.36000001,.38999999,.34,.36000001,.38999999,.34,.36000001,.38999999,.36000001,.38999999,.41999999,.36000001,.38999999,.41999999,.36000001,.38999999,.41999999,.37,.38999999,.41,.37,.38999999,.41,.37,.38999999,.41,.1,.1,.11,.1,.1,.11,.1,.1,.11,.1,.1,.11,.1,.1,.11,.1,.1,.11,379.48999,423.70999,463.35001,379.48999,423.70999,463.35001,379.48999,423.70999,463.35001,390.04999,421.70999,468.20999,390.04999,421.70999,468.20999,390.04999,421.70999,468.20999,3.1900001,3.3099999,3.3900001,3.1900001,3.3099999,3.3900001,3.1900001,3.3099999,3.3900001,3.1800001,3.3099999,3.4100001,3.1800001,3.3099999,3.4100001,3.1800001,3.3099999,3.4100001,3.1900001,3.3099999,3.3900001,3.1900001,3.3099999,3.3900001,3.1900001,3.3099999,3.3900001,3.1800001,3.3099999,3.4100001,3.1800001,3.3099999,3.4100001,3.1800001,3.3099999,3.4100001,.03417635,.038030043,.031298902,.03417635,.038030043,.031298902,.03417635,.038030043,.031298902,.034334764,.037016474,.030998141,.034334764,.037016474,.030998141,.034334764,.037016474,.030998141,189.98169,68157.422,358.75784,7.1751566,0,0,0,0,0,0,0,0,0,0,0,0,,,,167.9077,7854.3999,46.77808,0,,,,,,,,,,,,,,,,,,,,,,,,,,,,,,2926,4178.1431,2926,4178.1431,2926,4178.1431,,,,,,,,,,,,,,,,,,,,,,,,,,,,,,,,,,,,,,,,,,,,
23Jan2020,Iran,,,,,,,,,,,,,,,,,,,168.70255,6686.9453,39.637489,,,,,,,,,,,,,,,,,,,,,,,,,,,,,,,,,,,,,,,,,,,,,,,,,,,,,,,,,,,,,,,,,,,,,,,,,,,,,,,,,,,,,,,,,,,,,,,,,,,,,,,,,,,,,,,,,,,,,,,,,,,,,,,,,,,,,,,,,,,,,,,,,,,.090000004,.090000004,.1,.090000004,.090000004,.1,.090000004,.090000004,.1,.090000004,.090000004,.1,.090000004,.090000004,.1,.090000004,.090000004,.1,.02,.02,.02,.02,.02,.02,.02,.02,.02,.02,.02,.02,.02,.02,.02,.02,.02,.02,365.23001,335.51999,394.92001,365.23001,335.51999,394.92001,365.23001,335.51999,394.92001,363.51001,342.98001,396.57999,363.51001,342.98001,396.57999,363.51001,342.98001,396.57999,72.769997,64.860001,79.75,72.769997,64.860001,79.75,72.769997,64.860001,79.75,72.419998,66.669998,80.669998,72.419998,66.669998,80.669998,72.419998,66.669998,80.669998,1.4400001,1.54,1.66,1.4400001,1.54,1.66,1.4400001,1.54,1.66,1.45,1.54,1.65,1.45,1.54,1.65,1.45,1.54,1.65,.41,.44999999,.47999999,.41,.44999999,.47999999,.41,.44999999,.47999999,.41999999,.44,.47999999,.41999999,.44,.47999999,.41999999,.44,.47999999,.44999999,.47999999,.51999998,.44999999,.47999999,.51999998,.44999999,.47999999,.51999998,.46000001,.47999999,.51999998,.46000001,.47999999,.51999998,.46000001,.47999999,.51999998,.12,.13,.14,.12,.13,.14,.12,.13,.14,.12,.13,.14,.12,.13,.14,.12,.13,.14,468.07001,526.82001,578.21997,468.07001,526.82001,578.21997,468.07001,526.82001,578.21997,480.94,524.34998,585.37,480.94,524.34998,585.37,480.94,524.34998,585.37,3.1900001,3.3099999,3.3900001,3.1900001,3.3099999,3.3900001,3.1900001,3.3099999,3.3900001,3.1800001,3.3099999,3.4100001,3.1800001,3.3099999,3.4100001,3.1800001,3.3099999,3.4100001,3.1900001,3.3099999,3.3900001,3.1900001,3.3099999,3.3900001,3.1900001,3.3099999,3.3900001,3.1800001,3.3099999,3.4100001,3.1800001,3.3099999,3.4100001,3.1800001,3.3099999,3.4100001,.027483854,.030835645,.025078369,.027483854,.030835645,.025078369,.027483854,.030835645,.025078369,.02761668,.0299985,.024792364,.02761668,.0299985,.024792364,.02761668,.0299985,.024792364,189.98169,68157.422,358.75784,7.1751566,0,0,0,0,0,0,0,0,0,0,0,0,,,,167.9077,7854.3999,46.77808,0,,,,,,,,,,,,,,,,,,,,,,,,,,,,,,3638.5,4058.1111,3638.5,4058.1111,3638.5,4058.1111,,,,,,,,,,,,,,,,,,,,,,,,,,,,,,,,,,,,,,,,,,,,
24Jan2020,Iran,,,,,,,,,,,,,,,,,,,168.70255,6686.9453,39.637489,,,,,,,,,,,,,,,,,,,,,,,,,,,,,,,,,,,,,,,,,,,,,,,,,,,,,,,,,,,,,,,,,,,,,,,,,,,,,,,,,,,,,,,,,,,,,,,,,,,,,,,,,,,,,,,,,,,,,,,,,,,,,,,,,,,,,,,,,,,,,,,,,,,.12,.12,.13,.12,.12,.13,.12,.12,.13,.12,.12,.13,.12,.12,.13,.12,.12,.13,.029999999,.029999999,.029999999,.029999999,.029999999,.029999999,.029999999,.029999999,.029999999,.029999999,.029999999,.029999999,.029999999,.029999999,.029999999,.029999999,.029999999,.029999999,455.70999,415.51999,494.29999,455.70999,415.51999,494.29999,455.70999,415.51999,494.29999,453.56,425.75,497.42999,453.56,425.75,497.42999,453.56,425.75,497.42999,90.480003,80.010002,99.519997,90.480003,80.010002,99.519997,90.480003,80.010002,99.519997,90.050003,82.169998,100.86,90.050003,82.169998,100.86,90.050003,82.169998,100.86,1.78,1.92,2.0699999,1.78,1.92,2.0699999,1.78,1.92,2.0699999,1.8,1.91,2.0699999,1.8,1.91,2.0699999,1.8,1.91,2.0699999,.5,.55000001,.60000002,.5,.55000001,.60000002,.5,.55000001,.60000002,.50999999,.55000001,.60000002,.50999999,.55000001,.60000002,.50999999,.55000001,.60000002,.56,.60000002,.64999998,.56,.60000002,.64999998,.56,.60000002,.64999998,.56999999,.60000002,.64999998,.56999999,.60000002,.64999998,.56999999,.60000002,.64999998,.14,.16,.17,.14,.16,.17,.14,.16,.17,.15000001,.16,.17,.15000001,.16,.17,.15000001,.16,.17,577.33002,655.03998,721.57001,577.33002,655.03998,721.57001,577.33002,655.03998,721.57001,592.78998,651.98999,731.84998,592.78998,651.98999,731.84998,592.78998,651.98999,731.84998,3.1900001,3.3099999,3.3900001,3.1900001,3.3099999,3.3900001,3.1900001,3.3099999,3.3900001,3.1800001,3.3099999,3.4100001,3.1800001,3.3099999,3.4100001,3.1800001,3.3099999,3.4100001,3.1900001,3.3099999,3.3900001,3.1900001,3.3099999,3.3900001,3.1900001,3.3099999,3.3900001,3.1800001,3.3099999,3.4100001,3.1800001,3.3099999,3.4100001,3.1800001,3.3099999,3.4100001,.033156496,.037495311,.030144695,.033156496,.037495311,.030144695,.033156496,.037495311,.030144695,.033314824,.036509674,.029744199,.033314824,.036509674,.029744199,.033314824,.036509674,.029744199,189.98169,68157.422,358.75784,10.762735,0,0,0,0,0,0,0,0,0,0,0,0,,,,167.9077,7854.3999,46.77808,0,,,,,,,,,,,,,,,,,,,,,,,,,,,,,,3016.0002,3797.5833,3016.0002,3797.5833,3016.0002,3797.5833,,,,,,,,,,,,,,,,,,,,,,,,,,,,,,,,,,,,,,,,,,,,
25Jan2020,Iran,,,,,,,,,,,,,,,,,,,168.70255,6686.9453,39.637489,,,,,,,,,,,,,,,,,,,,,,,,,,,,,,,,,,,,,,,,,,,,,,,,,,,,,,,,,,,,,,,,,,,,,,,,,,,,,,,,,,,,,,,,,,,,,,,,,,,,,,,,,,,,,,,,,,,,,,,,,,,,,,,,,,,,,,,,,,,,,,,,,,,.16,.15000001,.17,.16,.15000001,.17,.16,.15000001,.17,.16,.15000001,.16,.16,.15000001,.16,.16,.15000001,.16,.029999999,.029999999,.039999999,.029999999,.029999999,.039999999,.029999999,.029999999,.039999999,.029999999,.029999999,.039999999,.029999999,.029999999,.039999999,.029999999,.029999999,.039999999,568.20001,514.20001,618.33002,568.20001,514.20001,618.33002,568.20001,514.20001,618.33002,565.53998,527.64001,623.53003,565.53998,527.64001,623.53003,565.53998,527.64001,623.53003,112.5,98.68,124.19,112.5,98.68,124.19,112.5,98.68,124.19,111.98,101.28,126.09,111.98,101.28,126.09,111.98,101.28,126.09,2.1900001,2.3800001,2.5699999,2.1900001,2.3800001,2.5699999,2.1900001,2.3800001,2.5699999,2.24,2.3699999,2.5799999,2.24,2.3699999,2.5799999,2.24,2.3699999,2.5799999,.61000001,.68000001,.75,.61000001,.68000001,.75,.61000001,.68000001,.75,.63,.68000001,.75,.63,.68000001,.75,.63,.68000001,.75,.69,.75,.81,.69,.75,.81,.69,.75,.81,.69999999,.74000001,.81,.69999999,.74000001,.81,.69999999,.74000001,.81,.18000001,.2,.20999999,.18000001,.2,.20999999,.18000001,.2,.20999999,.18000001,.2,.22,.18000001,.2,.22,.18000001,.2,.22,712.20001,814.57001,900.53003,712.20001,814.57001,900.53003,712.20001,814.57001,900.53003,730.65997,810.82001,915.01001,730.65997,810.82001,915.01001,730.65997,810.82001,915.01001,3.3599999,3.47,3.6099999,3.3599999,3.47,3.6099999,3.3599999,3.47,3.6099999,3.3599999,3.49,3.6300001,3.3599999,3.49,3.6300001,3.3599999,3.49,3.6300001,3.3599999,3.47,3.6099999,3.3599999,3.47,3.6099999,3.3599999,3.47,3.6099999,3.3599999,3.49,3.6300001,3.3599999,3.49,3.6300001,3.3599999,3.49,3.6300001,.026666665,.030401297,.032208711,.026666665,.030401297,.032208711,.026666665,.030401297,.032208711,.026790498,.029620852,.031723373,.026790498,.029620852,.031723373,.026790498,.029620852,.031723373,189.98169,68157.422,358.75784,10.762735,0,0,0,0,0,0,0,0,0,0,0,0,,,,167.9077,7854.3999,46.77808,0,,,,,,,,,,,,,,,,,,,,,,,,,,,,,,3750,3551.2502,3750,3551.2502,3750,3551.2502,,,,,,,,,,,,,,,,,,,,,,,,,,,,,,,,,,,,,,,,,,,,
26Jan2020,Iran,,,,,,,,,,,,,,,,,,,168.70255,6686.9453,39.637489,,,,,,,,,,,,,,,,,,,,,,,,,,,,,,,,,,,,,,,,,,,,,,,,,,,,,,,,,,,,,,,,,,,,,,,,,,,,,,,,,,,,,,,,,,,,,,,,,,,,,,,,,,,,,,,,,,,,,,,,,,,,,,,,,,,,,,,,,,,,,,,,,,,.2,.19,.20999999,.2,.19,.20999999,.2,.19,.20999999,.2,.19,.20999999,.2,.19,.20999999,.2,.19,.20999999,.039999999,.039999999,.050000001,.039999999,.039999999,.050000001,.039999999,.039999999,.050000001,.039999999,.039999999,.050000001,.039999999,.039999999,.050000001,.039999999,.039999999,.050000001,709.03003,637.90997,773.60999,709.03003,637.90997,773.60999,709.03003,637.90997,773.60999,705.82001,654.73999,781.15997,705.82001,654.73999,781.15997,705.82001,654.73999,781.15997,140.83,123.71,155.35001,140.83,123.71,155.35001,140.83,123.71,155.35001,140.28,126.27,157.64,140.28,126.27,157.64,140.28,126.27,157.64,2.7,2.95,3.2,2.7,2.95,3.2,2.7,2.95,3.2,2.76,2.9400001,3.22,2.76,2.9400001,3.22,2.76,2.9400001,3.22,.75999999,.85000002,.93000001,.75999999,.85000002,.93000001,.75999999,.85000002,.93000001,.77999997,.83999997,.94,.77999997,.83999997,.94,.77999997,.83999997,.94,.85000002,.93000001,1,.85000002,.93000001,1,.85000002,.93000001,1,.87,.92000002,1.01,.87,.92000002,1.01,.87,.92000002,1.01,.22,.23999999,.27000001,.22,.23999999,.27000001,.22,.23999999,.27000001,.22,.23999999,.27000001,.22,.23999999,.27000001,.22,.23999999,.27000001,907.22998,1026.48,1130.52,907.22998,1026.48,1130.52,907.22998,1026.48,1130.52,921.40002,1023.22,1143.67,921.40002,1023.22,1143.67,921.40002,1023.22,1143.67,3.3599999,3.47,3.6099999,3.3599999,3.47,3.6099999,3.3599999,3.47,3.6099999,3.3599999,3.49,3.6300001,3.3599999,3.49,3.6300001,3.3599999,3.49,3.6300001,3.3599999,3.47,3.6099999,3.3599999,3.47,3.6099999,3.3599999,3.47,3.6099999,3.3599999,3.49,3.6300001,3.3599999,3.49,3.6300001,3.3599999,3.49,3.6300001,.028403038,.032333683,.032185387,.028403038,.032333683,.032185387,.028403038,.032333683,.032185387,.0285144,.031678151,.031717837,.0285144,.031678151,.031717837,.0285144,.031678151,.031717837,189.98169,68157.422,358.75784,14.350313,0,0,0,0,0,0,0,0,0,0,0,0,,,,167.9077,7854.3999,46.77808,0,,,,,,,,,,,,,,,,,,,,,,,,,,,,,,3520.7502,3545.1501,3520.7502,3545.1501,3520.7502,3545.1501,,,,,,,,,,,,,,,,,,,,,,,,,,,,,,,,,,,,,,,,,,,,
27Jan2020,Iran,,,,,,,,,,,,,,,,,,,168.70255,6686.9453,39.637489,,,,,,,,,,,,,,,,,,,,,,,,,,,,,,,,,,,,,,,,,,,,,,,,,,,,,,,,,,,,,,,,,,,,,,,,,,,,,,,,,,,,,,,,,,,,,,,,,,,,,,,,,,,,,,,,,,,,,,,,,,,,,,,,,,,,,,,,,,,,,,,,,,,.25,.23999999,.27000001,.25,.23999999,.27000001,.25,.23999999,.27000001,.25,.23999999,.27000001,.25,.23999999,.27000001,.25,.23999999,.27000001,.050000001,.050000001,.059999999,.050000001,.050000001,.059999999,.050000001,.050000001,.059999999,.050000001,.050000001,.059999999,.050000001,.050000001,.059999999,.050000001,.050000001,.059999999,886.21002,794.85999,968.07001,886.21002,794.85999,968.07001,886.21002,794.85999,968.07001,882.53003,814.01001,978.20001,882.53003,814.01001,978.20001,882.53003,814.01001,978.20001,177.17999,156.94,195.11,177.17999,156.94,195.11,177.17999,156.94,195.11,176.71001,158.78999,197.03,176.71001,158.78999,197.03,176.71001,158.78999,197.03,3.3299999,3.6600001,3.98,3.3299999,3.6600001,3.98,3.3299999,3.6600001,3.98,3.4100001,3.6500001,4.0100002,3.4100001,3.6500001,4.0100002,3.4100001,3.6500001,4.0100002,.93000001,1.05,1.15,.93000001,1.05,1.15,.93000001,1.05,1.15,.95999998,1.05,1.17,.95999998,1.05,1.17,.95999998,1.05,1.17,1.05,1.15,1.25,1.05,1.15,1.25,1.05,1.15,1.25,1.0700001,1.15,1.26,1.0700001,1.15,1.26,1.0700001,1.15,1.26,.27000001,.30000001,.33000001,.27000001,.30000001,.33000001,.27000001,.30000001,.33000001,.27000001,.30000001,.34,.27000001,.30000001,.34,.27000001,.30000001,.34,1149.97,1291.04,1422.39,1149.97,1291.04,1422.39,1149.97,1291.04,1422.39,1158.12,1288.49,1430.75,1158.12,1288.49,1430.75,1158.12,1288.49,1430.75,3.3599999,3.47,3.6099999,3.3599999,3.47,3.6099999,3.3599999,3.47,3.6099999,3.3599999,3.49,3.6300001,3.3599999,3.49,3.6300001,3.3599999,3.49,3.6300001,3.3599999,3.47,3.6099999,3.3599999,3.47,3.6099999,3.3599999,3.47,3.6099999,3.3599999,3.49,3.6300001,3.3599999,3.49,3.6300001,3.3599999,3.49,3.6300001,.028219892,.031859308,.030751882,.028219892,.031859308,.030751882,.028219892,.031859308,.030751882,.028294945,.031488132,.030452214,.028294945,.031488132,.030452214,.028294945,.031488132,.030452214,189.98169,68157.422,358.75784,17.937893,0,0,0,0,0,0,0,0,0,0,0,0,,,,167.9077,7854.3999,46.77808,0,,,,,,,,,,,,,,,,,,,,,,,,,,,,,,3543.5999,3544.8401,3543.5999,3544.8401,3543.5999,3544.8401,,,,,,,,,,,,,,,,,,,,,,,,,,,,,,,,,,,,,,,,,,,,
28Jan2020,Iran,,,,,,,,,,,,,,,,,,,168.70255,6686.9453,39.637489,,,,,,,,,,,,,,,,,,,,,,,,,,,,,,,,,,,,,,,,,,,,,,,,,,,,,,,,,,,,,,,,,,,,,,,,,,,,,,,,,,,,,,,,,,,,,,,,,,,,,,,,,,,,,,,,,,,,,,,,,,,,,,,,,,,,,,,,,,,,,,,,,,,.31999999,.30000001,.34,.31999999,.30000001,.34,.31999999,.30000001,.34,.31999999,.30000001,.34,.31999999,.30000001,.34,.31999999,.30000001,.34,.07,.059999999,.07,.07,.059999999,.07,.07,.059999999,.07,.07,.059999999,.07,.07,.059999999,.07,.07,.059999999,.07,1109.13,993.92999,1213.13,1109.13,993.92999,1213.13,1109.13,993.92999,1213.13,1105.13,1013.69,1224.48,1105.13,1013.69,1224.48,1105.13,1013.69,1224.48,222.92,199.07001,246.14999,222.92,199.07001,246.14999,222.92,199.07001,246.14999,222.60001,199.67999,246.73,222.60001,199.67999,246.73,222.60001,199.67999,246.73,4.0999999,4.5500002,4.96,4.0999999,4.5500002,4.96,4.0999999,4.5500002,4.96,4.21,4.5300002,5,4.21,4.5300002,5,4.21,4.5300002,5,1.16,1.3099999,1.4400001,1.16,1.3099999,1.4400001,1.16,1.3099999,1.4400001,1.1900001,1.3,1.46,1.1900001,1.3,1.46,1.1900001,1.3,1.46,1.29,1.4299999,1.55,1.29,1.4299999,1.55,1.29,1.4299999,1.55,1.3200001,1.42,1.5700001,1.3200001,1.42,1.5700001,1.3200001,1.42,1.5700001,.33000001,.38,.41,.33000001,.38,.41,.33000001,.38,.41,.34,.37,.41999999,.34,.37,.41999999,.34,.37,.41999999,1452.83,1622.55,1795.01,1452.83,1622.55,1795.01,1452.83,1622.55,1795.01,1453.7,1621.17,1791.65,1453.7,1621.17,1791.65,1453.7,1621.17,1791.65,3.3599999,3.47,3.6099999,3.3599999,3.47,3.6099999,3.3599999,3.47,3.6099999,3.3599999,3.49,3.6300001,3.3599999,3.49,3.6300001,3.3599999,3.49,3.6300001,3.3599999,3.47,3.6099999,3.3599999,3.47,3.6099999,3.3599999,3.47,3.6099999,3.3599999,3.49,3.6300001,3.3599999,3.49,3.6300001,3.3599999,3.49,3.6300001,.0314014,.03014015,.028437946,.0314014,.03014015,.028437946,.0314014,.03014015,.028437946,.031446539,.030048078,.028371094,.031446539,.030048078,.028371094,.031446539,.030048078,.028371094,189.98169,68157.422,358.75784,25.113049,0,0,0,0,0,0,0,0,0,0,0,0,,,,167.9077,7854.3999,46.77808,0,,,,,,,,,,,,,,,,,,,,,,,,,,,,,,3184.5713,3466.0313,3184.5713,3466.0313,3184.5713,3466.0313,,,,,,,,,,,,,,,,,,,,,,,,,,,,,,,,,,,,,,,,,,,,
29Jan2020,Iran,,,,,,,,,,,,,,,,,,,168.70255,6686.9453,39.637489,,,,,,,,,,,,,,,,,,,,,,,,,,,,,,,,,,,,,,,,,,,,,,,,,,,,,,,,,,,,,,,,,,,,,,,,,,,,,,,,,,,,,,,,,,,,,,,,,,,,,,,,,,,,,,,,,,,,,,,,,,,,,,,,,,,,,,,,,,,,,,,,,,,.40000001,.37,.43000001,.40000001,.37,.43000001,.40000001,.37,.43000001,.40000001,.38,.43000001,.40000001,.38,.43000001,.40000001,.38,.43000001,.079999998,.07,.090000004,.079999998,.07,.090000004,.079999998,.07,.090000004,.079999998,.079999998,.090000004,.079999998,.079999998,.090000004,.079999998,.079999998,.090000004,1389.41,1246.04,1520.83,1389.41,1246.04,1520.83,1389.41,1246.04,1520.83,1385.35,1264.53,1532.3199,1385.35,1264.53,1532.3199,1385.35,1264.53,1532.3199,280.28,251.39,310.22,280.28,251.39,310.22,280.28,251.39,310.22,280.20999,250.81,308.98999,280.20999,250.81,308.98999,280.20999,250.81,308.98999,5.0700002,5.6500001,6.1700001,5.0700002,5.6500001,6.1700001,5.0700002,5.6500001,6.1700001,5.1999998,5.6300001,6.2399998,5.1999998,5.6300001,6.2399998,5.1999998,5.6300001,6.2399998,1.45,1.64,1.8,1.45,1.64,1.8,1.45,1.64,1.8,1.47,1.63,1.8200001,1.47,1.63,1.8200001,1.47,1.63,1.8200001,1.6,1.77,1.9400001,1.6,1.77,1.9400001,1.6,1.77,1.9400001,1.64,1.77,1.95,1.64,1.77,1.95,1.64,1.77,1.95,.41999999,.47,.51999998,.41999999,.47,.51999998,.41999999,.47,.51999998,.41999999,.47,.51999998,.41999999,.47,.51999998,.41999999,.47,.51999998,1832.1801,2038.83,2257.49,1832.1801,2038.83,2257.49,1832.1801,2038.83,2257.49,1825.8199,2039.33,2243.5801,1825.8199,2039.33,2243.5801,1825.8199,2039.33,2243.5801,3.3599999,3.47,3.6099999,3.3599999,3.47,3.6099999,3.3599999,3.47,3.6099999,3.3599999,3.49,3.6300001,3.3599999,3.49,3.6300001,3.3599999,3.49,3.6300001,3.3599999,3.47,3.6099999,3.3599999,3.47,3.6099999,3.3599999,3.47,3.6099999,3.3599999,3.49,3.6300001,3.3599999,3.49,3.6300001,3.3599999,3.49,3.6300001,.028542886,.027845182,.029011671,.028542886,.027845182,.029011671,.028542886,.027845182,.029011671,.028550016,.031896655,.029127158,.028550016,.031896655,.029127158,.028550016,.031896655,.029127158,189.98169,68157.422,358.75784,28.700626,0,0,0,0,0,0,0,0,0,0,0,0,,,,167.9077,7854.3999,46.77808,0,,,,,,,,,,,,,,,,,,,,,,,,,,,,,,3503.5,3473.5251,3503.5,3473.5251,3503.5,3473.5251,,,,,,,,,,,,,,,,,,,,,,,,,,,,,,,,,,,,,,,,,,,,
30Jan2020,Iran,,,,,,,,,,,,,,,,,,,168.70255,6686.9453,39.637489,,,,,,,,,,,,,,,,,,,,,,,,,,,,,,,,,,,,,,,,,,,,,,,,,,,,,,,,,,,,,,,,,,,,,,,,,,,,,,,,,,,,,,,,,,,,,,,,,,,,,,,,,,,,,,,,,,,,,,,,,,,,,,,,,,,,,,,,,,,,,,,,,,,.5,.47,.54000002,.5,.47,.54000002,.5,.47,.54000002,.5,.47,.54000002,.5,.47,.54000002,.5,.47,.54000002,.1,.090000004,.11,.1,.090000004,.11,.1,.090000004,.11,.1,.090000004,.11,.1,.090000004,.11,.1,.090000004,.11,1741.7,1565.02,1907.09,1741.7,1565.02,1907.09,1741.7,1565.02,1907.09,1737.9399,1579.4,1917.65,1737.9399,1579.4,1917.65,1737.9399,1579.4,1917.65,352.29001,316.78,391.45999,352.29001,316.78,391.45999,352.29001,316.78,391.45999,352.59,316.31,387.48001,352.59,316.31,387.48001,352.59,316.31,387.48001,6.3000002,7.04,7.6999998,6.3000002,7.04,7.6999998,6.3000002,7.04,7.6999998,6.4299998,7.0100002,7.77,6.4299998,7.0100002,7.77,6.4299998,7.0100002,7.77,1.8200001,2.05,2.25,1.8200001,2.05,2.25,1.8200001,2.05,2.25,1.84,2.04,2.27,1.84,2.04,2.27,1.84,2.04,2.27,1.98,2.21,2.4100001,1.98,2.21,2.4100001,1.98,2.21,2.4100001,2.02,2.2,2.4400001,2.02,2.2,2.4400001,2.02,2.2,2.4400001,.51999998,.58999997,.63999999,.51999998,.58999997,.63999999,.51999998,.58999997,.63999999,.52999997,.58999997,.64999998,.52999997,.58999997,.64999998,.52999997,.58999997,.64999998,2305.3101,2561.97,2854.4299,2305.3101,2561.97,2854.4299,2305.3101,2561.97,2854.4299,2305.52,2565.3799,2817.6699,2305.52,2565.3799,2817.6699,2305.52,2565.3799,2817.6699,3.3599999,3.47,3.6099999,3.3599999,3.47,3.6099999,3.3599999,3.47,3.6099999,3.3599999,3.49,3.6300001,3.3599999,3.49,3.6300001,3.3599999,3.49,3.6300001,3.3599999,3.47,3.6099999,3.3599999,3.47,3.6099999,3.3599999,3.47,3.6099999,3.3599999,3.49,3.6300001,3.3599999,3.49,3.6300001,3.3599999,3.49,3.6300001,.028385704,.028410885,.028099934,.028385704,.028410885,.028099934,.028385704,.028410885,.028099934,.028361553,.0284531,.028388562,.028361553,.0284531,.028388562,.028361553,.0284531,.028388562,189.98169,68157.422,358.75784,35.875786,0,0,0,0,0,0,0,0,0,0,0,0,,,,167.9077,7854.3999,46.77808,0,,,,,,,,,,,,,,,,,,,,,,,,,,,,,,3522.9001,3483.3999,3522.9001,3483.3999,3522.9001,3483.3999,,,,,,,,,,,,,,,,,,,,,,,,,,,,,,,,,,,,,,,,,,,,
31Jan2020,Iran,,,,,,,,,,,,,,,,,,,168.70255,6686.9453,39.637489,,,,,,,,,,,,,,,,,,,,,,,,,,,,,,,,,,,,,,,,,,,,,,,,,,,,,,,,,,,,,,,,,,,,,,,,,,,,,,,,,,,,,,,,,,,,,,,,,,,,,,,,,,,,,,,,,,,,,,,,,,,,,,,,,,,,,,,,,,,,,,,,,,,.63,.57999998,.68000001,.63,.57999998,.68000001,.63,.57999998,.68000001,.63,.58999997,.68000001,.63,.58999997,.68000001,.63,.58999997,.68000001,.13,.11,.14,.13,.11,.14,.13,.11,.14,.13,.12,.14,.13,.12,.14,.13,.12,.14,2184.4399,1966.9301,2401.0601,2184.4399,1966.9301,2401.0601,2184.4399,1966.9301,2401.0601,2181.54,1974.58,2402.24,2181.54,1974.58,2402.24,2181.54,1974.58,2402.24,442.73999,398.56,495.04999,442.73999,398.56,495.04999,442.73999,398.56,495.04999,443.60001,399.51001,487.10001,443.60001,399.51001,487.10001,443.60001,399.51001,487.10001,7.8499999,8.7700005,9.6099997,7.8499999,8.7700005,9.6099997,7.8499999,8.7700005,9.6099997,7.98,8.7399998,9.6899996,7.98,8.7399998,9.6899996,7.98,8.7399998,9.6899996,2.29,2.5599999,2.8299999,2.29,2.5599999,2.8299999,2.29,2.5599999,2.8299999,2.3,2.5599999,2.8299999,2.3,2.5599999,2.8299999,2.3,2.5599999,2.8299999,2.46,2.75,3.01,2.46,2.75,3.01,2.46,2.75,3.01,2.51,2.74,3.04,2.51,2.74,3.04,2.51,2.74,3.04,.66000003,.73000002,.81,.66000003,.73000002,.81,.66000003,.73000002,.81,.66000003,.73000002,.81,.66000003,.73000002,.81,.66000003,.73000002,.81,2896.55,3219.51,3605.1699,2896.55,3219.51,3605.1699,2896.55,3219.51,3605.1699,2911.47,3227.3,3544.48,2911.47,3227.3,3544.48,2911.47,3227.3,3544.48,3.3599999,3.47,3.6099999,3.3599999,3.47,3.6099999,3.3599999,3.47,3.6099999,3.3599999,3.49,3.6300001,3.3599999,3.49,3.6300001,3.3599999,3.49,3.6300001,3.3599999,3.47,3.6099999,3.3599999,3.47,3.6099999,3.3599999,3.47,3.6099999,3.3599999,3.49,3.6300001,3.3599999,3.49,3.6300001,3.3599999,3.49,3.6300001,.029362606,.027599357,.028279973,.029362606,.027599357,.028279973,.029362606,.027599357,.028279973,.02930568,.030036794,.028741531,.02930568,.030036794,.028741531,.02930568,.030036794,.028741531,189.98169,68157.422,358.75784,46.638519,0,0,0,0,0,0,0,0,0,0,0,0,,,,167.9077,7854.3999,46.77808,0,,,,,,,,,,,,,,,,,,,,,,,,,,,,,,3405.6924,3467.365,3405.6924,3467.365,3405.6924,3467.365,,,,,,,,,,,,,,,,,,,,,,,,,,,,,,,,,,,,,,,,,,,,
01Feb2020,Iran,,,,,,,,,,,,,,,,,,,168.70255,6686.9453,39.637489,,,,,,,,,,,,,,,,,,,,,,,,,,,,,,,,,,,,,,,,,,,,,,,,,,,,,,,,,,,,,,,,,,,,,,,,,,,,,,,,,,,,,,,,,,,,,,,,,,,,,,,,,,,,,,,,,,,,,,,,,,,,,,,,,,,,,,,,,,,,,,,,,,,.79000002,.72000003,.85000002,.79000002,.72000003,.85000002,.79000002,.72000003,.85000002,.79000002,.74000001,.86000001,.79000002,.74000001,.86000001,.79000002,.74000001,.86000001,.16,.14,.17,.16,.14,.17,.16,.14,.17,.16,.15000001,.17,.16,.15000001,.17,.16,.15000001,.17,2740.8401,2471.55,3023.28,2740.8401,2471.55,3023.28,2740.8401,2471.55,3023.28,2739.6399,2470.1699,3009.1001,2739.6399,2470.1699,3009.1001,2739.6399,2470.1699,3009.1001,556.40997,500.14999,624.19,556.40997,500.14999,624.19,556.40997,500.14999,624.19,558.09998,504.57001,613.17999,558.09998,504.57001,613.17999,558.09998,504.57001,613.17999,9.8000002,10.95,12,9.8000002,10.95,12,9.8000002,10.95,12,9.9200001,10.92,12.08,9.9200001,10.92,12.08,9.9200001,10.92,12.08,2.8800001,3.21,3.55,2.8800001,3.21,3.55,2.8800001,3.21,3.55,2.8800001,3.21,3.54,2.8800001,3.21,3.54,2.8800001,3.21,3.54,3.0799999,3.4300001,3.76,3.0799999,3.4300001,3.76,3.0799999,3.4300001,3.76,3.1199999,3.4200001,3.78,3.1199999,3.4200001,3.78,3.1199999,3.4200001,3.78,.82999998,.92000002,1.02,.82999998,.92000002,1.02,.82999998,.92000002,1.02,.81999999,.92000002,1.01,.81999999,.92000002,1.01,.81999999,.92000002,1.01,3634.72,4046.02,4544.79,3634.72,4046.02,4544.79,3634.72,4046.02,4544.79,3676.9199,4060.22,4461.8701,3676.9199,4060.22,4461.8701,3676.9199,4060.22,4461.8701,3.3599999,3.47,3.6099999,3.3599999,3.47,3.6099999,3.3599999,3.47,3.6099999,3.3599999,3.49,3.6300001,3.3599999,3.49,3.6300001,3.3599999,3.49,3.6300001,3.3599999,3.47,3.6099999,3.3599999,3.47,3.6099999,3.3599999,3.47,3.6099999,3.3599999,3.49,3.6300001,3.3599999,3.49,3.6300001,3.3599999,3.49,3.6300001,.028755775,.027991602,.027235297,.028755775,.027991602,.027235297,.028755775,.027991602,.027235297,.028668698,.029728284,.027724324,.028668698,.029728284,.027724324,.028668698,.029728284,.027724324,189.98169,68157.422,358.75784,57.401253,0,0,0,0,0,0,0,0,0,0,0,0,,,,167.9077,7854.3999,46.77808,0,,,,,,,,,,,,,,,,,,,,,,,,,,,,,,3477.5625,3469.4177,3477.5625,3469.4177,3477.5625,3469.4177,,,,,,,,,,,,,,,,,,,,,,,,,,,,,,,,,,,,,,,,,,,,
02Feb2020,Iran,,,,,,,,,,,,,,,,,,,168.70255,6686.9453,39.637489,,,,,,,,,,,,,,,,,,,,,,,,,,,,,,,,,,,,,,,,,,,,,,,,,,,,,,,,,,,,,,,,,,,,,,,,,,,,,,,,,,,,,,,,,,,,,,,,,,,,,,,,,,,,,,,,,,,,,,,,,,,,,,,,,,,,,,,,,,,,,,,,,,,.99000001,.89999998,1.0700001,.99000001,.89999998,1.0700001,.99000001,.89999998,1.0700001,.98000002,.92000002,1.08,.98000002,.92000002,1.08,.98000002,.92000002,1.08,.2,.18000001,.22,.2,.18000001,.22,.2,.18000001,.22,.2,.18000001,.22,.2,.18000001,.22,.2,.18000001,.22,3440.1299,3106.78,3805.1899,3440.1299,3106.78,3805.1899,3440.1299,3106.78,3805.1899,3441.8201,3102.1899,3769.1201,3441.8201,3102.1899,3769.1201,3441.8201,3102.1899,3769.1201,699.28003,627.64001,787.09998,699.28003,627.64001,787.09998,699.28003,627.64001,787.09998,702.17999,635.69,771.90997,702.17999,635.69,771.90997,702.17999,635.69,771.90997,12.28,13.69,15.03,12.28,13.69,15.03,12.28,13.69,15.03,12.36,13.66,15.09,12.36,13.66,15.09,12.36,13.66,15.09,3.6199999,4.0300002,4.4699998,3.6199999,4.0300002,4.4699998,3.6199999,4.0300002,4.4699998,3.6199999,4.0300002,4.4200001,3.6199999,4.0300002,4.4200001,3.6199999,4.0300002,4.4200001,3.8499999,4.29,4.6999998,3.8499999,4.29,4.6999998,3.8499999,4.29,4.6999998,3.8800001,4.2800002,4.7199998,3.8800001,4.2800002,4.7199998,3.8800001,4.2800002,4.7199998,1.04,1.15,1.28,1.04,1.15,1.28,1.04,1.15,1.28,1.04,1.15,1.27,1.04,1.15,1.27,1.04,1.15,1.27,4561.1699,5084.9399,5736.25,4561.1699,5084.9399,5736.25,4561.1699,5084.9399,5736.25,4623.3901,5108.3101,5616.7998,4623.3901,5108.3101,5616.7998,4623.3901,5108.3101,5616.7998,3.3599999,3.47,3.6099999,3.3599999,3.47,3.6099999,3.3599999,3.47,3.6099999,3.3599999,3.49,3.6300001,3.3599999,3.49,3.6300001,3.3599999,3.49,3.6300001,3.3599999,3.47,3.6099999,3.3599999,3.47,3.6099999,3.3599999,3.47,3.6099999,3.3599999,3.49,3.6300001,3.3599999,3.49,3.6300001,3.3599999,3.49,3.6300001,.028600845,.028678861,.027950706,.028600845,.028678861,.027950706,.028600845,.028678861,.027950706,.028482726,.028315689,.028500732,.028482726,.028315689,.028500732,.028482726,.028315689,.028500732,189.98169,68157.422,358.75784,71.751572,0,0,0,0,0,0,0,0,0,0,0,0,,,,167.9077,7854.3999,46.77808,0,,,,,,,,,,,,,,,,,,,,,,,,,,,,,,3496.4001,3474.8787,3496.4001,3474.8787,3496.4001,3474.8787,,,,,,,,,,,,,,,,,,,,,,,,,,,,,,,,,,,,,,,,,,,,
03Feb2020,Iran,,,,,,,,,,,,,,,,,,,168.70255,6686.9453,39.637489,,,,,,,,,,,,,,,,,,,,,,,,,,,,,,,,,,,,,,,,,,,,,,,,,,,,,,,,,,,,,,,,,,,,,,,,,,,,,,,,,,,,,,,,,,,,,,,,,,,,,,,,,,,,,,,,,,,,,,,,,,,,,,,,,,,,,,,,,,,,,,,,,,,1.23,1.12,1.34,1.23,1.12,1.34,1.23,1.12,1.34,1.23,1.15,1.35,1.23,1.15,1.35,1.23,1.15,1.35,.25,.22,.27000001,.25,.22,.27000001,.25,.22,.27000001,.25,.22,.27000001,.25,.22,.27000001,.25,.22,.27000001,4319.0098,3901.29,4806.6001,4319.0098,3901.29,4806.6001,4319.0098,3901.29,4806.6001,4325.29,3907.0801,4734.9302,4325.29,3907.0801,4734.9302,4325.29,3907.0801,4734.9302,878.88,787.65002,994.46997,878.88,787.65002,994.46997,878.88,787.65002,994.46997,883.46997,799.28003,971.73999,883.46997,799.28003,971.73999,883.46997,799.28003,971.73999,15.39,17.120001,18.889999,15.39,17.120001,18.889999,15.39,17.120001,18.889999,15.41,17.110001,18.84,15.41,17.110001,18.84,15.41,17.110001,18.84,4.5500002,5.0500002,5.6399999,4.5500002,5.0500002,5.6399999,4.5500002,5.0500002,5.6399999,4.5599999,5.0599999,5.5500002,4.5599999,5.0599999,5.5500002,4.5599999,5.0599999,5.5500002,4.8200002,5.3600001,5.9000001,4.8200002,5.3600001,5.9000001,4.8200002,5.3600001,5.9000001,4.8299999,5.3499999,5.8899999,4.8299999,5.3499999,5.8899999,4.8299999,5.3499999,5.8899999,1.3,1.45,1.62,1.3,1.45,1.62,1.3,1.45,1.62,1.3099999,1.45,1.59,1.3099999,1.45,1.59,1.3099999,1.45,1.59,5723.8999,6390.8901,7247.3799,5723.8999,6390.8901,7247.3799,5723.8999,6390.8901,7247.3799,5812.48,6427.1802,7070.77,5812.48,6427.1802,7070.77,5812.48,6427.1802,7070.77,3.3599999,3.47,3.6099999,3.3599999,3.47,3.6099999,3.3599999,3.47,3.6099999,3.3599999,3.49,3.6300001,3.3599999,3.49,3.6300001,3.3599999,3.49,3.6300001,3.3599999,3.47,3.6099999,3.3599999,3.47,3.6099999,3.3599999,3.47,3.6099999,3.3599999,3.49,3.6300001,3.3599999,3.49,3.6300001,3.3599999,3.49,3.6300001,.028445294,.027931187,.027150143,.028445294,.027931187,.027150143,.028445294,.027931187,.027150143,.02829751,.027524771,.027785212,.02829751,.027524771,.027785212,.02829751,.027524771,.027785212,189.98169,68157.422,358.75784,89.689461,0,0,0,0,0,0,0,0,0,0,0,0,,,,167.9077,7854.3999,46.77808,0,,,,,,,,,,,,,,,,,,,,,,,,,,,,,,3515.52,3511.3899,3515.52,3511.3899,3515.52,3511.3899,,,,,,,,,,,,,,,,,,,,,,,,,,,,,,,,,,,,,,,,,,,,
04Feb2020,Iran,,,,,,,,,,,,,,,,,,,168.70255,6686.9453,39.637489,,,,,,,,,,,,,,,,,,,,,,,,,0,0,0,0,0,0,,,,,,,,,,,,,0,0,0,0,0,0,,,,,,,0,0,0,0,0,0,,3224.3848,2563.3235,3947.6531,3224.3848,3947.6531,2563.3235,,,,,,,0,0,0,0,0,0,,,,,,,,,,,,,,0,0,0,0,0,0,,,,,,,,,,,,,,0,0,0,0,0,0,,,,,,,0,0,0,0,0,0,,3.8249891,3.0407922,4.6829801,,,,,,,,,,366.98276,119074.13,324.4679,,1.54,1.4,1.6799999,1.54,1.4,1.6799999,1.54,1.4,1.6799999,1.54,1.4299999,1.6900001,1.54,1.4299999,1.6900001,1.54,1.4299999,1.6900001,.31,.28,.34,.31,.28,.34,.31,.28,.34,.31,.28,.34,.31,.28,.34,.31,.28,.34,5423.6499,4895.9199,6062.52,5423.6499,4895.9199,6062.52,5423.6499,4895.9199,6062.52,5436.8901,4923.71,5956.2998,5436.8901,4923.71,5956.2998,5436.8901,4923.71,5956.2998,1104.64,988.46997,1256.51,1104.64,988.46997,1256.51,1104.64,988.46997,1256.51,1111.6,1003.06,1221.49,1111.6,1003.06,1221.49,1111.6,1003.06,1221.49,19.309999,21.43,23.67,19.309999,21.43,23.67,19.309999,21.43,23.67,19.25,21.440001,23.540001,19.25,21.440001,23.540001,19.25,21.440001,23.540001,5.6999998,6.3299999,7.0999999,5.6999998,6.3299999,7.0999999,5.6999998,6.3299999,7.0999999,5.75,6.3499999,6.98,5.75,6.3499999,6.98,5.75,6.3499999,6.98,6.04,6.6999998,7.4000001,6.04,6.6999998,7.4000001,6.04,6.6999998,7.4000001,6.0300002,6.6999998,7.3600001,6.0300002,6.6999998,7.3600001,6.0300002,6.6999998,7.3600001,1.63,1.8099999,2.03,1.63,1.8099999,2.03,1.63,1.8099999,2.03,1.65,1.8200001,2,1.65,1.8200001,2,1.65,1.8200001,2,7183.1699,8032.5,9161.6396,7183.1699,8032.5,9161.6396,7183.1699,8032.5,9161.6396,7285.3701,8086.79,8874.0898,7285.3701,8086.79,8874.0898,7285.3701,8086.79,8874.0898,3.3599999,3.47,3.6099999,3.3599999,3.47,3.6099999,3.3599999,3.47,3.6099999,3.3599999,3.49,3.6300001,3.3599999,3.49,3.6300001,3.3599999,3.49,3.6300001,3.3599999,3.47,3.6099999,3.3599999,3.47,3.6099999,3.3599999,3.47,3.6099999,3.3599999,3.49,3.6300001,3.3599999,3.49,3.6300001,3.3599999,3.49,3.6300001,.028063441,.028326606,.027059076,.028063441,.028326606,.027059076,.028063441,.028326606,.027059076,.02788773,.027914582,.027834859,.02788773,.027914582,.027834859,.02788773,.027914582,.027834859,189.98169,68157.422,358.75784,111.21494,0,0,0,0,0,0,0,0,0,0,0,0,,,,167.9077,7854.3999,46.77808,0,,,,,,,,,,,,,,,,,,,,,,,,,,,,,,3563.355,3521.8506,3563.355,3521.8506,3563.355,3521.8506,,,,,,,,,,,,,,,,,,,,,,,,,,,,,,,,,,,,,,,,,,,,
05Feb2020,Iran,,,,,,,,,,,,,,,,,,,168.70255,6686.9453,39.637489,,,,,,,,,,,,,,,,,,,,,,,,,0,0,0,0,0,0,,,,,,,,,,,,,0,0,0,0,0,0,,,,,,,0,0,0,0,0,0,.28785309,4050.2231,3288.0117,5057.6064,7274.6079,9005.2598,5851.335,,,,,,,0,0,0,0,0,0,.28785309,,,,,,,,,,,,,0,0,0,0,0,0,.28785309,,,,,,,,,,,,,0,0,0,0,0,0,,,,,,,0,0,0,0,0,0,,4.804656,3.9004676,5.9996839,,,,,,,,,,366.98276,119074.13,324.4679,,1.9299999,1.75,2.0999999,1.9299999,1.75,2.0999999,1.9299999,1.75,2.0999999,1.92,1.77,2.1099999,1.92,1.77,2.1099999,1.92,1.77,2.1099999,.38999999,.34999999,.43000001,.38999999,.34999999,.43000001,.38999999,.34999999,.43000001,.38999999,.34999999,.41999999,.38999999,.34999999,.41999999,.38999999,.34999999,.41999999,6812.0898,6136.4302,7639.5098,6812.0898,6136.4302,7639.5098,6812.0898,6136.4302,7639.5098,6835.5801,6203.1602,7496.3198,6835.5801,6203.1602,7496.3198,6835.5801,6203.1602,7496.3198,1388.4399,1240.51,1589.47,1388.4399,1240.51,1589.47,1388.4399,1240.51,1589.47,1398.6899,1257.28,1536.03,1398.6899,1257.28,1536.03,1398.6899,1257.28,1536.03,24.209999,26.85,29.84,24.209999,26.85,29.84,24.209999,26.85,29.84,24.200001,26.879999,29.469999,24.200001,26.879999,29.469999,24.200001,26.879999,29.469999,7.1399999,7.9499998,8.9399996,7.1399999,7.9499998,8.9399996,7.1399999,7.9499998,8.9399996,7.23,7.98,8.7700005,7.23,7.98,8.7700005,7.23,7.98,8.7700005,7.5700002,8.3900003,9.3100004,7.5700002,8.3900003,9.3100004,7.5700002,8.3900003,9.3100004,7.5700002,8.3999996,9.21,7.5700002,8.3999996,9.21,7.5700002,8.3999996,9.21,2.04,2.28,2.5599999,2.04,2.28,2.5599999,2.04,2.28,2.5599999,2.0699999,2.29,2.51,2.0699999,2.29,2.51,2.0699999,2.29,2.51,9014.5898,10096.11,11589.22,9014.5898,10096.11,11589.22,9014.5898,10096.11,11589.22,9131.6396,10175.23,11203.39,9131.6396,10175.23,11203.39,9131.6396,10175.23,11203.39,3.3599999,3.47,3.6099999,3.3599999,3.47,3.6099999,3.3599999,3.47,3.6099999,3.3599999,3.49,3.6300001,3.3599999,3.49,3.6300001,3.3599999,3.49,3.6300001,3.3599999,3.47,3.6099999,3.3599999,3.47,3.6099999,3.3599999,3.47,3.6099999,3.3599999,3.49,3.6300001,3.3599999,3.49,3.6300001,3.3599999,3.49,3.6300001,.028089078,.028214201,.027053043,.028089078,.028214201,.027053043,.028089078,.028214201,.027053043,.027883234,.027837871,.027343215,.027883234,.027837871,.027343215,.027883234,.027837871,.027343215,189.98169,68157.422,358.75784,139.91556,0,0,0,0,0,0,0,0,0,0,0,0,,,,167.9077,7854.3999,46.77808,0,,,,,,,,,,,,,,,,,,,,,,,,,,,,,,3560.1025,3529.5803,3560.1025,3529.5803,3560.1025,3529.5803,,,,,,,,,,,,,,,,,,,,,,,,,,,,,,,,,,,,,,,,,,,,
06Feb2020,Iran,,,,,,,,,,,,,,,,,,,168.70255,6686.9453,39.637489,,,,,,,,,,,,,,,,,,,,,,,,,0,0,0,0,0,0,,,,,,,,,,,,,0,0,0,0,0,0,,,,,,,0,0,0,0,0,0,.32299444,5066.9434,4135.3599,6388.7178,12341.551,15393.978,9986.6943,,,,,,,0,0,0,0,0,0,.32299444,,,,,,,,,,,,,0,0,0,0,0,0,.32299444,,,,,,,,,,,,,0,0,0,0,0,0,,,,,,,0,0,0,0,0,0,,6.0107598,4.9056506,7.5787406,,,,,,,,,,366.98276,119074.13,324.4679,,2.4100001,2.1900001,2.6300001,2.4100001,2.1900001,2.6300001,2.4100001,2.1900001,2.6300001,2.4100001,2.21,2.6400001,2.4100001,2.21,2.6400001,2.4100001,2.21,2.6400001,.47999999,.44,.52999997,.47999999,.44,.52999997,.47999999,.44,.52999997,.47999999,.43000001,.52999997,.47999999,.43000001,.52999997,.47999999,.43000001,.52999997,8557.2803,7693.27,9638.2402,8557.2803,7693.27,9638.2402,8557.2803,7693.27,9638.2402,8595.5303,7792.1802,9435.0596,8595.5303,7792.1802,9435.0596,8595.5303,7792.1802,9435.0596,1745.1899,1555.6801,2010.67,1745.1899,1555.6801,2010.67,1745.1899,1555.6801,2010.67,1759.95,1575.9301,1938.73,1759.95,1575.9301,1938.73,1759.95,1575.9301,1938.73,30.35,33.66,37.610001,30.35,33.66,37.610001,30.35,33.66,37.610001,30.450001,33.73,36.98,30.450001,33.73,36.98,30.450001,33.73,36.98,8.9399996,9.9700003,11.28,8.9399996,9.9700003,11.28,8.9399996,9.9700003,11.28,9.0699997,10.03,11.02,9.0699997,10.03,11.02,9.0699997,10.03,11.02,9.4899998,10.52,11.73,9.4899998,10.52,11.73,9.4899998,10.52,11.73,9.5100002,10.54,11.54,9.5100002,10.54,11.54,9.5100002,10.54,11.54,2.5599999,2.8599999,3.23,2.5599999,2.8599999,3.23,2.5599999,2.8599999,3.23,2.5999999,2.8699999,3.1600001,2.5999999,2.8699999,3.1600001,2.5999999,2.8699999,3.1600001,11289.2,12690.22,14660.15,11289.2,12690.22,14660.15,11289.2,12690.22,14660.15,11437.86,12803.31,14106.52,11437.86,12803.31,14106.52,11437.86,12803.31,14106.52,3.3599999,3.47,3.6099999,3.3599999,3.47,3.6099999,3.3599999,3.47,3.6099999,3.3599999,3.49,3.6199999,3.3599999,3.49,3.6199999,3.3599999,3.49,3.6199999,3.3599999,3.47,3.6099999,3.3599999,3.47,3.6099999,3.3599999,3.47,3.6099999,3.3599999,3.49,3.6300001,3.3599999,3.49,3.6300001,3.3599999,3.49,3.6300001,.027504168,.028283451,.02635937,.027504168,.028283451,.02635937,.027504168,.028283451,.02635937,.027273502,.027285475,.027337482,.027273502,.027285475,.027337482,.027273502,.027285475,.027337482,189.98169,68157.422,358.75784,172.20377,0,0,0,0,0,0,0,0,0,0,0,0,,,,167.9077,7854.3999,46.77808,0,,,,,,,,,,,,,,,,,,,,,,,,,,,,,,3635.8125,3550.7385,3635.8125,3550.7385,3635.8125,3550.7385,,,,,,,,,,,,,,,,,,,,,,,,,,,,,,,,,,,,,,,,,,,,
07Feb2020,Iran,,,,,,,,,,,,,,,,,,,168.70255,6686.9453,39.637489,,,,,,,,,,,,,,,,,,,,,,,,,0,0,0,0,0,0,,,,,,,,,,,,,0,0,0,0,0,0,,,,,,,0,0,0,0,0,0,.36893782,6311.4033,5092.9492,8042.23,18652.955,23436.207,15079.644,,,,,,,0,0,0,0,0,0,.36893782,,,,,,,,,,,,,0,0,0,0,0,0,.36893782,,,,,,,,,,,,,0,0,0,0,0,0,,,,,,,0,0,0,0,0,0,,7.4870248,6.0416102,9.5402517,,,,,,,,,,366.98276,119074.13,324.4679,,3.02,2.73,3.3,3.02,2.73,3.3,3.02,2.73,3.3,3.01,2.75,3.3,3.01,2.75,3.3,3.01,2.75,3.3,.60000002,.55000001,.67000002,.60000002,.55000001,.67000002,.60000002,.55000001,.67000002,.61000001,.55000001,.66000003,.61000001,.55000001,.66000003,.61000001,.55000001,.66000003,10750.95,9647.0898,12172.52,10750.95,9647.0898,12172.52,10750.95,9647.0898,12172.52,10810.11,9790.29,11875.73,10810.11,9790.29,11875.73,10810.11,9790.29,11875.73,2193.6599,1946.01,2543.5,2193.6599,1946.01,2543.5,2193.6599,1946.01,2543.5,2214.5701,1970.41,2440.6699,2214.5701,1970.41,2440.6699,2214.5701,1970.41,2440.6699,37.98,42.200001,47.310001,37.98,42.200001,47.310001,37.98,42.200001,47.310001,38.349998,42.330002,46.459999,38.349998,42.330002,46.459999,38.349998,42.330002,46.459999,11.2,12.52,14.24,11.2,12.52,14.24,11.2,12.52,14.24,11.37,12.6,13.84,11.37,12.6,13.84,11.37,12.6,13.84,11.88,13.18,14.76,11.88,13.18,14.76,11.88,13.18,14.76,11.97,13.22,14.5,11.97,13.22,14.5,11.97,13.22,14.5,3.21,3.5799999,4.0799999,3.21,3.5799999,4.0799999,3.21,3.5799999,4.0799999,3.25,3.6099999,3.96,3.25,3.6099999,3.96,3.25,3.6099999,3.96,14121.67,15951.25,18544.859,14121.67,15951.25,18544.859,14121.67,15951.25,18544.859,14292.16,16110.49,17758.471,14292.16,16110.49,17758.471,14292.16,16110.49,17758.471,3.3599999,3.47,3.6099999,3.3599999,3.47,3.6099999,3.3599999,3.47,3.6099999,3.3599999,3.49,3.6199999,3.3599999,3.49,3.6199999,3.3599999,3.49,3.6199999,3.3599999,3.47,3.6099999,3.3599999,3.47,3.6099999,3.3599999,3.47,3.6099999,3.3599999,3.49,3.6300001,3.3599999,3.49,3.6300001,3.3599999,3.49,3.6300001,.027351551,.02826296,.026341656,.027351551,.02826296,.026341656,.027351551,.02826296,.026341656,.02754485,.027912972,.027041757,.02754485,.027912972,.027041757,.02754485,.027912972,.027041757,189.98169,68157.422,358.75784,215.25471,0,0,0,0,0,0,0,0,0,0,0,0,,,,167.9077,7854.3999,46.77808,0,,,,,,,,,,,,,,,,,,,,,,,,,,,,,,3656.0996,3559.9172,3656.0996,3559.9172,3656.0996,3559.9172,,,,,,,,,,,,,,,,,,,,,,,,,,,,,,,,,,,,,,,,,,,,
08Feb2020,Iran,,,,,,,,,,,,,,,,,,,168.70255,6686.9453,39.637489,,,,,,,,,,,,,,,,,,,,,,,,,0,0,0,0,0,0,,,,,,,,,,,,,0,0,0,0,0,0,,,,,,,0,0,0,0,0,0,.42814347,7825.2261,6330.1831,10084.93,26478.18,33521.137,21409.828,,,,,,,0,0,0,0,0,0,.42814347,,,,,,,,,,,,,0,0,0,0,0,0,.42814347,,,,,,,,,,,,,0,0,0,0,0,0,,,,,,,0,0,0,0,0,0,,9.2828264,7.5093031,11.963444,,,,,,,,,,366.98276,119074.13,324.4679,,3.77,3.4200001,4.1399999,3.77,3.4200001,4.1399999,3.77,3.4200001,4.1399999,3.77,3.4300001,4.1300001,3.77,3.4300001,4.1300001,3.77,3.4300001,4.1300001,.75999999,.68000001,.85000002,.75999999,.68000001,.85000002,.75999999,.68000001,.85000002,.75999999,.69,.82999998,.75999999,.69,.82999998,.75999999,.69,.82999998,13508.38,12099.16,15381.7,13508.38,12099.16,15381.7,13508.38,12099.16,15381.7,13596.78,12266.62,14906.82,13596.78,12266.62,14906.82,13596.78,12266.62,14906.82,2757.4399,2434.3101,3217.52,2757.4399,2434.3101,3217.52,2757.4399,2434.3101,3217.52,2786.6699,2462.1599,3072.55,2786.6699,2462.1599,3072.55,2786.6699,2462.1599,3072.55,47.549999,52.93,59.560001,47.549999,52.93,59.560001,47.549999,52.93,59.560001,48.16,53.16,58.380001,48.16,53.16,58.380001,48.16,53.16,58.380001,14.04,15.72,17.99,14.04,15.72,17.99,14.04,15.72,17.99,14.23,15.83,17.379999,14.23,15.83,17.379999,14.23,15.83,17.379999,14.86,16.530001,18.57,14.86,16.530001,18.57,14.86,16.530001,18.57,15.04,16.59,18.209999,15.04,16.59,18.209999,15.04,16.59,18.209999,4.02,4.5,5.1500001,4.02,4.5,5.1500001,4.02,4.5,5.1500001,4.0700002,4.5300002,4.98,4.0700002,4.5300002,4.98,4.0700002,4.5300002,4.98,17662.141,20048.471,23459.09,17662.141,20048.471,23459.09,17662.141,20048.471,23459.09,17852.551,20270.23,22356.99,17852.551,20270.23,22356.99,17852.551,20270.23,22356.99,2.47,2.55,2.6300001,2.47,2.55,2.6300001,2.47,2.55,2.6300001,2.46,2.55,2.6300001,2.46,2.55,2.6300001,2.46,2.55,2.6300001,2.48,2.55,2.6400001,2.48,2.55,2.6400001,2.48,2.55,2.6400001,2.46,2.55,2.6300001,2.46,2.55,2.6300001,2.46,2.55,2.6300001,.027561797,.027933992,.026417863,.027561797,.027933992,.026417863,.027561797,.027933992,.026417863,.027272696,.028024174,.027013391,.027272696,.028024174,.027013391,.027272696,.028024174,.027013391,189.98169,68157.422,358.75784,272.65594,0,0,0,0,0,0,0,0,0,0,0,0,,,,167.9077,7854.3999,46.77808,0,,,,,,,,,,,,,,,,,,,,,,,,,,,,,,3628.2104,3583.1248,3628.2104,3583.1248,3628.2104,3583.1248,,,,,,,,,,,,,,,,,,,,,,,,,,,,,,,,,,,,,,,,,,,,
09Feb2020,Iran,,,,,,,,,,,,,,,,,,,168.70255,6686.9453,39.637489,,,,,,,,,,,,,,,,,,,,,,,,,0,0,0,0,0,0,0,0,0,,,,,,,,,,0,0,0,0,0,0,,,,,,,0,0,0,0,0,0,.5029124,9654.6553,7829.9785,12522.38,36132.836,46043.516,29239.807,,,,,,,0,0,0,0,0,0,.5029124,,,,,,,,,,,,,0,0,0,0,0,0,.5029124,,,,,,,,,,,,,0,0,0,0,0,0,,,,,,,0,0,0,0,0,0,,11.453023,9.2884645,14.854916,,,,,,,,,,366.98276,119074.13,324.4679,,4.7199998,4.2800002,5.1900001,4.7199998,4.2800002,5.1900001,4.7199998,4.2800002,5.1900001,4.7199998,4.2800002,5.1599998,4.7199998,4.2800002,5.1599998,4.7199998,4.2800002,5.1599998,.94999999,.86000001,1.0599999,.94999999,.86000001,1.0599999,.94999999,.86000001,1.0599999,.94999999,.86000001,1.05,.94999999,.86000001,1.05,.94999999,.86000001,1.05,16841.84,15069.23,19266.119,16841.84,15069.23,19266.119,16841.84,15069.23,19266.119,16967.09,15262.63,18630.051,16967.09,15262.63,18630.051,16967.09,15262.63,18630.051,3333.46,2941.3401,3884.4199,3333.46,2941.3401,3884.4199,3333.46,2941.3401,3884.4199,3370.3101,2971.1899,3709.6499,3370.3101,2971.1899,3709.6499,3370.3101,2971.1899,3709.6499,59.560001,66.410004,75.120003,59.560001,66.410004,75.120003,59.560001,66.410004,75.120003,60.43,66.760002,73.370003,60.43,66.760002,73.370003,60.43,66.760002,73.370003,17.57,19.709999,22.690001,17.57,19.709999,22.690001,17.57,19.709999,22.690001,17.799999,19.870001,21.879999,17.799999,19.870001,21.879999,17.799999,19.870001,21.879999,18.610001,20.73,23.4,18.610001,20.73,23.4,18.610001,20.73,23.4,18.860001,20.83,22.879999,18.860001,20.83,22.879999,18.860001,20.83,22.879999,5.0300002,5.6399999,6.5,5.0300002,5.6399999,6.5,5.0300002,5.6399999,6.5,5.0900002,5.6900001,6.2600002,5.0900002,5.6900001,6.2600002,5.0900002,5.6900001,6.2600002,20587.4,23274.1,26969.23,20587.4,23274.1,26969.23,20587.4,23274.1,26969.23,20787.461,23526.609,25833.74,20787.461,23526.609,25833.74,20787.461,23526.609,25833.74,2.47,2.55,2.6300001,2.47,2.55,2.6300001,2.47,2.55,2.6300001,2.46,2.55,2.6300001,2.46,2.55,2.6300001,2.46,2.55,2.6300001,2.48,2.55,2.6400001,2.48,2.55,2.6400001,2.48,2.55,2.6400001,2.46,2.55,2.6300001,2.46,2.55,2.6300001,2.46,2.55,2.6300001,.028498918,.029238373,.0272885,.028498918,.029238373,.0272885,.028498918,.029238373,.0272885,.028187318,.028944632,.028304556,.028187318,.028944632,.028304556,.028187318,.028944632,.028304556,189.98169,68157.422,358.75784,340.81995,0,0,0,0,0,0,0,0,0,0,0,0,,,,167.9077,7854.3999,46.77808,0,,,,,,,,,,,,,,,,,,,,,,,,,,,,,,3508.9053,3568.1865,3508.9053,3568.1865,3508.9053,3568.1865,,,,,,,,,,,,,,,,,,,,,,,,,,,,,,,,,,,,,,,,,,,,
10Feb2020,Iran,,,,,,,,,,,,,,,,,,,168.70255,6686.9453,39.637489,,,,,,,,,,,,,,,,,,,,,,,,,0,0,0,0,0,0,15.028959,23.653034,9.0238895,,,,,,,,,,0,0,0,0,0,0,,,,,,,0,0,0,0,0,0,.59423727,11850.122,9616.7656,15296.082,47982.957,61339.598,38856.57,,,,,,,0,0,0,0,0,0,.59423727,,,,,,,,,,,,,0,0,0,0,0,0,.59423727,,,,,,,,,,,,,0,0,0,0,0,0,,,,,,,0,0,0,0,0,0,,14.057438,11.408075,18.145275,,,,,,,,,,366.98276,119074.13,324.4679,,5.9200001,5.3600001,6.54,5.9200001,5.3600001,6.54,5.9200001,5.3600001,6.54,5.9200001,5.3600001,6.46,5.9200001,5.3600001,6.46,5.9200001,5.3600001,6.46,1.1900001,1.0700001,1.34,1.1900001,1.0700001,1.34,1.1900001,1.0700001,1.34,1.2,1.08,1.3099999,1.2,1.08,1.3099999,1.2,1.08,1.3099999,20744.5,18553.801,23776.66,20744.5,18553.801,23776.66,20744.5,18553.801,23776.66,20912.6,18784.119,22963.961,20912.6,18784.119,22963.961,20912.6,18784.119,22963.961,3902.6499,3450.3401,4510.54,3902.6499,3450.3401,4510.54,3902.6499,3450.3401,4510.54,3945.51,3485.6101,4326.7798,3945.51,3485.6101,4326.7798,3945.51,3485.6101,4326.7798,74.510002,83.209999,94.599998,74.510002,83.209999,94.599998,74.510002,83.209999,94.599998,75.589996,83.730003,91.949997,75.589996,83.730003,91.949997,75.589996,83.730003,91.949997,21.74,24.469999,28.290001,21.74,24.469999,28.290001,21.74,24.469999,28.290001,22.01,24.690001,27.18,22.01,24.690001,27.18,22.01,24.690001,27.18,23.27,25.969999,29.459999,23.27,25.969999,29.459999,23.27,25.969999,29.459999,23.620001,26.120001,28.709999,23.620001,26.120001,28.709999,23.620001,26.120001,28.709999,6.2199998,7,8.1000004,6.2199998,7,8.1000004,6.2199998,7,8.1000004,6.3000002,7.0700002,7.7800002,6.3000002,7.0700002,7.7800002,6.3000002,7.0700002,7.7800002,24135.721,27240.641,31293.52,24135.721,27240.641,31293.52,24135.721,27240.641,31293.52,24384.98,27533.59,30137.49,24384.98,27533.59,30137.49,24384.98,27533.59,30137.49,2.47,2.55,2.6300001,2.47,2.55,2.6300001,2.47,2.55,2.6300001,2.46,2.55,2.6300001,2.46,2.55,2.6300001,2.46,2.55,2.6300001,2.48,2.55,2.6400001,2.48,2.55,2.6400001,2.48,2.55,2.6400001,2.46,2.55,2.6300001,2.46,2.55,2.6300001,2.46,2.55,2.6300001,.030492105,.031011438,.029708195,.030492105,.031011438,.029708195,.030492105,.031011438,.029708195,.030414321,.030984534,.030276557,.030414321,.030984534,.030276557,.030414321,.030984534,.030276557,189.98169,68157.422,358.75784,426.92184,0,0,0,0,0,0,0,0,0,0,0,0,,,,167.9077,7854.3999,46.77808,0,,,,,,,,,,,,,,,,,,,,,,,,,,,,,,3279.5376,3504.1384,3279.5376,3504.1384,3279.5376,3504.1384,,,,,,,,,,,,,,,,,,,,,,,,,,,,,,,,,,,,,,,,,,,,
11Feb2020,Iran,,,,,,,,,,,,,,,,,,,168.70255,6686.9453,39.637489,,,,,,,,,,,,,,,,,,,,,,,,,0,0,0,0,0,0,19.172821,27.836445,12.458349,,,,,,,,,,0,0,0,0,0,0,,,,,,,0,0,0,0,0,0,.70090318,14465.445,11832.65,18493.137,62448.402,79832.734,50689.223,,,,,,,0,0,0,0,0,0,.70090318,,,,,,,,,,,,,0,0,0,0,0,0,.70090318,,,,,,,,,,,,,0,0,0,0,0,0,,,,,,,0,0,0,0,0,0,,17.159916,14.036712,21.937841,,,,,,,,,,366.98276,119074.13,324.4679,,7.4099998,6.71,8.2399998,7.4099998,6.71,8.2399998,7.4099998,6.71,8.2399998,7.4200001,6.73,8.1000004,7.4200001,6.73,8.1000004,7.4200001,6.73,8.1000004,1.49,1.34,1.6900001,1.49,1.34,1.6900001,1.49,1.34,1.6900001,1.5,1.36,1.65,1.5,1.36,1.65,1.5,1.36,1.65,25300.57,22600.24,28993.85,25300.57,22600.24,28993.85,25300.57,22600.24,28993.85,25518.131,22877.801,27982.5,25518.131,22877.801,27982.5,25518.131,22877.801,27982.5,4556.0698,4032.9399,5217.1802,4556.0698,4032.9399,5217.1802,4556.0698,4032.9399,5217.1802,4605.5298,4077.1899,5035.1099,4605.5298,4077.1899,5035.1099,4605.5298,4077.1899,5035.1099,92.839996,103.79,118.58,92.839996,103.79,118.58,92.839996,103.79,118.58,94.089996,104.54,114.69,94.089996,104.54,114.69,94.089996,104.54,114.69,26.52,29.9,34.59,26.52,29.9,34.59,26.52,29.9,34.59,26.83,30.190001,33.189999,26.83,30.190001,33.189999,26.83,30.190001,33.189999,29,32.400002,36.939999,29,32.400002,36.939999,29,32.400002,36.939999,29.4,32.619999,35.759998,29.4,32.619999,35.759998,29.4,32.619999,35.759998,7.5900002,8.5600004,9.8999996,7.5900002,8.5600004,9.8999996,7.5900002,8.5600004,9.8999996,7.6799998,8.6400003,9.5,7.6799998,8.6400003,9.5,7.6799998,8.6400003,9.5,28369.631,32008.25,36476.73,28369.631,32008.25,36476.73,28369.631,32008.25,36476.73,28679.6,32351.42,35314.719,28679.6,32351.42,35314.719,28679.6,32351.42,35314.719,2.47,2.55,2.6300001,2.47,2.55,2.6300001,2.47,2.55,2.6300001,2.46,2.55,2.6300001,2.46,2.55,2.6300001,2.46,2.55,2.6300001,2.48,2.55,2.6400001,2.48,2.55,2.6400001,2.48,2.55,2.6400001,2.46,2.55,2.6300001,2.46,2.55,2.6300001,2.46,2.55,2.6300001,.032703627,.033226382,.032392979,.032703627,.033226382,.032392979,.032703627,.033226382,.032392979,.032569543,.033356309,.032769889,.032569543,.033356309,.032769889,.032569543,.033356309,.032769889,189.98169,68157.422,358.75784,534.54919,0,0,0,0,0,0,0,0,0,0,0,0,,,,167.9077,7854.3999,46.77808,0,,,,,,,,,,,,,,,,,,,,,,,,,,,,,,3057.7649,3414.3821,3057.7649,3414.3821,3057.7649,3414.3821,,,,,,,,,,,,,,,,,,,,,,,,,,,,,,,,,,,,,,,,,,,,
12Feb2020,Iran,,,,,,,,,,,,,,,,,,,168.70255,6686.9453,39.637489,,,,,,,,,,,,,,,,,,,,,,,,,0,0,0,0,0,0,24.402853,32.75721,16.966908,0,0,0,,,,,,,0,0,0,0,0,0,,,,,,,0,0,0,0,0,0,.81950951,17556.592,14504.911,22554.322,80004.992,102387.05,65194.133,,,,,,,0,0,0,0,0,0,.81950951,,,,,,,,,,,,,0,0,0,0,0,0,.81950951,,,,,,,,,,,,,0,0,0,0,0,0,,,,,,,0,0,0,0,0,0,,20.826847,17.206732,26.755505,,,,,,,,,,366.98276,119074.13,324.4679,,9.2700005,8.3999996,10.35,9.2700005,8.3999996,10.35,9.2700005,8.3999996,10.35,9.3000002,8.4499998,10.16,9.3000002,8.4499998,10.16,9.3000002,8.4499998,10.16,1.87,1.67,2.1199999,1.87,1.67,2.1199999,1.87,1.67,2.1199999,1.88,1.7,2.0599999,1.88,1.7,2.0599999,1.88,1.7,2.0599999,30636.34,27354.311,35050.301,30636.34,27354.311,35050.301,30636.34,27354.311,35050.301,30911.391,27665.85,33844.988,30911.391,27665.85,33844.988,30911.391,27665.85,33844.988,5335.77,4726.9199,6057.0801,5335.77,4726.9199,6057.0801,5335.77,4726.9199,6057.0801,5393.2598,4780.2998,5878.9399,5393.2598,4780.2998,5878.9399,5393.2598,4780.2998,5878.9399,114.89,128.5,147.31,114.89,128.5,147.31,114.89,128.5,147.31,116.32,129.53,142.35001,116.32,129.53,142.35001,116.32,129.53,142.35001,31.950001,36.02,41.580002,31.950001,36.02,41.580002,31.950001,36.02,41.580002,32.279999,36.389999,39.93,32.279999,36.389999,39.93,32.279999,36.389999,39.93,35.91,40.139999,45.93,35.91,40.139999,45.93,35.91,40.139999,45.93,36.369999,40.450001,44.450001,36.369999,40.450001,44.450001,36.369999,40.450001,44.450001,9.1400003,10.31,11.9,9.1400003,10.31,11.9,9.1400003,10.31,11.9,9.2399998,10.41,11.43,9.2399998,10.41,11.43,9.2399998,10.41,11.43,33384.289,37661.309,42681.441,33384.289,37661.309,42681.441,33384.289,37661.309,42681.441,33763.301,38064.719,41440.879,33763.301,38064.719,41440.879,33763.301,38064.719,41440.879,2.47,2.55,2.6300001,2.47,2.55,2.6300001,2.47,2.55,2.6300001,2.46,2.55,2.6300001,2.46,2.55,2.6300001,2.46,2.55,2.6300001,2.48,2.55,2.6400001,2.48,2.55,2.6400001,2.48,2.55,2.6400001,2.46,2.55,2.6300001,2.46,2.55,2.6300001,2.46,2.55,2.6300001,.035046488,.035329558,.035000362,.035046488,.035329558,.035000362,.035046488,.035329558,.035000362,.034858324,.035562623,.03504033,.034858324,.035562623,.03504033,.034858324,.035562623,.03504033,189.98169,68157.422,358.75784,670.8772,0,0,0,0,0,0,0,0,0,0,0,0,,,,167.9077,7854.3999,46.77808,0,,,,,,,,,,,,,,,,,,,,,,,,,,,,,,2853.353,3304.8909,2853.353,3304.8909,2853.353,3304.8909,,,,,,,,,,,,,,,,,,,,,,,,,,,,,,,,,,,,,,,,,,,,
13Feb2020,Iran,,,,,,,,,,,,,,,,,2,2,168.70255,6686.9453,39.637489,,,,,,,,,,,,,,,,,,,,,,,,,0,0,0,0,0,0,30.973576,39.390541,23.411503,4.508688,7.0959105,2.7071669,,,,,,,0,0,0,0,0,0,,,,,,,0,0,0,0,0,0,.94557333,21179.93,17470.416,27477.141,101184.92,129864.2,82664.547,,,,,,,0,0,0,0,0,0,.94557333,,,,,,,,,,,,,0,0,0,0,0,0,.94557333,,,,,,,,,,,,,0,0,0,0,0,0,,,,,,,0,0,0,0,0,0,,25.125103,20.724619,32.595291,,,,,,,,,,366.98276,119074.13,324.4679,,11.6,10.48,12.97,11.6,10.48,12.97,11.6,10.48,12.97,11.63,10.58,12.73,11.63,10.58,12.73,11.63,10.58,12.73,2.3199999,2.0799999,2.6500001,2.3199999,2.0799999,2.6500001,2.3199999,2.0799999,2.6500001,2.3399999,2.1099999,2.5599999,2.3399999,2.1099999,2.5599999,2.3399999,2.1099999,2.5599999,36902.039,32953.078,42103.789,36902.039,32953.078,42103.789,36902.039,32953.078,42103.789,37244.34,33299.039,40711.309,37244.34,33299.039,40711.309,37244.34,33299.039,40711.309,6265.6899,5553.02,7090.96,6265.6899,5553.02,7090.96,6265.6899,5553.02,7090.96,6332.9502,5617.8301,6883.8599,6332.9502,5617.8301,6883.8599,6332.9502,5617.8301,6883.8599,140.73,157.72,181.09,140.73,157.72,181.09,140.73,157.72,181.09,142.50999,159.09,174.63,142.50999,159.09,174.63,142.50999,159.09,174.63,38.139999,42.950001,49.369999,38.139999,42.950001,49.369999,38.139999,42.950001,49.369999,38.5,43.400002,47.52,38.5,43.400002,47.52,38.5,43.400002,47.52,44.09,49.34,56.560001,44.09,49.34,56.560001,44.09,49.34,56.560001,44.66,49.759998,54.599998,44.66,49.759998,54.599998,44.66,49.759998,54.599998,10.91,12.29,14.13,10.91,12.29,14.13,10.91,12.29,14.13,11.02,12.42,13.6,11.02,12.42,13.6,11.02,12.42,13.6,39294.422,44325.441,50100.719,39294.422,44325.441,50100.719,39294.422,44325.441,50100.719,39757.5,44800.078,48651.078,39757.5,44800.078,48651.078,39757.5,44800.078,48651.078,2.47,2.55,2.6300001,2.47,2.55,2.6300001,2.47,2.55,2.6300001,2.46,2.55,2.6300001,2.46,2.55,2.6300001,2.46,2.55,2.6300001,2.48,2.55,2.6400001,2.48,2.55,2.6400001,2.48,2.55,2.6400001,2.46,2.55,2.6300001,2.46,2.55,2.6300001,2.46,2.55,2.6300001,.037027046,.037457094,.037371527,.037027046,.037457094,.037371527,.037027046,.037457094,.037371527,.036949601,.037558984,.037188437,.036949601,.037558984,.037188437,.036949601,.037558984,.037188437,189.98169,68157.422,358.75784,832.31818,0,0,0,0,0,0,0,0,0,0,0,0,,,,167.9077,7854.3999,46.77808,0,,,,,,,,,,,,,,,,,,,,,,,,,,,,,,2700.7285,3181.2102,2700.7285,3181.2102,2700.7285,3181.2102,,,,,,,,,,,,,,,,,,,,,,,,,,,,,,,,,,,,,,,,,,,,
14Feb2020,Iran,,,,,,,,,,,,,,,,,1.6666666,2.1666667,168.70255,6686.9453,39.637489,,,,,,,,,,,,,,,,,,,,,,,,,0,0,0,0,0,0,39.189899,48.095356,30.551998,5.7518463,8.3509331,3.7375047,,,,,,,0,0,0,0,0,0,,,,,,,0,0,0,0,0,0,1.0750418,25389.926,20755.293,32925.504,126574.85,162789.7,103419.84,,,,,,,0,0,0,0,0,0,1.0750418,,,,,,,,,,,,,0,0,0,0,0,0,1.0750418,,,,,,,,,,,,,0,0,0,0,0,0,,,,,,,0,0,0,0,0,0,,30.119291,24.62137,39.058517,,,,,,,,,,366.98276,119074.13,324.4679,,14.46,13.04,16.24,14.46,13.04,16.24,14.46,13.04,16.24,14.53,13.2,15.9,14.53,13.2,15.9,14.53,13.2,15.9,2.8699999,2.5699999,3.28,2.8699999,2.5699999,3.28,2.8699999,2.5699999,3.28,2.8900001,2.5999999,3.1800001,2.8900001,2.5999999,3.1800001,2.8900001,2.5999999,3.1800001,44269.609,39554.398,50332.23,44269.609,39554.398,50332.23,44269.609,39554.398,50332.23,44690.871,39934.309,48783.512,44690.871,39934.309,48783.512,44690.871,39934.309,48783.512,7367.5698,6530.9102,8314.46,7367.5698,6530.9102,8314.46,7367.5698,6530.9102,8314.46,7446.5298,6609.7998,8102.5498,7446.5298,6609.7998,8102.5498,7446.5298,6609.7998,8102.5498,171.09,191.98,220.36,171.09,191.98,220.36,171.09,191.98,220.36,173.08,193.74001,212.42999,173.08,193.74001,212.42999,173.08,193.74001,212.42999,45.189999,50.91,58.169998,45.189999,50.91,58.169998,45.189999,50.91,58.169998,45.66,51.450001,56.209999,45.66,51.450001,56.209999,45.66,51.450001,56.209999,53.689999,60.169998,68.989998,53.689999,60.169998,68.989998,53.689999,60.169998,68.989998,54.34,60.709999,66.559998,54.34,60.709999,66.559998,54.34,60.709999,66.559998,12.93,14.57,16.639999,12.93,14.57,16.639999,12.93,14.57,16.639999,13.06,14.72,16.08,13.06,14.72,16.08,13.06,14.72,16.08,46248.621,52166.449,58807.051,46248.621,52166.449,58807.051,46248.621,52166.449,58807.051,46813.441,52724.891,57434.77,46813.441,52724.891,57434.77,46813.441,52724.891,57434.77,2.47,2.55,2.6300001,2.47,2.55,2.6300001,2.47,2.55,2.6300001,2.46,2.55,2.6300001,2.46,2.55,2.6300001,2.46,2.55,2.6300001,2.48,2.55,2.6400001,2.48,2.55,2.6400001,2.48,2.55,2.6400001,2.46,2.55,2.6300001,2.46,2.55,2.6300001,2.46,2.55,2.6300001,.0389545,.039351329,.039449345,.0389545,.039351329,.039449345,.0389545,.039351329,.039449345,.038810026,.03933553,.039246906,.038810026,.03933553,.039246906,.038810026,.03933553,.039246906,189.98169,68157.422,358.75784,1029.635,0,0,0,0,0,0,0,0,0,0,0,0,,,,167.9077,7854.3999,46.77808,0,,,,,,,,,,,,,,,,,,,,,,,,,,,,,,2567.0977,3061.522,2567.0977,3061.522,2567.0977,3061.522,,,,,,,,,,,,,,,,,,,,,,,,,,,,,,,,,,,,,,,,,,,,
15Feb2020,Iran,,,,,,,,,,,,,,,,,1.5555556,2.8333333,168.70255,6686.9453,39.637489,,,,,,,,,,,,,,,,,,,,,,,,,0,0,0,0,0,0,49.413628,60.4977,39.282875,7.3208561,9.8271627,5.0900722,,,,,,,0,0,0,0,0,0,,,,,,,0,0,0,0,0,0,1.2052568,30236.238,24489.488,38916.488,156811.09,201706.19,127909.33,,,,,,,0,0,0,0,0,0,1.2052568,,,,,,,,,,,,,0,0,0,0,0,0,1.2052568,,,,,,,,,,,,,0,0,0,0,0,0,,,,,,,0,0,0,0,0,0,,35.868324,29.05113,46.165443,,,,,,,,,,366.98276,119074.13,324.4679,,17.99,16.200001,20.26,17.99,16.200001,20.26,17.99,16.200001,20.26,18.08,16.42,19.799999,18.08,16.42,19.799999,18.08,16.42,19.799999,3.52,3.1500001,4.0300002,3.52,3.1500001,4.0300002,3.52,3.1500001,4.0300002,3.55,3.1900001,3.9000001,3.55,3.1900001,3.9000001,3.55,3.1900001,3.9000001,52937.07,47341.07,59937.461,52937.07,47341.07,59937.461,52937.07,47341.07,59937.461,53451.148,47753.199,58254.148,53451.148,47753.199,58254.148,53451.148,47753.199,58254.148,8667.46,7684.1099,9754.7803,8667.46,7684.1099,9754.7803,8667.46,7684.1099,9754.7803,8760.2803,7780.1401,9562.7998,8760.2803,7780.1401,9562.7998,8760.2803,7780.1401,9562.7998,206.63,231.94,265.76999,206.63,231.94,265.76999,206.63,231.94,265.76999,208.84,234.16,256.32999,208.84,234.16,256.32999,208.84,234.16,256.32999,53.34,60.119999,68.25,53.34,60.119999,68.25,53.34,60.119999,68.25,53.919998,60.759998,66.239998,53.919998,60.759998,66.239998,53.919998,60.759998,66.239998,64.970001,72.860001,83.419998,64.970001,72.860001,83.419998,64.970001,72.860001,83.419998,65.690002,73.540001,80.510002,65.690002,73.540001,80.510002,65.690002,73.540001,80.510002,15.26,17.200001,19.530001,15.26,17.200001,19.530001,15.26,17.200001,19.530001,15.43,17.379999,18.950001,15.43,17.379999,18.950001,15.43,17.379999,18.950001,54428.32,61388.191,69018.32,54428.32,61388.191,69018.32,54428.32,61388.191,69018.32,55130.25,62045.141,67805.68,55130.25,62045.141,67805.68,55130.25,62045.141,67805.68,2.47,2.55,2.6300001,2.47,2.55,2.6300001,2.47,2.55,2.6300001,2.46,2.55,2.6300001,2.46,2.55,2.6300001,2.46,2.55,2.6300001,2.48,2.55,2.6400001,2.48,2.55,2.6400001,2.48,2.55,2.6400001,2.46,2.55,2.6300001,2.46,2.55,2.6300001,2.46,2.55,2.6300001,.040611666,.04099369,.041313082,.040611666,.04099369,.041313082,.040611666,.04099369,.041313082,.040523816,.041001834,.040783037,.040523816,.041001834,.040783037,.040523816,.041001834,.040783037,189.98169,68157.422,358.75784,1262.8276,0,0,0,0,0,0,0,0,0,0,0,0,,,,167.9077,7854.3999,46.77808,0,,,,,,,,,,,,,,,,,,,,,,,,,,,,,,2462.3467,2942.5833,2462.3467,2942.5833,2462.3467,2942.5833,,,,,,,,,,,,,,,,,,,,,,,,,,,,,,,,,,,,,,,,,,,,
16Feb2020,Iran,,,,,,,,,,,,,,,,,1.4916667,3.45,168.70255,6686.9453,39.637489,,,,,,,,,,,,,,,,,,,,,,,,,0,0,0,0,0,0,62.06958,77.507706,50.388706,9.2920723,11.817163,7.0234509,,,,,,,0,0,0,0,0,0,,,,,,,0,0,0,0,0,0,1.3349984,35760.254,28818.789,45313.547,192571.34,247019.73,156728.13,,,,,,,0,0,0,0,0,0,1.3349984,,,,,,,,,,,,,0,0,0,0,0,0,1.3349984,,,,,,,,,,,,,0,0,0,0,0,0,,,,,,,0,0,0,0,0,0,,42.421299,34.186848,53.754078,,,,,,,,,,366.98276,119074.13,324.4679,,22.280001,20.049999,25.16,22.280001,20.049999,25.16,22.280001,20.049999,25.16,22.41,20.32,24.540001,22.41,20.32,24.540001,22.41,20.32,24.540001,4.29,3.8299999,4.9200001,4.29,3.8299999,4.9200001,4.29,3.8299999,4.9200001,4.3299999,3.8800001,4.75,4.3299999,3.8800001,4.75,4.3299999,3.8800001,4.75,63134.859,56413.641,71151.594,63134.859,56413.641,71151.594,63134.859,56413.641,71151.594,63758.09,56950.488,69366.688,63758.09,56950.488,69366.688,63758.09,56950.488,69366.688,10197.79,9041.7002,11446.14,10197.79,9041.7002,11446.14,10197.79,9041.7002,11446.14,10306.94,9177.4502,11278.79,10306.94,9177.4502,11278.79,10306.94,9177.4502,11278.79,248.19,278.51001,318.17001,248.19,278.51001,318.17001,248.19,278.51001,318.17001,250.61,281.25,307.45001,250.61,281.25,307.45001,250.61,281.25,307.45001,62.860001,70.870003,80.199997,62.860001,70.870003,80.199997,62.860001,70.870003,80.199997,63.580002,71.629997,77.889999,63.580002,71.629997,77.889999,63.580002,71.629997,77.889999,78.199997,87.690002,100.15,78.199997,87.690002,100.15,78.199997,87.690002,100.15,78.989998,88.529999,96.790001,78.989998,88.529999,96.790001,78.989998,88.529999,96.790001,17.98,20.27,22.940001,17.98,20.27,22.940001,17.98,20.27,22.940001,18.190001,20.49,22.280001,18.190001,20.49,22.280001,18.190001,20.49,22.280001,64049.16,72233.461,80994.203,64049.16,72233.461,80994.203,64049.16,72233.461,80994.203,65085.879,73006.188,79796.148,65085.879,73006.188,79796.148,65085.879,73006.188,79796.148,2.47,2.55,2.6300001,2.47,2.55,2.6300001,2.47,2.55,2.6300001,2.46,2.55,2.6199999,2.46,2.55,2.6199999,2.46,2.55,2.6199999,2.48,2.55,2.6400001,2.48,2.55,2.6400001,2.48,2.55,2.6400001,2.46,2.55,2.6300001,2.46,2.55,2.6300001,2.46,2.55,2.6300001,.042067938,.042359289,.042983923,.042067938,.042359289,.042983923,.042067938,.042359289,.042983923,.042010527,.042277541,.042114448,.042010527,.042277541,.042114448,.042010527,.042277541,.042114448,189.98169,68157.422,358.75784,1539.0712,0,0,0,0,0,0,0,0,0,0,0,0,,,,167.9077,7854.3999,46.77808,0,,,,,,,,,,,,,,,,,,,,,,,,,,,,,,2377.1072,2833.7009,2377.1072,2833.7009,2377.1072,2833.7009,,,,,,,,,,,,,,,,,,,,,,,,,,,,,,,,,,,,,,,,,,,,
17Feb2020,Iran,,,,,,,,,,,,,,,,,1.3923078,4.3538461,168.70255,6686.9453,39.637489,,,,,,,,,,,,,,,,,,,,,,,,,0,0,0,0,0,0,77.650795,97.90696,63.374298,11.756969,14.428607,9.1655998,,,,,,,0,0,0,0,0,0,,,,,,,0,0,0,0,0,0,1.4639668,41991.094,33983.492,52348.711,234562.44,299368.44,190711.61,,,,,,,0,0,0,0,0,0,1.4639668,,,,,,,,,,,,,0,0,0,0,0,0,1.4639668,,,,,,,,,,,,,0,0,0,0,0,0,,,,,,,0,0,0,0,0,0,,49.812752,40.31358,62.099674,,,,,,,,,,366.98276,119074.13,324.4679,,27.48,24.709999,31.110001,27.48,24.709999,31.110001,27.48,24.709999,31.110001,27.66,25.040001,30.23,27.66,25.040001,30.23,27.66,25.040001,30.23,5.1999998,4.6399999,5.9499998,5.1999998,4.6399999,5.9499998,5.1999998,4.6399999,5.9499998,5.25,4.6900001,5.7399998,5.25,4.6900001,5.7399998,5.25,4.6900001,5.7399998,75132.922,67052.477,84540.617,75132.922,67052.477,84540.617,75132.922,67052.477,84540.617,75884.508,67731.102,82405.328,75884.508,67731.102,82405.328,75884.508,67731.102,82405.328,11998.05,10638.84,13430.47,11998.05,10638.84,13430.47,11998.05,10638.84,13430.47,12126.42,10833.65,13227.88,12126.42,10833.65,13227.88,12126.42,10833.65,13227.88,296.79001,332.76999,378.62,296.79001,332.76999,378.62,296.79001,332.76999,378.62,299.41,336.13,366.85999,299.41,336.13,366.85999,299.41,336.13,366.85999,74.019997,83.459999,94.209999,74.019997,83.459999,94.209999,74.019997,83.459999,94.209999,74.889999,84.349998,91.669998,74.889999,84.349998,91.669998,74.889999,84.349998,91.669998,93.709999,105.02,119.52,93.709999,105.02,119.52,93.709999,105.02,119.52,94.57,106.06,115.78,94.57,106.06,115.78,94.57,106.06,115.78,21.17,23.870001,26.950001,21.17,23.870001,26.950001,21.17,23.870001,26.950001,21.42,24.129999,26.219999,21.42,24.129999,26.219999,21.42,24.129999,26.219999,75365.008,84988.117,95039.75,75365.008,84988.117,95039.75,75365.008,84988.117,95039.75,76833.508,85896.969,93589.523,76833.508,85896.969,93589.523,76833.508,85896.969,93589.523,2.47,2.55,2.6300001,2.47,2.55,2.6300001,2.47,2.55,2.6300001,2.46,2.54,2.6199999,2.46,2.54,2.6199999,2.46,2.54,2.6199999,2.48,2.55,2.6400001,2.48,2.55,2.6400001,2.48,2.55,2.6400001,2.46,2.55,2.6300001,2.46,2.55,2.6300001,2.46,2.55,2.6300001,.043340374,.043613777,.044302247,.043340374,.043613777,.044302247,.043340374,.043613777,.044302247,.043293901,.04329104,.043393195,.043293901,.04329104,.043393195,.043293901,.04329104,.043393195,189.98169,68157.422,358.75784,1865.5408,0,0,0,0,0,0,0,0,0,0,0,0,,,,167.9077,7854.3999,46.77808,0,,,,,,,,,,,,,,,,,,,,,,,,,,,,,,2307.3174,2734.0947,2307.3174,2734.0947,2307.3174,2734.0947,,,,,,,,,,,,,,,,,,,,,,,,,,,,,,,,,,,,,,,,,,,,
18Feb2020,Iran,,,,,,,,,,,,,,,,,1.4188889,5.5911112,168.70255,6686.9453,39.637489,,,,,,,,,,,,,,,,,,,,,,,,,0,0,0,0,0,0,96.722122,123.247,78.049339,14.824088,18.149309,11.784863,,,,,,,0,0,0,0,0,0,,,,,,,0,0,0,0,0,0,1.5922437,48941.219,39879.641,59903.211,283503.66,359271.66,230591.25,,,,,,,0,0,0,0,0,0,1.5922437,,,,,,,,,,,,,0,0,0,0,0,0,1.5922437,,,,,,,,,,,,,0,0,0,0,0,0,,,,,,,0,0,0,0,0,0,,58.057468,47.307999,71.061348,,,,,,,,,,366.98276,119074.13,324.4679,,33.740002,30.35,38.25,33.740002,30.35,38.25,33.740002,30.35,38.25,33.98,30.719999,37.119999,33.98,30.719999,37.119999,33.98,30.719999,37.119999,6.2600002,5.5900002,7.1399999,6.2600002,5.5900002,7.1399999,6.2600002,5.5900002,7.1399999,6.3200002,5.6399999,6.9099998,6.3200002,5.6399999,6.9099998,6.3200002,5.6399999,6.9099998,89248.227,79569.883,100298.42,89248.227,79569.883,100298.42,89248.227,79569.883,100298.42,90150.773,80420.406,97702.773,90150.773,80420.406,97702.773,90150.773,80420.406,97702.773,14115.31,12517.4,15784.9,14115.31,12517.4,15784.9,14115.31,12517.4,15784.9,14266.26,12787.98,15512.61,14266.26,12787.98,15512.61,14266.26,12787.98,15512.61,352.70999,396.07999,448.47,352.70999,396.07999,448.47,352.70999,396.07999,448.47,356.26999,400.14001,435.92999,356.26999,400.14001,435.92999,356.26999,400.14001,435.92999,87.110001,98.230003,110.61,87.110001,98.230003,110.61,87.110001,98.230003,110.61,88.190002,99.279999,108.24,88.190002,99.279999,108.24,88.190002,99.279999,108.24,111.75,125.28,141.95,111.75,125.28,141.95,111.75,125.28,141.95,112.83,126.54,137.92,112.83,126.54,137.92,112.83,126.54,137.92,24.92,28.1,31.639999,24.92,28.1,31.639999,24.92,28.1,31.639999,25.219999,28.4,30.959999,25.219999,28.4,30.959999,25.219999,28.4,30.959999,88673.844,99987.711,111847.21,88673.844,99987.711,111847.21,88673.844,99987.711,111847.21,90649.25,101056.57,109756.86,90649.25,101056.57,109756.86,90649.25,101056.57,109756.86,2.47,2.54,2.6300001,2.47,2.54,2.6300001,2.47,2.54,2.6300001,2.46,2.54,2.6199999,2.46,2.54,2.6199999,2.46,2.54,2.6199999,2.48,2.55,2.6400001,2.48,2.55,2.6400001,2.48,2.55,2.6400001,2.46,2.55,2.6300001,2.46,2.55,2.6300001,2.46,2.55,2.6300001,.044349011,.044657838,.045233101,.044349011,.044657838,.045233101,.044349011,.044657838,.045233101,.044300329,.044103913,.044544403,.044300329,.044103913,.044544403,.044300329,.044103913,.044544403,189.98169,68157.422,358.75784,2245.8242,0,0,0,0,0,0,0,0,0,0,0,0,,,,167.9077,7854.3999,46.77808,0,,,,,,,,,,,,,,,,,,,,,,,,,,,,,,2254.8418,2645.1755,2254.8418,2645.1755,2254.8418,2645.1755,,,,,,,,,,,,,,,,,,,,,,,,,,,,,,,,,,,,,,,,,,,,
19Feb2020,Iran,2,2,4,10,4,10,2,2,4,10,4,10,0,0,100,0,1.5053571,7.0440478,168.70255,6686.9453,39.637489,79.274979,,,,,,,,,,,,,,,,,,,,,,,,0,0,0,0,0,0,119.92142,154.55133,97.009926,18.620874,23.252312,15.116612,4.7781291,,,4.7781291,,,0,0,0,0,0,0,2,,,2,,,0,0,0,0,0,0,1.7199849,56601.871,46550.379,68317.43,340105.53,427589.09,277141.63,4.7781291,,,4.7781291,,,0,0,0,0,0,0,1.7199849,,,,,,,4.7781291,,,4.7781291,,,0,0,0,0,0,0,1.7199849,,,,,,,.0056681489,,,.0056681489,,,0,0,0,0,0,0,.0023725389,,,.0023725389,,,0,0,0,0,0,0,.0023725389,67.145065,55.221291,81.042877,.0084416447,,,,,,,,,366.98276,119074.13,324.4679,1550.3495,41.240002,37.09,46.779999,41.240002,37.09,46.779999,41.240002,37.09,46.779999,41.549999,37.540001,45.41,41.549999,37.540001,45.41,41.549999,37.540001,45.41,7.5,6.6999998,8.5299997,7.5,6.6999998,8.5299997,7.5,6.6999998,8.5299997,7.5700002,6.7600002,8.2700005,7.5700002,6.7600002,8.2700005,7.5700002,6.7600002,8.2700005,105853.34,94296.578,118785.52,105853.34,94296.578,118785.52,105853.34,94296.578,118785.52,106933.38,95355.313,116147.93,106933.38,95355.313,116147.93,106933.38,95355.313,116147.93,16605.109,14726.71,18585.689,16605.109,14726.71,18585.689,16605.109,14726.71,18585.689,16782.609,15059.98,18193.6,16782.609,15059.98,18193.6,16782.609,15059.98,18193.6,418.10001,470.04001,530.73999,418.10001,470.04001,530.73999,418.10001,470.04001,530.73999,422.57999,474.89999,516.34998,422.57999,474.89999,516.34998,422.57999,474.89999,516.34998,102.5,115.58,129.81,102.5,115.58,129.81,102.5,115.58,129.81,103.93,116.82,127.78,103.93,116.82,127.78,103.93,116.82,127.78,132.71001,148.98,168.14,132.71001,148.98,168.14,132.71001,148.98,168.14,134.07001,150.50999,163.72,134.07001,150.50999,163.72,134.07001,150.50999,163.72,29.32,33.060001,37.130001,29.32,33.060001,37.130001,29.32,33.060001,37.130001,29.73,33.41,36.549999,29.73,33.41,36.549999,29.73,33.41,36.549999,104325.25,117625.61,131693.81,104325.25,117625.61,131693.81,104325.25,117625.61,131693.81,106705.87,118882.59,128785.27,106705.87,118882.59,128785.27,106705.87,118882.59,128785.27,2.47,2.54,2.6300001,2.47,2.54,2.6300001,2.47,2.54,2.6300001,2.46,2.54,2.6199999,2.46,2.54,2.6199999,2.46,2.54,2.6199999,2.48,2.55,2.6400001,2.48,2.55,2.6400001,2.48,2.55,2.6400001,2.46,2.55,2.6300001,2.46,2.55,2.6300001,2.46,2.55,2.6300001,.04516682,.045495566,.045895524,.04516682,.045495566,.045895524,.04516682,.045495566,.045895524,.045106217,.044887178,.045455549,.045106217,.044887178,.045455549,.045106217,.044887178,.045455549,189.98169,68157.422,358.75784,2690.6838,2,2,2,2,2,2,2,2,2,2,2,2,100,100,100,167.9077,7854.3999,46.77808,93.55616,,,,,,,,,,,,,,,,,,,,1,1,,,11846.032,71179.648,,,,,2214.0146,2566.7639,2214.0146,2566.7639,2214.0146,2566.7639,1,1,,,1,,2.3890646,2.3890646,2.3890646,3.75,3.75,3.75,1,,1,,28300.936,,,8302.5547,8302.5547,8302.5547,1,,1,,2.3890646,2.3890646,2.3890646,20.620001,20.620001,20.620001,1,,1,,170052.77,,,52926.672,52926.672,52926.672,1,
20Feb2020,Iran,0,2,0,0,4,10,3,5,6,15,10,25,0,0,0,3,1.6760417,9.194643,168.70255,6686.9453,39.637489,0,,,,,,,,,,,,,,,,,,,,,,,,0,0,0,0,0,0,147.95738,191.9052,119.99426,23.295238,29.372087,19.012289,0,,,4.7781291,,,0,0,0,0,0,0,0,,,2,,,0,0,0,0,0,0,1.8473201,64939.723,53837.215,77431.805,405045.25,505020.91,330978.84,0,,,4.7781291,,,0,0,0,0,0,0,1.8473201,,,,,,,0,,,4.7781291,,,0,0,0,0,0,0,1.8473201,,,,,,,0,,,.0056681489,,,0,0,0,0,0,0,0,,,.0023725389,,,0,0,0,0,0,0,.0035588082,77.036011,63.865444,91.85498,0,,,,,,,,,366.98276,119074.13,324.4679,0,50.189999,45.09,56.91,50.189999,45.09,56.91,50.189999,45.09,56.91,50.59,45.619999,55.240002,50.59,45.619999,55.240002,50.59,45.619999,55.240002,8.9499998,7.98,10.13,8.9499998,7.98,10.13,8.9499998,7.98,10.13,9.04,8.0600004,9.8500004,9.04,8.0600004,9.8500004,9.04,8.0600004,9.8500004,125385.98,111621.32,140472.88,125385.98,111621.32,140472.88,125385.98,111621.32,140472.88,126674.74,112931.88,138043.48,126674.74,112931.88,138043.48,126674.74,112931.88,138043.48,19532.65,17324.73,21881.551,19532.65,17324.73,21881.551,19532.65,17324.73,21881.551,19741.359,17726.17,21359.279,19741.359,17726.17,21359.279,19741.359,17726.17,21359.279,494.64001,556.53998,627.44,494.64001,556.53998,627.44,494.64001,556.53998,627.44,500.22,562.34998,610.09998,500.22,562.34998,610.09998,500.22,562.34998,610.09998,120.59,135.98,152.31,120.59,135.98,152.31,120.59,135.98,152.31,122.67,137.42999,150.03,122.67,137.42999,150.03,122.67,137.42999,150.03,157.25999,176.73,199.21001,157.25999,176.73,199.21001,157.25999,176.73,199.21001,158.97,178.55,193.84,158.97,178.55,193.84,158.97,178.55,193.84,34.490002,38.889999,43.560001,34.490002,38.889999,43.560001,34.490002,38.889999,43.560001,35.080002,39.299999,42.91,35.080002,39.299999,42.91,35.080002,39.299999,42.91,122729.21,138363.09,155046.64,122729.21,138363.09,155046.64,122729.21,138363.09,155046.64,125596.16,139841.16,151193.73,125596.16,139841.16,151193.73,125596.16,139841.16,151193.73,2.47,2.54,2.6300001,2.47,2.54,2.6300001,2.47,2.54,2.6300001,2.46,2.54,2.6199999,2.46,2.54,2.6199999,2.46,2.54,2.6199999,2.48,2.55,2.6400001,2.48,2.55,2.6400001,2.48,2.55,2.6400001,2.46,2.55,2.6300001,2.46,2.55,2.6300001,2.46,2.55,2.6300001,.045820713,.046061322,.046294708,.045820713,.046061322,.046294708,.045820713,.046061322,.046294708,.045792185,.045469496,.04611579,.045792185,.045469496,.04611579,.045792185,.045469496,.04611579,189.98169,68157.422,358.75784,3210.8826,2,2,2,0,0,0,5,5,5,3,3,3,0,0,0,167.9077,7854.3999,46.77808,0,,,,,,,,,,,,,,,,,,,,,2.5,,,,84770.68,,,,,2182.4192,2498.2263,2182.4192,2498.2263,2182.4192,2498.2263,,2.5,,,,,,,,,,,,,1,,21646.574,,,6510.8833,6510.8833,6510.8833,1,,1,,2.3890646,2.3890646,2.3890646,25.094999,25.094999,25.094999,1,,1,,81009.047,,,25077.195,25077.195,25077.195,1,
21Feb2020,Iran,2,4,4,10,8,20,13,18,26,65,36,90,0,0,15.384615,14,1.986012,12.538095,168.70255,6686.9453,39.637489,79.274979,,,,,,,,,,,,,,,,,,,,,,,,0,0,0,0,0,0,181.60286,234.41212,147.37672,29.016636,36.974098,23.414801,4.7781291,,,9.5562582,,,0,0,0,0,0,0,2,,,4,,,0,0,0,0,0,0,1.9743494,73894.391,61733.504,87055.414,478939.66,592076.31,392712.34,4.7781291,,,9.5562582,,,0,0,0,0,0,0,1.9743494,,,,,,,4.7781291,,,9.5562582,,,0,0,0,0,0,0,1.9743494,,,,,,,.0056681489,,,.011336298,,,0,0,0,0,0,0,.0023725389,,,.0047450778,,,0,0,0,0,0,0,.015421502,87.658653,73.232567,103.27117,.0064661596,,,,,,,,,366.98276,119074.13,324.4679,1550.3495,60.84,54.610001,68.900002,60.84,54.610001,68.900002,60.84,54.610001,68.900002,61.349998,55.209999,66.919998,61.349998,55.209999,66.919998,61.349998,55.209999,66.919998,10.65,9.4799995,12.01,10.65,9.4799995,12.01,10.65,9.4799995,12.01,10.76,9.5799999,11.7,10.76,9.5799999,11.7,10.76,9.5799999,11.7,148360.38,132000.75,165912.14,148360.38,132000.75,165912.14,148360.38,132000.75,165912.14,149894.53,133852.48,163467.45,149894.53,133852.48,163467.45,149894.53,133852.48,163467.45,22974.391,20376.68,25759.34,22974.391,20376.68,25759.34,22974.391,20376.68,25759.34,23219.779,20862.65,25140.48,23219.779,20862.65,25140.48,23219.779,20862.65,25140.48,584.33002,657.82001,740.27002,584.33002,657.82001,740.27002,584.33002,657.82001,740.27002,591.21997,664.73999,723.14001,591.21997,664.73999,723.14001,591.21997,664.73999,723.14001,141.86,159.95,178.78,141.86,159.95,178.78,141.86,159.95,178.78,144.78,161.66,175.92999,144.78,161.66,175.92999,144.78,161.66,175.92999,186.03999,209.24001,235.48,186.03999,209.24001,235.48,186.03999,209.24001,235.48,188.16,211.41,229.57001,188.16,211.41,229.57001,188.16,211.41,229.57001,40.57,45.740002,51.130001,40.57,45.740002,51.130001,40.57,45.740002,51.130001,41.400002,46.23,50.310001,41.400002,46.23,50.310001,41.400002,46.23,50.310001,144258.13,162740.61,182519.73,144258.13,162740.61,182519.73,144258.13,162740.61,182519.73,147816.5,164478.45,178356.66,147816.5,164478.45,178356.66,147816.5,164478.45,178356.66,2.47,2.54,2.6300001,2.47,2.54,2.6300001,2.47,2.54,2.6300001,2.46,2.54,2.6199999,2.46,2.54,2.6199999,2.46,2.54,2.6199999,2.48,2.55,2.6400001,2.48,2.55,2.6400001,2.48,2.55,2.6400001,2.46,2.55,2.6300001,2.46,2.55,2.6300001,2.46,2.55,2.6300001,.046355963,.046523768,.046623867,.046355963,.046523768,.046623867,.046355963,.046523768,.046623867,.046339802,.045919381,.046538491,.046339802,.045919381,.046538491,.046339802,.045919381,.046538491,189.98169,68157.422,358.75784,3820.771,4,4,4,2,2,2,18,18,18,13,13,13,15.384615,15.384615,15.384615,167.9077,7854.3999,46.77808,93.55616,,,,,,,,,,,,,,,,,,,,6.5,4.5,,,15465.131,50117.906,,,,,2157.22,2438.5334,2157.22,2438.5334,2157.22,2438.5334,6.5,4.5,,,1,,2.3890646,2.3890646,2.3890646,5.3249998,5.3249998,5.3249998,1,,1,,5684.1841,,,1767.2609,1767.2609,1767.2609,1,,1,,2.3890646,2.3890646,2.3890646,15.21,15.21,15.21,1,,1,,26607.758,,,8242.2432,8242.2432,8242.2432,1,
22Feb2020,Iran,1,5,2,5,10,25,10,28,20,50,56,140,0,0,10,23,2.3763394,18.070536,168.70255,6686.9453,39.637489,39.637489,,,,,,,,,,,,,,,,,,,,,,,,648.91577,817.22345,539.43768,345.6012,435.23892,287.29507,221.68263,283.40692,181.33511,133.02733,190.53606,89.742012,2.3890646,,,11.945323,,,0,0,0,0,0,0,1,,,5,,,0,0,0,0,0,0,2.1011705,83378.195,69790.875,97597.344,562317.81,689673.63,462503.22,2.3890646,,,11.945323,,,0,0,0,0,0,0,2.1011705,,,,,,,2.3890646,,,11.945323,,,0,0,0,0,0,0,2.1011705,,,,,,,.0028340744,,,.014170372,,,0,0,0,0,0,0,.0011862695,,,.0059313471,,,0,0,0,0,0,0,.011862694,98.909004,82.790779,115.77675,.002865335,,,,,,,,,366.98276,119074.13,324.4679,775.17474,73.470001,65.93,83.050003,73.470001,65.93,83.050003,73.470001,65.93,83.050003,74.110001,66.599998,80.769997,74.110001,66.599998,80.769997,74.110001,66.599998,80.769997,12.63,11.24,14.24,12.63,11.24,14.24,12.63,11.24,14.24,12.76,11.36,13.85,12.76,11.36,13.85,12.76,11.36,13.85,175380.23,155971.23,195749.11,175380.23,155971.23,195749.11,175380.23,155971.23,195749.11,177202.88,158660,192780.06,177202.88,158660,192780.06,177202.88,158660,192780.06,27019.869,23925.74,30320.779,27019.869,23925.74,30320.779,27019.869,23925.74,30320.779,27308.35,24528.98,29695.279,27308.35,24528.98,29695.279,27308.35,24528.98,29695.279,689.5,776.53998,872.08002,689.5,776.53998,872.08002,689.5,776.53998,872.08002,697.96997,784.73999,856.52002,697.96997,784.73999,856.52002,697.96997,784.73999,856.52002,166.87,188.13,210.48,166.87,188.13,210.48,166.87,188.13,210.48,170.62,190.14,206.27,170.62,190.14,206.27,170.62,190.14,206.27,219.78999,247.35001,277.85999,219.78999,247.35001,277.85999,219.78999,247.35001,277.85999,222.42,249.92999,272.31,222.42,249.92999,272.31,222.42,249.92999,272.31,47.720001,53.799999,60.189999,47.720001,53.799999,60.189999,47.720001,53.799999,60.189999,48.790001,54.369999,58.990002,48.790001,54.369999,58.990002,48.790001,54.369999,58.990002,169382.13,191381.73,214819.94,169382.13,191381.73,214819.94,169382.13,191381.73,214819.94,173583.95,193414.47,210590.7,173583.95,193414.47,210590.7,173583.95,193414.47,210590.7,1.01,1.05,1.09,1.01,1.05,1.09,1.01,1.05,1.09,1.01,1.05,1.09,1.01,1.05,1.09,1.01,1.05,1.09,1.01,1.0599999,1.1,1.01,1.0599999,1.1,1.01,1.0599999,1.1,1.02,1.05,1.1,1.02,1.05,1.1,1.02,1.05,1.1,.046743382,.046978693,.046964493,.046743382,.046978693,.046964493,.046743382,.046978693,.046964493,.046725638,.046312563,.046640411,.046725638,.046312563,.046640411,.046725638,.046312563,.046640411,189.98169,68157.422,358.75784,4531.1118,5,5,5,1,1,1,28,28,28,10,10,10,10,10,10,167.9077,7854.3999,46.77808,46.77808,,,,,,,,,,,,,,,,,,,,10,5.5999999,,,34899.934,47074.309,,,,,2139.3403,2387.0999,2139.3403,2387.0999,2139.3403,2387.0999,10,5.5999999,,,1,,2.3890646,2.3890646,2.3890646,12.63,12.63,12.63,1,,1,,8337.8193,,,2701.9868,2701.9868,2701.9868,1,,1,,2.3890646,2.3890646,2.3890646,14.694,14.694,14.694,1,,1,,20082.779,,,6263.5796,6263.5796,6263.5796,1,
23Feb2020,Iran,3,8,6,15,16,40,15,43,30,75,86,215,0,0,20,35,2.9035714,27.326191,168.70255,6686.9453,39.637489,118.91247,,,,,,,,,,,,,,,,,,,,,,,,857.74158,1084.1106,713.49445,456.81818,577.37836,379.99466,269.05438,345.6445,222.28745,163.37061,234.39987,110.27692,7.1671939,,,19.112516,,,10.451797,10.451797,10.451797,10.451797,10.451797,10.451797,3,,,8,,,4.3748488,4.3748488,4.3748488,4.3748488,4.3748488,4.3748488,2.2279239,93278.258,78271.328,109761.19,655596.13,799434.81,540774.56,7.1671939,,,19.112516,,,10.451797,10.451797,10.451797,10.451797,10.451797,10.451797,2.2279239,,,,,,,7.1671939,,,19.112516,,,10.451797,10.451797,10.451797,10.451797,10.451797,10.451797,2.2279239,,,,,,,.0085022226,,,.022672595,,,.012398646,.012398646,.012398646,.012398646,.012398646,.012398646,.0035588082,,,.0094901556,,,.0051897494,.0051897494,.0051897494,.0051897494,.0051897494,.0051897494,.017794041,110.65314,92.850883,130.20634,.0076836706,,,,,,,,,366.98276,119074.13,324.4679,2325.5244,88.43,79.360001,99.709999,88.43,79.360001,99.709999,88.43,79.360001,99.709999,89.220001,80.099998,97.129997,89.220001,80.099998,97.129997,89.220001,80.099998,97.129997,14.96,13.3,16.83,14.96,13.3,16.83,14.96,13.3,16.83,15.11,13.45,16.42,15.11,13.45,16.42,15.11,13.45,16.42,204906.03,182202.02,228593.05,204906.03,182202.02,228593.05,204906.03,182202.02,228593.05,207034.13,185871.81,224702.17,207034.13,185871.81,224702.17,207034.13,185871.81,224702.17,29525.801,26147.699,33094.73,29525.801,26147.699,33094.73,29525.801,26147.699,33094.73,29831.24,26838.029,32505.99,29831.24,26838.029,32505.99,29831.24,26838.029,32505.99,812.83002,915.69,1026.09,812.83002,915.69,1026.09,812.83002,915.69,1026.09,825.25,925.39001,1010.95,825.25,925.39001,1010.95,825.25,925.39001,1010.95,195.89,220.83,247.27,195.89,220.83,247.27,195.89,220.83,247.27,200.39,223.17999,241.60001,200.39,223.17999,241.60001,200.39,223.17999,241.60001,259.38,292.01999,327.39001,259.38,292.01999,327.39001,259.38,292.01999,327.39001,262.91,295.09,322.57001,262.91,295.09,322.57001,262.91,295.09,322.57001,56.02,63.150002,70.709999,56.02,63.150002,70.709999,56.02,63.150002,70.709999,57.299999,63.82,69.089996,57.299999,63.82,69.089996,57.299999,63.82,69.089996,170916.08,192732.3,215568.16,170916.08,192732.3,215568.16,170916.08,192732.3,215568.16,175751.17,194657.03,211982.66,175751.17,194657.03,211982.66,175751.17,194657.03,211982.66,1.01,1.05,1.09,1.01,1.05,1.09,1.01,1.05,1.09,1.01,1.05,1.09,1.01,1.05,1.09,1.01,1.05,1.09,1.01,1.0599999,1.1,1.01,1.0599999,1.1,1.01,1.0599999,1.1,1.02,1.05,1.1,1.02,1.05,1.1,1.02,1.05,1.1,.05066755,.050864898,.050854016,.05066755,.050864898,.050854016,.05066755,.050864898,.050854016,.050651599,.050115451,.050513767,.050651599,.050115451,.050513767,.050651599,.050115451,.050513767,189.98169,68157.422,358.75784,5367.0176,8,8,8,3,3,3,43,43,43,15,15,15,20,20,20,167.9077,7854.3999,46.77808,140.33424,,,,,,,,,,,,,,,,,,,,5,5.375,,,13014.613,34301.926,,,,,1973.6498,2317.1553,1973.6498,2317.1553,1973.6498,2317.1553,5,5.375,,,1,,2.3890646,2.3890646,2.3890646,4.9866667,4.9866667,4.9866667,1,,1,,6218.5503,,,1968.3867,1968.3867,1968.3867,1,,1,,2.3890646,2.3890646,2.3890646,11.05375,11.05375,11.05375,1,,1,,15246.422,,,4765.2563,4765.2563,4765.2563,1,
24Feb2020,Iran,4,12,8,20,24,60,18,61,36,90,122,305,0,0,22.222221,49,3.6160715,42.921131,168.70255,6686.9453,39.637489,158.54996,,,,,,,,,,,,,,,,,,,,,,,,1101.5564,1391.4207,914.76111,586.66968,741.04633,487.18579,324.58197,421.08661,267.73373,199.41885,285.31924,133.9351,9.5562582,,,28.668776,,,8.182765,8.182765,8.182765,18.634562,18.634562,18.634562,4,,,12,,,3.4250915,3.4250915,3.4250915,7.7999401,7.7999401,7.7999401,2.3548503,103457.78,86512.07,122649.09,759053.88,922083.94,627286.63,9.5562582,,,28.668776,,,8.182765,8.182765,8.182765,18.634562,18.634562,18.634562,2.3548503,,,,,,,9.5562582,,,28.668776,,,8.182765,8.182765,8.182765,18.634562,18.634562,18.634562,2.3548503,,,,,,,.011336298,,,.03400889,,,.0097069638,.0097069638,.0097069638,.02210561,.02210561,.02210561,.0047450778,,,.014235233,,,.0040630815,.0040630815,.0040630815,.0092528304,.0092528304,.0092528304,.02135285,122.7288,102.62663,145.49486,.0092368675,,,,,,,,,366.98276,119074.13,324.4679,3100.699,106.1,95.260002,119.27,106.1,95.260002,119.27,106.1,95.260002,119.27,107.09,96.07,116.43,107.09,96.07,116.43,107.09,96.07,116.43,17.68,15.71,19.85,17.68,15.71,19.85,17.68,15.71,19.85,17.860001,15.9,19.469999,17.860001,15.9,19.469999,17.860001,15.9,19.469999,234873.97,208900.13,262063.81,234873.97,208900.13,262063.81,234873.97,208900.13,262063.81,237292.48,213620.94,256970.63,237292.48,213620.94,256970.63,237292.48,213620.94,256970.63,29967.939,26587.631,33470.781,29967.939,26587.631,33470.781,29967.939,26587.631,33470.781,30258.369,27383.85,33009.738,30258.369,27383.85,33009.738,30258.369,27383.85,33009.738,955.78998,1076.91,1203.96,955.78998,1076.91,1203.96,955.78998,1076.91,1203.96,973.47998,1088.33,1185.66,973.47998,1088.33,1185.66,973.47998,1088.33,1185.66,226.31,255.02,285.64999,226.31,255.02,285.64999,226.31,255.02,285.64999,231.67999,257.72,278.64001,231.67999,257.72,278.64001,231.67999,257.72,278.64001,305.32999,343.85001,384.67999,305.32999,343.85001,384.67999,305.32999,343.85001,384.67999,310.47,347.48001,378.91,310.47,347.48001,378.91,310.47,347.48001,378.91,64.709999,72.919998,81.68,64.709999,72.919998,81.68,64.709999,72.919998,81.68,66.25,73.690002,79.669998,66.25,73.690002,79.669998,66.25,73.690002,79.669998,172619.17,194236.44,216364.67,172619.17,194236.44,216364.67,172619.17,194236.44,216364.67,178214.38,196037.08,213645.91,178214.38,196037.08,213645.91,178214.38,196037.08,213645.91,1.01,1.05,1.09,1.01,1.05,1.09,1.01,1.05,1.09,1.01,1.05,1.09,1.01,1.05,1.09,1.01,1.05,1.09,1.01,1.0599999,1.1,1.01,1.0599999,1.1,1.01,1.0599999,1.1,1.02,1.05,1.1,1.02,1.05,1.1,1.02,1.05,1.1,.058996383,.059087627,.059305459,.058996383,.059087627,.059305459,.058996383,.059087627,.059305459,.059024993,.058063421,.058982592,.059024993,.058063421,.058982592,.059024993,.058063421,.058982592,189.98169,68157.422,358.75784,6342.8389,12,12,12,4,4,4,61,61,61,18,18,18,22.222221,22.222221,22.222221,167.9077,7854.3999,46.77808,187.11232,,,,,,,,,,,,,,,,,,,,4.5,5.0833335,,,10826.181,26476.676,,,,,1695.0192,2213.7039,1695.0192,2213.7039,1695.0192,2213.7039,4.5,5.0833335,,,1,,2.3890646,2.3890646,2.3890646,4.4200001,4.4200001,4.4200001,1,,1,,5747.6543,,,1664.8855,1664.8855,1664.8855,1,,1,,2.3890646,2.3890646,2.3890646,8.8416662,8.8416662,8.8416662,1,,1,,12443.506,,,3850.3928,3850.3928,3850.3928,1,
25Feb2020,Iran,4,16,8,20,32,80,34,95,68,170,190,475,0,0,11.764706,79,4.4821429,67.625,168.70255,6686.9453,39.637489,158.54996,,,,,,,,,,,,,,,,,,,,,,,,1394.7842,1772.5024,1167.408,206.16385,261.9946,172.55524,389.10007,504.58261,318.07443,180.55804,251.93268,127.77026,9.5562582,,,38.225033,,,10.766788,10.766788,10.766788,29.40135,29.40135,29.40135,4,,,16,,,4.5066957,4.5066957,4.5066957,12.306636,12.306636,12.306636,2.482343,113757.76,94702.969,135444.03,872811.63,1057528,721989.56,9.5562582,,,38.225033,,,10.766788,10.766788,10.766788,29.40135,29.40135,29.40135,2.482343,,,,,,,9.5562582,,,38.225033,,,10.766788,10.766788,10.766788,29.40135,29.40135,29.40135,2.482343,,,,,,,.011336298,,,.045345191,,,.012772311,.012772311,.012772311,.034877922,.034877922,.034877922,.0047450778,,,.018980311,,,.0053461553,.0053461553,.0053461553,.014598986,.014598986,.014598986,.040333159,134.94734,112.34324,160.67311,.0084005333,,,,,,,,,366.98276,119074.13,324.4679,3100.699,126.95,113.89,142.32001,126.95,113.89,142.32001,126.95,113.89,142.32001,128.14999,114.9,139.14,128.14999,114.9,139.14,128.14999,114.9,139.14,20.85,18.51,23.370001,20.85,18.51,23.370001,20.85,18.51,23.370001,21.059999,18.77,23.030001,21.059999,18.77,23.030001,21.059999,18.77,23.030001,264675.53,235542.58,295193.41,264675.53,235542.58,295193.41,264675.53,235542.58,295193.41,267358.56,241156.8,288959.44,267358.56,241156.8,288959.44,267358.56,241156.8,288959.44,29801.551,26506.391,33129.59,29801.551,26506.391,33129.59,29801.551,26506.391,33129.59,30066.08,27391.66,32819.801,30066.08,27391.66,32819.801,30066.08,27391.66,32819.801,1116.03,1257.42,1405.02,1116.03,1257.42,1405.02,1116.03,1257.42,1405.02,1140.1,1270.73,1380.55,1140.1,1270.73,1380.55,1140.1,1270.73,1380.55,254.03,286.20999,320.44,254.03,286.20999,320.44,254.03,286.20999,320.44,260.54001,289.17999,313.17001,260.54001,289.17999,313.17001,260.54001,289.17999,313.17001,357.09,402.17999,449.04999,357.09,402.17999,449.04999,357.09,402.17999,449.04999,364.19,406.42001,442.01999,364.19,406.42001,442.01999,364.19,406.42001,442.01999,72.639999,81.839996,91.620003,72.639999,81.839996,91.620003,72.639999,81.839996,91.620003,74.5,82.690002,89.550003,74.5,82.690002,89.550003,74.5,82.690002,89.550003,174461.69,195863.7,217224.36,174461.69,195863.7,217224.36,174461.69,195863.7,217224.36,180459.8,197529.52,215447.91,180459.8,197529.52,215447.91,180459.8,197529.52,215447.91,1.01,1.05,1.09,1.01,1.05,1.09,1.01,1.05,1.09,1.01,1.05,1.09,1.01,1.05,1.09,1.01,1.05,1.09,1.01,1.0599999,1.1,1.01,1.0599999,1.1,1.01,1.0599999,1.1,1.02,1.05,1.1,1.02,1.05,1.1,1.02,1.05,1.1,.069962807,.069832221,.070541173,.069962807,.069832221,.070541173,.069962807,.069832221,.070541173,.07004571,.06852451,.070171058,.07004571,.06852451,.070171058,.07004571,.06852451,.070171058,189.98169,68157.422,358.75784,7480.1011,16,16,16,4,4,4,95,95,95,34,34,34,11.764706,11.764706,11.764706,167.9077,7854.3999,46.77808,187.11232,,,,,,,,,,,,,,,,,,,,8.5,5.9375,,,11904.006,22833.51,,,,,1429.3309,2084.8801,1429.3309,2084.8801,1429.3309,2084.8801,8.5,5.9375,,,1,,2.3890646,2.3890646,2.3890646,5.2125001,5.2125001,5.2125001,1,,1,,3345.8164,,,876.51617,876.51617,876.51617,1,,1,,2.3890646,2.3890646,2.3890646,7.9343748,7.9343748,7.9343748,1,,1,,9187.4912,,,2786.0581,2786.0581,2786.0581,1,
26Feb2020,Iran,3,19,6,15,38,95,44,139,88,220,278,695,49,49,6.818182,71,5.4821429,106.36607,168.70255,6686.9453,39.637489,118.91247,,,,,,,,,,,,,,,,,,,,,,,,1742.6272,2235.802,1455.8153,248.68028,319.05841,207.75102,463.36969,596.39435,375.30087,206.65959,269.39352,152.91173,7.1671939,,,45.392227,,,13.263909,13.263909,13.263909,42.665257,42.665257,42.665257,3,,,19,,,5.5519257,5.5519257,5.5519257,17.858562,17.858562,17.858562,2.610955,124004.2,102984.88,147869.92,996815.81,1205397.9,824974.44,7.1671939,,,45.392227,,,13.263909,13.263909,13.263909,42.665257,42.665257,42.665257,2.610955,,,,,,,7.1671939,,,45.392227,,,13.263909,13.263909,13.263909,42.665257,42.665257,42.665257,2.610955,,,,,,,.0085022226,,,.053847414,,,.01573457,.01573457,.01573457,.050612491,.050612491,.050612491,.0035588082,,,.022539118,,,.0065860795,.0065860795,.0065860795,.021185065,.021185065,.021185065,.052195854,147.10239,122.16782,175.41356,.0057797991,,,,,,,,,366.98276,119074.13,324.4679,2325.5244,151.42,135.62,169.69,151.42,135.62,169.69,151.42,135.62,169.69,152.88,136.91,165.73,152.88,136.91,165.73,152.88,136.91,165.73,24.469999,21.73,27.370001,24.469999,21.73,27.370001,24.469999,21.73,27.370001,24.73,22.1,26.959999,24.73,22.1,26.959999,24.73,22.1,26.959999,294274.31,262103.42,327929.59,294274.31,262103.42,327929.59,294274.31,262103.42,327929.59,297194,268720.81,320702.31,297194,268720.81,320702.31,297194,268720.81,320702.31,29598.789,26398,32736.189,29598.789,26398,32736.189,29598.789,26398,32736.189,29835.42,27277.74,32586.25,29835.42,27277.74,32586.25,29835.42,27277.74,32586.25,1288.04,1450.83,1621.73,1288.04,1450.83,1621.73,1288.04,1450.83,1621.73,1317.6,1466.08,1588.5,1317.6,1466.08,1588.5,1317.6,1466.08,1588.5,276.91,311.92001,348.75,276.91,311.92001,348.75,276.91,311.92001,348.75,284.70001,315.06,341.75,284.70001,315.06,341.75,284.70001,315.06,341.75,413.19,465.29001,519.77002,413.19,465.29001,519.77002,413.19,465.29001,519.77002,422.51999,470.17001,510.04001,422.51999,470.17001,510.04001,422.51999,470.17001,510.04001,79.18,89.190002,99.720001,79.18,89.190002,99.720001,79.18,89.190002,99.720001,81.400002,90.080002,97.720001,81.400002,90.080002,97.720001,81.400002,90.080002,97.720001,176388.03,197563.3,218117.41,176388.03,197563.3,218117.41,176388.03,197563.3,218117.41,182272.41,199087.19,217330.2,182272.41,199087.19,217330.2,182272.41,199087.19,217330.2,1.01,1.05,1.09,1.01,1.05,1.09,1.01,1.05,1.09,1.01,1.05,1.09,1.01,1.05,1.09,1.01,1.05,1.09,1.01,1.0599999,1.1,1.01,1.0599999,1.1,1.01,1.0599999,1.1,1.02,1.05,1.1,1.02,1.05,1.1,1.02,1.05,1.1,.082672298,.082316838,.083607778,.082672298,.082316838,.083607778,.082672298,.082316838,.083607778,.082888059,.08101844,.082734279,.082888059,.08101844,.082734279,.082888059,.08101844,.082734279,189.98169,68157.422,358.75784,8778.8037,19,19,19,3,3,3,139,139,139,44,44,44,6.818182,6.818182,6.818182,167.9077,7854.3999,46.77808,140.33424,,,,,,,,,,,,,,,,,,,,14.666667,7.3157897,,,17301.639,21960.055,,,,,1209.595,1943.4309,1209.595,1943.4309,1209.595,1943.4309,14.666667,7.3157897,,,1,,2.3890646,2.3890646,2.3890646,8.1566668,8.1566668,8.1566668,1,,1,,2818.2773,,,672.69977,672.69977,672.69977,1,,1,,2.3890646,2.3890646,2.3890646,7.9694734,7.9694734,7.9694734,1,,1,,7171.3369,,,2117.0813,2117.0813,2117.0813,1,
27Feb2020,Iran,7,26,14,35,52,130,106,245,212,530,490,1225,49,0,6.6037736,170,6.5982141,160.71428,168.70255,6686.9453,39.637489,277.46243,,,,,,,,,,,,,,,,,,,,,,,,2148.5425,2760.3923,1769.7734,643.96069,827.34424,530.43616,548.02515,694.42914,441.64731,226.31512,289.85535,178.95303,16.723454,,,62.115681,,,15.616368,15.616368,15.616368,58.281628,58.281628,58.281628,7,,,26,,,6.5366035,6.5366035,6.5366035,24.395164,24.395164,24.395164,2.7413304,134012.88,112295.34,158408.89,1130828.8,1363806.8,937269.81,16.723454,,,62.115681,,,15.616368,15.616368,15.616368,58.281628,58.281628,58.281628,2.7413304,,,,,,,16.723454,,,62.115681,,,15.616368,15.616368,15.616368,58.281628,58.281628,58.281628,2.7413304,,,,,,,.019838521,,,.073685937,,,.01852522,.01852522,.01852522,.069137715,.069137715,.069137715,.0083038863,,,.030843005,,,.0077541727,.0077541727,.0077541727,.028939238,.028939238,.028939238,.12574455,158.97537,133.21254,187.91563,.01247899,,,,,,,,,366.98276,119074.13,324.4679,5426.2236,179.94,160.94,201.52,179.94,160.94,201.52,179.94,160.94,201.52,181.69,162.58,196.64,181.69,162.58,196.64,181.69,162.58,196.64,28.51,25.32,31.84,28.51,25.32,31.84,28.51,25.32,31.84,28.809999,25.83,31.34,28.809999,25.83,31.34,28.809999,25.83,31.34,323794.72,288694.72,360410.09,323794.72,288694.72,360410.09,323794.72,288694.72,360410.09,326924.03,296441.03,352207.22,326924.03,296441.03,352207.22,326924.03,296441.03,352207.22,29520.4,26399.939,32480.5,29520.4,26399.939,32480.5,29520.4,26399.939,32480.5,29730.051,27246.99,32492.199,29730.051,27246.99,32492.199,29730.051,27246.99,32492.199,1465.29,1649.59,1843.74,1465.29,1649.59,1843.74,1465.29,1649.59,1843.74,1500.4,1666.72,1802.64,1500.4,1666.72,1802.64,1500.4,1666.72,1802.64,294.76999,331.76999,370.14001,294.76999,331.76999,370.14001,294.76999,331.76999,370.14001,303.76999,334.97,363.89001,303.76999,334.97,363.89001,303.76999,334.97,363.89001,471.82999,531.09998,593.31,471.82999,531.09998,593.31,471.82999,531.09998,593.31,482.94,536.60999,580.78998,482.94,536.60999,580.78998,482.94,536.60999,580.78998,84.279999,94.860001,105.83,84.279999,94.860001,105.83,84.279999,94.860001,105.83,86.849998,95.769997,104.04,86.849998,95.769997,104.04,86.849998,95.769997,104.04,178358.22,199297.75,219019.31,178358.22,199297.75,219019.31,178358.22,199297.75,219019.31,184079.66,200675.02,219249.73,184079.66,200675.02,219249.73,184079.66,200675.02,219249.73,1.01,1.05,1.09,1.01,1.05,1.09,1.01,1.05,1.09,1.01,1.05,1.09,1.01,1.05,1.09,1.01,1.05,1.09,1.01,1.0599999,1.1,1.01,1.0599999,1.1,1.01,1.0599999,1.1,1.02,1.05,1.1,1.02,1.05,1.1,1.02,1.05,1.1,.096577279,.095909312,.098028049,.096577279,.095909312,.098028049,.096577279,.095909312,.098028049,.096905313,.094799459,.09645392,.096905313,.094799459,.09645392,.096905313,.094799459,.09645392,189.98169,68157.422,358.75784,10228.187,26,26,26,7,7,7,245,245,245,106,106,106,6.6037736,6.6037736,6.6037736,167.9077,7854.3999,46.77808,327.44656,,,,,,,,,,,,,,,,,,,,15.142858,9.4230766,,,8013.4688,18205.205,,,,,1035.4402,1799.4594,1035.4402,1799.4594,1035.4402,1799.4594,15.142858,9.4230766,,,1,,2.3890648,2.3890648,2.3890648,4.0728574,4.0728574,4.0728574,1,,1,,1264.2725,,,278.49435,278.49435,278.49435,1,,1,,2.3890646,2.3890646,2.3890646,6.9207692,6.9207692,6.9207692,1,,1,,4615.6274,,,1321.6111,1321.6111,1321.6111,1,
28Feb2020,Iran,8,34,16,40,68,170,143,388,286,715,776,1940,73,24,5.5944057,281,7.7678571,228.76785,168.70255,6686.9453,39.637489,317.09991,,,,,,,,,,,,,,,,,,,,,,,,2788.6636,3546.9487,2348.8696,674.12164,857.42682,567.80743,643.51263,802.24286,520.79626,239.41835,299.69275,196.01355,19.112516,,,81.228195,,,17.896057,17.896057,17.896057,76.177681,76.177681,76.177681,8,,,34,,,7.4908218,7.4908218,7.4908218,31.885986,31.885986,31.885986,2.8740854,143595.63,121840.61,168815.25,1274424.4,1532622,1059110.4,19.112516,,,81.228195,,,17.896057,17.896057,17.896057,76.177681,76.177681,76.177681,2.8740854,,,,,,,19.112516,,,81.228195,,,17.896057,17.896057,17.896057,76.177681,76.177681,76.177681,2.8740854,,,,,,,.022672595,,,.09635853,,,.021229547,.021229547,.021229547,.090367258,.090367258,.090367258,.0094901556,,,.040333159,,,.0088861333,.0088861333,.0088861333,.037825372,.037825372,.037825372,.16963653,170.34311,144.53578,200.26036,.013309957,,,,,,,,,366.98276,119074.13,324.4679,6201.3979,212.82001,190.14,238.13,212.82001,190.14,238.13,212.82001,190.14,238.13,214.92,192.19,233.02,214.92,192.19,233.02,214.92,192.19,233.02,32.880001,29.209999,36.73,32.880001,29.209999,36.73,32.880001,29.209999,36.73,33.23,29.870001,36.040001,33.23,29.870001,36.040001,33.23,29.870001,36.040001,353363.63,315429.22,392778.5,353363.63,315429.22,392778.5,353363.63,315429.22,392778.5,356676.97,324433.91,383821.31,356676.97,324433.91,383821.31,356676.97,324433.91,383821.31,29568.92,26513.211,32396.51,29568.92,26513.211,32396.51,29568.92,26513.211,32396.51,29752.949,27350.721,32541.039,29752.949,27350.721,32541.039,29752.949,27350.721,32541.039,1641.85,1846.86,2063.1001,1641.85,1846.86,2063.1001,1641.85,1846.86,2063.1001,1683.28,1865.6899,2014.15,1683.28,1865.6899,2014.15,1683.28,1865.6899,2014.15,308.29999,346.54999,385.54999,308.29999,346.54999,385.54999,308.29999,346.54999,385.54999,318.62,349.70999,380.51001,318.62,349.70999,380.51001,318.62,349.70999,380.51001,531.34003,597.67999,667.42999,531.34003,597.67999,667.42999,531.34003,597.67999,667.42999,544.47998,603.78998,652.38,544.47998,603.78998,652.38,544.47998,603.78998,652.38,88.139999,99.080002,110.23,88.139999,99.080002,110.23,88.139999,99.080002,110.23,91.089996,99.980003,108.79,91.089996,99.980003,108.79,91.089996,99.980003,108.79,180347.33,201043.02,220106.08,180347.33,201043.02,220106.08,180347.33,201043.02,220106.08,186064.25,202270.11,221178.84,186064.25,202270.11,221178.84,186064.25,202270.11,221178.84,1,1.05,1.09,1,1.05,1.09,1,1.05,1.09,1.01,1.05,1.09,1.01,1.05,1.09,1.01,1.05,1.09,1.01,1.0599999,1.1,1.01,1.0599999,1.1,1.01,1.0599999,1.1,1.02,1.05,1.1,1.02,1.05,1.1,1.02,1.05,1.1,.11119784,.11017149,.11337641,.11119784,.11017149,.11337641,.11119784,.11017149,.11337641,.11168641,.10921102,.11075246,.11168641,.10921102,.11075246,.11168641,.10921102,.11075246,189.98169,68157.422,358.75784,11795.958,34,34,34,8,8,8,388,388,388,143,143,143,5.5944057,5.5944057,5.5944057,167.9077,7854.3999,46.77808,374.22464,,,,,,,,,,,,,,,,,,,,17.875,11.411765,,,7513.1719,15689.434,,,,,899.29803,1660.3872,899.29803,1660.3872,899.29803,1660.3872,17.875,11.411765,,,1,,2.3890646,2.3890646,2.3890646,4.1100001,4.1100001,4.1100001,1,,1,,1004.1652,,,206.77567,206.77567,206.77567,1,,1,,2.3890646,2.3890646,2.3890646,6.2594118,6.2594118,6.2594118,1,,1,,3284.5989,,,910.73102,910.73102,910.73102,1,
29Feb2020,Iran,9,43,18,45,86,215,205,593,410,1025,1186,2965,123,50,4.390244,427,8.9910717,312.16965,168.70255,6686.9453,39.637489,356.7374,,,,,,,,,,,,,,,,,,,,,,,,3259.021,4123.8589,2719.9639,766.3924,969.76801,639.62756,750.02307,918.01544,611.15466,252.93892,306.43915,212.81912,21.501581,,,102.72978,,,20.309074,20.309074,20.309074,96.486755,96.486755,96.486755,9,,,43,,,8.5008469,8.5008469,8.5008469,40.386833,40.386833,40.386833,3.0097363,152569.78,129535.09,179272.97,1426994.1,1711895,1188645.5,21.501581,,,102.72978,,,20.309074,20.309074,20.309074,96.486755,96.486755,96.486755,3.0097363,,,,,,,21.501581,,,102.72978,,,20.309074,20.309074,20.309074,96.486755,96.486755,96.486755,3.0097363,,,,,,,.02550667,,,.1218652,,,.024092034,.024092034,.024092034,.11445929,.11445929,.11445929,.010676425,,,.051009584,,,.010084295,.010084295,.010084295,.047909666,.047909666,.047909666,.24318524,180.98886,153.66353,212.66605,.014092949,,,,,,,,,366.98276,119074.13,324.4679,6976.5728,250.28999,223.44,279.76001,250.28999,223.44,279.76001,250.28999,223.44,279.76001,252.78,225.97,274.81,252.78,225.97,274.81,252.78,225.97,274.81,37.470001,33.290001,41.849998,37.470001,33.290001,41.849998,37.470001,33.290001,41.849998,37.860001,34.080002,40.970001,37.860001,34.080002,40.970001,37.860001,34.080002,40.970001,383068.47,342242.72,425134.31,383068.47,342242.72,425134.31,383068.47,342242.72,425134.31,386541.25,352779.63,416064.13,386541.25,352779.63,416064.13,386541.25,352779.63,416064.13,29704.859,26692.26,32452.07,29704.859,26692.26,32452.07,29704.859,26692.26,32452.07,29864.26,27540.189,32688.289,29864.26,27540.189,32688.289,29864.26,27540.189,32688.289,1813.11,2037.38,2273.6599,1813.11,2037.38,2273.6599,1813.11,2037.38,2273.6599,1861.6801,2057.6299,2220.6599,1861.6801,2057.6299,2220.6599,1861.6801,2057.6299,2220.6599,318.51001,357.45999,396.35001,318.51001,357.45999,396.35001,318.51001,357.45999,396.35001,329.64001,360.5,392.76999,329.64001,360.5,392.76999,329.64001,360.5,392.76999,590.38,663.46997,740.31,590.38,663.46997,740.31,590.38,663.46997,740.31,605.81,670.10999,722.73999,605.81,670.10999,722.73999,605.81,670.10999,722.73999,91.059998,102.19,113.31,91.059998,102.19,113.31,91.059998,102.19,113.31,94.239998,103.06,112.29,94.239998,103.06,112.29,94.239998,103.06,112.29,182251.58,202784.95,221470.8,182251.58,202784.95,221470.8,182251.58,202784.95,221470.8,188057.14,203858.88,223101.23,188057.14,203858.88,223101.23,188057.14,203858.88,223101.23,1,1.05,1.09,1,1.05,1.09,1,1.05,1.09,1.01,1.05,1.09,1.01,1.05,1.09,1.01,1.05,1.09,1.01,1.0599999,1.1,1.01,1.0599999,1.1,1.01,1.0599999,1.1,1.02,1.05,1.1,1.02,1.05,1.1,1.02,1.05,1.1,.12614098,.12471781,.12895942,.12614098,.12471781,.12895942,.12614098,.12471781,.12895942,.12677361,.12374643,.12533541,.12677361,.12374643,.12533541,.12677361,.12374643,.12533541,189.98169,68157.422,358.75784,13442.657,43,43,43,9,9,9,593,593,593,205,205,205,4.390244,4.390244,4.390244,167.9077,7854.3999,46.77808,421.00272,,,,,,,,,,,,,,,,,,,,22.777779,13.790698,,,7095.7471,13890.754,,,,,792.76379,1530.4985,792.76379,1530.4985,792.76379,1530.4985,22.777779,13.790698,,,1,,2.3890646,2.3890646,2.3890646,4.1633334,4.1633334,4.1633334,1,,1,,744.24286,,,144.90175,144.90175,144.90175,1,,1,,2.3890648,2.3890648,2.3890648,5.8206973,5.8206973,5.8206973,1,,1,,2406.3982,,,645.98395,645.98395,645.98395,1,
01Mar2020,Iran,11,54,22,55,108,270,385,978,770,1925,1956,4890,175,52,2.8571429,749,10.303572,405.55359,168.70255,6686.9453,39.637489,436.01239,,,,,,,,,,,,,,,,,,,,,,,,3790.9495,4744.0293,3154.8674,933.98151,1168.7932,777.2691,867.42242,1046.9631,713.38354,273.28864,327.06958,231.33774,26.279711,,,129.00949,,,23.20677,23.20677,23.20677,119.69353,119.69353,119.69353,11,,,54,,,9.713747,9.713747,9.713747,50.100582,50.100582,50.100582,3.1488082,160768.33,136268.31,188376.55,1587762.5,1900271.5,1324913.9,26.279711,,,129.00949,,,23.20677,23.20677,23.20677,119.69353,119.69353,119.69353,3.1488082,,,,,,,26.279711,,,129.00949,,,23.20677,23.20677,23.20677,119.69353,119.69353,119.69353,3.1488082,,,,,,,.031174818,,,.15304002,,,.027529482,.027529482,.027529482,.14198877,.14198877,.14198877,.013048964,,,.06405855,,,.011523122,.011523122,.011523122,.05943279,.05943279,.05943279,.45671374,190.71455,161.65094,223.46533,.016346324,,,,,,,,,366.98276,119074.13,324.4679,8526.9229,292.45001,260.92001,326.47,292.45001,260.92001,326.47,292.45001,260.92001,326.47,295.35999,264.04999,321.75,295.35999,264.04999,321.75,295.35999,264.04999,321.75,42.150002,37.48,47.060001,42.150002,37.48,47.060001,42.150002,37.48,47.060001,42.580002,38.41,46.009998,42.580002,38.41,46.009998,42.580002,38.41,46.009998,412958.75,369178.97,457533.59,412958.75,369178.97,457533.59,412958.75,369178.97,457533.59,416566.81,381524.84,448646.19,416566.81,381524.84,448646.19,416566.81,381524.84,448646.19,29890.27,26895.939,32687.119,29890.27,26895.939,32687.119,29890.27,26895.939,32687.119,30025.551,27729.711,32891.031,30025.551,27729.711,32891.031,30025.551,27729.711,32891.031,1974.08,2217.5801,2471.3101,1974.08,2217.5801,2471.3101,1974.08,2217.5801,2471.3101,2032.54,2238.95,2419.28,2032.54,2238.95,2419.28,2032.54,2238.95,2419.28,326.39001,365.62,403.88,326.39001,365.62,403.88,326.39001,365.62,403.88,337.45999,368.48999,401.92999,337.45999,368.48999,401.92999,337.45999,368.48999,401.92999,647.82001,727.34998,810.64001,647.82001,727.34998,810.64001,647.82001,727.34998,810.64001,665.96002,734.42999,792.21002,665.96002,734.42999,792.21002,665.96002,734.42999,792.21002,93.309998,104.52,115.46,93.309998,104.52,115.46,93.309998,104.52,115.46,96.470001,105.34,114.9,96.470001,105.34,114.9,96.470001,105.34,114.9,184048.3,204515.86,223654.23,184048.3,204515.86,223654.23,184048.3,204515.86,223654.23,189767.27,205433.72,225007.98,189767.27,205433.72,225007.98,189767.27,205433.72,225007.98,1,1.05,1.09,1,1.05,1.09,1,1.05,1.09,1.01,1.04,1.09,1.01,1.04,1.09,1.01,1.04,1.09,1.01,1.0599999,1.1,1.01,1.0599999,1.1,1.01,1.0599999,1.1,1.02,1.05,1.1,1.02,1.05,1.1,1.02,1.05,1.1,.1410158,.13935189,.14397109,.1410158,.13935189,.14397109,.1410158,.13935189,.14397109,.14181256,.13851568,.13988616,.14181256,.13851568,.13988616,.14181256,.13851568,.13988616,189.98169,68157.422,358.75784,15121.644,54,54,54,11,11,11,978,978,978,385,385,385,2.8571429,2.8571429,2.8571429,167.9077,7854.3999,46.77808,514.5589,,,,,,,,,,,,,,,,,,,,35,18.111111,,,6117.5835,12307.331,,,,,709.14044,1412.0662,709.14044,1412.0662,709.14044,1412.0662,35,18.111111,,,1,,2.3890646,2.3890646,2.3890646,3.8318183,3.8318183,3.8318183,1,,1,,417.58008,,,77.637062,77.637062,77.637062,1,,1,,2.3890646,2.3890646,2.3890646,5.415741,5.415741,5.415741,1,,1,,1623.479,,,422.2482,422.2482,422.2482,1,
02Mar2020,Iran,12,66,24,60,132,330,523,1501,1046,2615,3002,7505,291,116,2.2944551,1144,11.901786,504.17859,168.70255,6686.9453,39.637489,475.64987,,,,,,,,,,,,,,,,,,,,,,,,4388.874,5427.5771,3649.8982,880.12939,1088.4272,731.93774,995.19989,1186.6407,825.0542,306.22375,362.85513,262.10648,28.668776,,,157.67827,,,27.064066,27.064066,27.064066,146.7576,146.7576,146.7576,12,,,66,,,11.32831,11.32831,11.32831,61.42889,61.42889,61.42889,3.2921748,168047.47,142645.81,195906.8,1755809.9,2096178.4,1467559.6,28.668776,,,157.67827,,,27.064066,27.064066,27.064066,146.7576,146.7576,146.7576,3.2921748,,,,,,,28.668776,,,157.67827,,,27.064066,27.064066,27.064066,146.7576,146.7576,146.7576,3.2921748,,,,,,,.03400889,,,.18704891,,,.032105274,.032105274,.032105274,.17409405,.17409405,.17409405,.014235233,,,.078293785,,,.013438428,.013438428,.013438428,.072871216,.072871216,.072871216,.62041891,199.34958,169.21635,232.39824,.017059928,,,,,,,,,366.98276,119074.13,324.4679,9302.0977,339.26999,302.59,378.23001,339.26999,302.59,378.23001,339.26999,302.59,378.23001,342.66,306.95999,372.67001,342.66,306.95999,372.67001,342.66,306.95999,372.67001,46.830002,41.669998,52.240002,46.830002,41.669998,52.240002,46.830002,41.669998,52.240002,47.290001,42.77,51,47.290001,42.77,51,47.290001,42.77,51,443058.38,396369.81,490002.88,443058.38,396369.81,490002.88,443058.38,396369.81,490002.88,446777.72,410694.03,481766.56,446777.72,410694.03,481766.56,446777.72,410694.03,481766.56,30099.641,27121.039,32998.449,30099.641,27121.039,32998.449,30099.641,27121.039,32998.449,30210.9,27894.539,33120.359,30210.9,27894.539,33120.359,30210.9,27894.539,33120.359,2124.72,2385.4199,2653.6899,2124.72,2385.4199,2653.6899,2124.72,2385.4199,2653.6899,2194.0701,2407.55,2604.52,2194.0701,2407.55,2604.52,2194.0701,2407.55,2604.52,332.70999,371.94,409.20001,332.70999,371.94,409.20001,332.70999,371.94,409.20001,343.56,374.59,409,343.56,374.59,409,343.56,374.59,409,702.64001,788.58002,877.56,702.64001,788.58002,877.56,702.64001,788.58002,877.56,724.28998,796,859.57001,724.28998,796,859.57001,724.28998,796,859.57001,95.110001,106.32,116.97,95.110001,106.32,116.97,95.110001,106.32,116.97,98.209999,107.08,116.91,98.209999,107.08,116.91,98.209999,107.08,116.91,185836,206231.84,226084.25,185836,206231.84,226084.25,185836,206231.84,226084.25,191145.42,206990.8,226894.55,191145.42,206990.8,226894.55,191145.42,206990.8,226894.55,1,1.05,1.09,1,1.05,1.09,1,1.05,1.09,1.01,1.04,1.09,1.01,1.04,1.09,1.01,1.04,1.09,1.01,1.0599999,1.1,1.01,1.0599999,1.1,1.01,1.0599999,1.1,1.02,1.05,1.1,1.02,1.05,1.1,1.02,1.05,1.1,.15558326,.15364455,.15831047,.15558326,.15364455,.15831047,.15558326,.15364455,.15831047,.15653291,.15332751,.15398383,.15653291,.15332751,.15398383,.15653291,.15332751,.15398383,189.98169,68157.422,358.75784,16800.631,66,66,66,12,12,12,1501,1501,1501,523,523,523,2.2944551,2.2944551,2.2944551,167.9077,7854.3999,46.77808,561.33698,,,,,,,,,,,,,,,,,,,,43.583332,22.742424,,,5861.6899,11135.396,,,,,642.74268,1305.9167,642.74268,1305.9167,642.74268,1305.9167,43.583332,22.742424,,,1,,2.3890646,2.3890646,2.3890646,3.9025002,3.9025002,3.9025002,1,,1,,321.31448,,,57.551895,57.551895,57.551895,1,,1,,2.3890648,2.3890648,2.3890648,5.1404543,5.1404543,5.1404543,1,,1,,1169.7601,,,295.17548,295.17548,295.17548,1,
03Mar2020,Iran,11,77,22,55,154,385,835,2336,1670,4175,4672,11680,291,0,1.3173653,1968,13.991072,603.33038,168.70255,6686.9453,39.637489,436.01239,,,,,,,,,,,,,,,,,,,,,,,,5063.1152,6186.0317,4225.9277,998.47168,1219.9164,833.37408,1132.4299,1334.1223,946.06464,353.95377,417.13193,303.30624,26.279711,,,183.95798,,,32.197613,32.197613,32.197613,178.95522,178.95522,178.95522,11,,,77,,,13.477079,13.477079,13.477079,74.905968,74.905968,74.905968,3.4414833,174289.75,148215,201854.97,1930099.6,2298033.3,1615774.6,26.279711,,,183.95798,,,32.197613,32.197613,32.197613,178.95522,178.95522,178.95522,3.4414833,,,,,,,26.279711,,,183.95798,,,32.197613,32.197613,32.197613,178.95522,178.95522,178.95522,3.4414833,,,,,,,.031174818,,,.21822372,,,.038195044,.038195044,.038195044,.21228909,.21228909,.21228909,.013048964,,,.091342747,,,.015987447,.015987447,.015987447,.088858664,.088858664,.088858664,.99053496,206.75459,175.82291,239.45438,.015078173,,,,,,,,,366.98276,119074.13,324.4679,8526.9229,390.67001,348.38,434.89001,390.67001,348.38,434.89001,390.67001,348.38,434.89001,394.54999,354.20999,428.41,394.54999,354.20999,428.41,394.54999,354.20999,428.41,51.400002,45.779999,57.279999,51.400002,45.779999,57.279999,51.400002,45.779999,57.279999,51.900002,47.07,55.98,51.900002,47.07,55.98,51.900002,47.07,55.98,473377.13,423824.44,522552.03,473377.13,423824.44,522552.03,473377.13,423824.44,522552.03,477183.53,440091.56,515126.72,477183.53,440091.56,515126.72,477183.53,440091.56,515126.72,30318.721,27355.109,33058.48,30318.721,27355.109,33058.48,30318.721,27355.109,33058.48,30405.83,28045.33,33360.172,30405.83,28045.33,33360.172,30405.83,28045.33,33360.172,2264.24,2540.02,2819.79,2264.24,2540.02,2819.79,2264.24,2540.02,2819.79,2343.45,2562.54,2776.98,2343.45,2562.54,2776.98,2343.45,2562.54,2776.98,338.01999,377.07001,413.13,338.01999,377.07001,413.13,338.01999,377.07001,413.13,348.79001,379.47,414.72,348.79001,379.47,414.72,348.79001,379.47,414.72,754.90997,846.71997,940.57001,754.90997,846.71997,940.57001,754.90997,846.71997,940.57001,780.42999,854.38,923.78998,780.42999,854.38,923.78998,780.42999,854.38,923.78998,96.620003,107.78,118.09,96.620003,107.78,118.09,96.620003,107.78,118.09,99.690002,108.46,118.54,99.690002,108.46,118.54,99.690002,108.46,118.54,187613.23,207931.22,226733.7,187613.23,207931.22,226733.7,187613.23,207931.22,226733.7,192364.91,208528.41,228758.88,192364.91,208528.41,228758.88,192364.91,208528.41,228758.88,1,1.05,1.09,1,1.05,1.09,1,1.05,1.09,1.01,1.04,1.09,1.01,1.04,1.09,1.01,1.04,1.09,1.01,1.0599999,1.1,1.01,1.0599999,1.1,1.01,1.0599999,1.1,1.02,1.05,1.1,1.02,1.05,1.1,1.02,1.05,1.1,.16953222,.16735446,.17326871,.16953222,.16735446,.17326871,.16953222,.16735446,.17326871,.17069095,.16783543,.1678049,.17069095,.16783543,.1678049,.17069095,.16783543,.1678049,189.98169,68157.422,358.75784,18440.154,77,77,77,11,11,11,2336,2336,2336,835,835,835,1.3173653,1.3173653,1.3173653,167.9077,7854.3999,46.77808,514.5589,,,,,,,,,,,,,,,,,,,,75.909088,30.337662,,,6632.103,10492.068,,,,,589.85834,1211.7058,589.85834,1211.7058,589.85834,1211.7058,75.909088,30.337662,,,1,,2.3890646,2.3890646,2.3890646,4.6727276,4.6727276,4.6727276,1,,1,,208.73024,,,36.309845,36.309845,36.309845,1,,1,,2.3890646,2.3890646,2.3890646,5.0736365,5.0736365,5.0736365,1,,1,,826.24127,,,202.64432,202.64432,202.64432,1,
04Mar2020,Iran,15,92,30,75,184,460,586,2922,1172,2930,5844,14610,552,261,2.559727,2278,16.866072,688.44641,168.70255,6686.9453,39.637489,594.56232,,,,,,,,,,,,,,,,,,,,,,,,5822.6128,7020.1816,4866.4019,1126.5045,1358.199,941.5058,1277.769,1495.6772,1069.5436,411.40405,480.28506,351.04245,35.835968,,,219.79395,,,38.895023,38.895023,38.895023,217.85023,217.85023,217.85023,15,,,92,,,16.280439,16.280439,16.280439,91.186409,91.186409,91.186409,3.5993452,179407.7,151428.66,206674.53,2109507.3,2504707.8,1767203.3,35.835968,,,219.79395,,,38.895023,38.895023,38.895023,217.85023,217.85023,217.85023,3.5993452,,,,,,,35.835968,,,219.79395,,,38.895023,38.895023,38.895023,217.85023,217.85023,217.85023,3.5993452,,,,,,,.042511117,,,.26073483,,,.046139978,.046139978,.046139978,.25842908,.25842908,.25842908,.017794041,,,.10913679,,,.019312987,.019312987,.019312987,.10817165,.10817165,.10817165,.69515389,212.82588,179.63519,245.17168,.019974599,,,,,,,,,366.98276,119074.13,324.4679,11627.621,446.47,398.16,496.26999,446.47,398.16,496.26999,446.47,398.16,496.26999,450.88,405.66,488.76001,450.88,405.66,488.76001,450.88,405.66,488.76001,55.799999,49.720001,62.09,55.799999,49.720001,62.09,55.799999,49.720001,62.09,56.330002,51.259998,60.830002,56.330002,51.259998,60.830002,56.330002,51.259998,60.830002,503917.84,451546.16,555182.88,503917.84,451546.16,555182.88,503917.84,451546.16,555182.88,507786.97,468458.94,548729.44,507786.97,468458.94,548729.44,507786.97,468458.94,548729.44,30540.73,27592.26,33100.77,30540.73,27592.26,33100.77,30540.73,27592.26,33100.77,30603.42,28241.73,33602.711,30603.42,28241.73,33602.711,30603.42,28241.73,33602.711,2392.5901,2681.3,2969.5701,2392.5901,2681.3,2969.5701,2392.5901,2681.3,2969.5701,2481.1799,2703.8701,2934.6101,2481.1799,2703.8701,2934.6101,2481.1799,2703.8701,2934.6101,342.67001,381.44,416.76001,342.67001,381.44,416.76001,342.67001,381.44,416.76001,353.60999,383.57001,419.57001,353.60999,383.57001,419.57001,353.60999,383.57001,419.57001,804.45001,901.54999,999.41998,804.45001,901.54999,999.41998,804.45001,901.54999,999.41998,833.58002,909.34998,984.79999,833.58002,909.34998,984.79999,833.58002,909.34998,984.79999,97.940002,109.02,119.11,97.940002,109.02,119.11,97.940002,109.02,119.11,101.06,109.63,119.92,101.06,109.63,119.92,101.06,109.63,119.92,189379.64,209613.56,227217.56,189379.64,209613.56,227217.56,189379.64,209613.56,227217.56,193842.78,210046.13,230600.41,193842.78,210046.13,230600.41,193842.78,210046.13,230600.41,1,1.05,1.09,1,1.05,1.09,1,1.05,1.09,1.01,1.04,1.09,1.01,1.04,1.09,1.01,1.04,1.09,1.01,1.0599999,1.1,1.01,1.0599999,1.1,1.01,1.0599999,1.1,1.02,1.05,1.1,1.02,1.05,1.1,1.02,1.05,1.1,.18270683,.18019547,.18757872,.18270683,.18019547,.18757872,.18270683,.18019547,.18757872,.1840644,.18150446,.18102707,.1840644,.18150446,.18102707,.1840644,.18150446,.18102707,189.98169,68157.422,358.75784,20018.688,92,92,92,15,15,15,2922,2922,2922,586,586,586,2.559727,2.559727,2.559727,167.9077,7854.3999,46.77808,701.6712,,,,,,,,,,,,,,,,,,,,39.066666,31.76087,,,5006.3584,9597.6582,,,,,547.32495,1128.6713,547.32495,1128.6713,547.32495,1128.6713,39.066666,31.76087,,,1,,2.3890646,2.3890646,2.3890646,3.72,3.72,3.72,1,,1,,306.15649,,,52.117287,52.117287,52.117287,1,,1,,2.3890646,2.3890646,2.3890646,4.8529348,4.8529348,4.8529348,1,,1,,721.93951,,,172.45648,172.45648,172.45648,1,
05Mar2020,Iran,15,107,30,75,214,535,591,3513,1182,2955,7026,17565,739,187,2.5380712,2667,20.803572,754.44641,168.70255,6686.9453,39.637489,594.56232,,,,,,,,,,,,,,,,,,,,,,,,6673.1797,7931.7085,5587.9541,1177.3959,1399.4469,985.92194,1429.4873,1682.0879,1199.5063,474.13281,548.92249,406.2901,35.835968,,,255.62991,,,47.495182,47.495182,47.495182,265.34543,265.34543,265.34543,15,,,107,,,19.880241,19.880241,19.880241,111.06665,111.06665,111.06665,3.7690043,183347.53,154018.61,212083.44,2292855,2716791.3,1921221.9,35.835968,,,255.62991,,,47.495182,47.495182,47.495182,265.34543,265.34543,265.34543,3.7690043,,,,,,,35.835968,,,255.62991,,,47.495182,47.495182,47.495182,265.34543,265.34543,265.34543,3.7690043,,,,,,,.042511117,,,.30324596,,,.056342084,.056342084,.056342084,.31477115,.31477115,.31477115,.017794041,,,.12693083,,,.023583323,.023583323,.023583323,.13175498,.13175498,.13175498,.70108521,217.49957,182.70757,251.5881,.019545378,,,,,,,,,366.98276,119074.13,324.4679,11627.621,506.45999,451.75,562.90997,506.45999,451.75,562.90997,506.45999,451.75,562.90997,511.41,461.16,553.44,511.41,461.16,553.44,511.41,461.16,553.44,59.990002,53.48,66.639999,59.990002,53.48,66.639999,59.990002,53.48,66.639999,60.529999,55.290001,65.459999,60.529999,55.290001,65.459999,60.529999,55.290001,65.459999,534680.81,479536.06,587893.88,534680.81,479536.06,587893.88,534680.81,479536.06,587893.88,538587.81,496907.63,582574.38,538587.81,496907.63,582574.38,538587.81,496907.63,582574.38,30762.949,27830.131,33258.328,30762.949,27830.131,33258.328,30762.949,27830.131,33258.328,30800.881,28417.51,33790.512,30800.881,28417.51,33790.512,30800.881,28417.51,33790.512,2510.1399,2809.73,3103.6399,2510.1399,2809.73,3103.6399,2510.1399,2809.73,3103.6399,2600.75,2832.01,3077.8999,2600.75,2832.01,3077.8999,2600.75,2832.01,3077.8999,346.59,385.32999,420.95001,346.59,385.32999,420.95001,346.59,385.32999,420.95001,357.48999,387.17999,423.88,357.48999,387.17999,423.88,357.48999,387.17999,423.88,851.20001,953.03003,1054.0699,851.20001,953.03003,1054.0699,851.20001,953.03003,1054.0699,883.17999,960.85999,1042.08,883.17999,960.85999,1042.08,883.17999,960.85999,1042.08,99.050003,110.12,120.3,99.050003,110.12,120.3,99.050003,110.12,120.3,102.16,110.65,121.14,102.16,110.65,121.14,102.16,110.65,121.14,191135.48,211279.16,228402.27,191135.48,211279.16,228402.27,191135.48,211279.16,228402.27,195183.95,211544.23,232064.73,195183.95,211544.23,232064.73,195183.95,211544.23,232064.73,1,1.05,1.09,1,1.05,1.09,1,1.05,1.09,1.01,1.04,1.09,1.01,1.04,1.09,1.01,1.04,1.09,1.01,1.0599999,1.1,1.01,1.0599999,1.1,1.01,1.0599999,1.1,1.02,1.05,1.1,1.02,1.05,1.1,1.02,1.05,1.1,.19500731,.19216582,.20037086,.19500731,.19216582,.20037086,.19500731,.19216582,.20037086,.19652034,.19456315,.19372302,.19652034,.19456315,.19372302,.19652034,.19456315,.19372302,189.98169,68157.422,358.75784,21521.883,107,107,107,15,15,15,3513,3513,3513,591,591,591,2.5380712,2.5380712,2.5380712,167.9077,7854.3999,46.77808,701.6712,,,,,,,,,,,,,,,,,,,,39.400002,32.831776,,,5116.2993,8969.4316,,,,,512.80127,1055.7217,512.80127,1055.7217,512.80127,1055.7217,39.400002,32.831776,,,1,,2.3890646,2.3890646,2.3890646,3.9993334,3.9993334,3.9993334,1,,1,,310.2327,,,52.052368,52.052368,52.052368,1,,1,,2.3890646,2.3890646,2.3890646,4.7332711,4.7332711,4.7332711,1,,1,,652.67719,,,152.20062,152.20062,152.20062,1,
06Mar2020,Iran,17,124,34,85,248,620,1234,4747,2468,6170,9494,23735,913,174,1.3776337,3710,25.767857,804.09821,168.70255,6686.9453,39.637489,673.83734,,,,,,,,,,,,,,,,,,,,,,,,7616.1802,8973.4951,6393.0269,1372.1025,1616.6313,1151.7438,1585.4882,1879.5946,1325.7957,540.63025,627.39813,467.92267,40.614098,,,296.24402,,,58.368896,58.368896,58.368896,323.71432,323.71432,323.71432,17,,,124,,,24.431694,24.431694,24.431694,135.49835,135.49835,135.49835,3.9534562,186089.67,156017.86,215810.97,2478944.5,2932602.3,2077239.8,40.614098,,,296.24402,,,58.368896,58.368896,58.368896,323.71432,323.71432,323.71432,3.9534562,,,,,,,40.614098,,,296.24402,,,58.368896,58.368896,58.368896,323.71432,323.71432,323.71432,3.9534562,,,,,,,.048179265,,,.35142523,,,.069241233,.069241233,.069241233,.3840124,.3840124,.3840124,.02016658,,,.14709741,,,.02898257,.02898257,.02898257,.16073754,.16073754,.16073754,1.4638565,220.75247,185.07922,256.00995,.021825014,,,,,,,,,366.98276,119074.13,324.4679,13177.971,570.39001,508.95999,633.78003,570.39001,508.95999,633.78003,570.39001,508.95999,633.78003,575.89001,520.5,622.15997,575.89001,520.5,622.15997,575.89001,520.5,622.15997,63.93,57.029999,70.870003,63.93,57.029999,70.870003,63.93,57.029999,70.870003,64.480003,59.099998,69.839996,64.480003,59.099998,69.839996,64.480003,59.099998,69.839996,565665.31,507794.5,620682.63,565665.31,507794.5,620682.63,565665.31,507794.5,620682.63,569585.19,525562.56,616660.19,569585.19,525562.56,616660.19,569585.19,525562.56,616660.19,30984.539,28068.039,33553.898,30984.539,28068.039,33553.898,30984.539,28068.039,33553.898,30997.359,28591.68,33979.148,30997.359,28591.68,33979.148,30997.359,28591.68,33979.148,2617.5801,2926.1201,3222.97,2617.5801,2926.1201,3222.97,2617.5801,2926.1201,3222.97,2708.79,2947.79,3207.74,2708.79,2947.79,3207.74,2708.79,2947.79,3207.74,350.26001,388.91,425.91,350.26001,388.91,425.91,350.26001,388.91,425.91,360.75,390.47,427.84,360.75,390.47,427.84,360.75,390.47,427.84,895.21002,1001.19,1104.59,895.21002,1001.19,1104.59,895.21002,1001.19,1104.59,927.73999,1008.95,1095.67,927.73999,1008.95,1095.67,927.73999,1008.95,1095.67,100.09,111.13,121.71,100.09,111.13,121.71,100.09,111.13,121.71,103.09,111.58,122.26,103.09,111.58,122.26,103.09,111.58,122.26,192881.33,212928.66,230547.41,192881.33,212928.66,230547.41,192881.33,212928.66,230547.41,196499.34,213023.41,233506.34,196499.34,213023.41,233506.34,196499.34,213023.41,233506.34,1,1.05,1.09,1,1.05,1.09,1,1.05,1.09,1.01,1.04,1.09,1.01,1.04,1.09,1.01,1.04,1.09,1.01,1.0599999,1.1,1.01,1.0599999,1.1,1.01,1.0599999,1.1,1.02,1.05,1.1,1.02,1.05,1.1,1.02,1.05,1.1,.2063287,.20318483,.21121243,.2063287,.20318483,.21121243,.2063287,.20318483,.21121243,.20801774,.20670348,.20553781,.20801774,.20670348,.20553781,.20801774,.20670348,.20553781,189.98169,68157.422,358.75784,22935.389,124,124,124,17,17,17,4747,4747,4747,1234,1234,1234,1.3776337,1.3776337,1.3776337,167.9077,7854.3999,46.77808,795.22736,,,,,,,,,,,,,,,,,,,,72.588234,38.282257,,,4581.8984,8367.9141,,,,,484.66351,991.71674,484.66351,991.71674,484.66351,991.71674,72.588234,38.282257,,,1,,2.3890646,2.3890646,2.3890646,3.7605882,3.7605882,3.7605882,1,,1,,150.802,,,25.109026,25.109026,25.109026,1,,1,,2.3890646,2.3890646,2.3890646,4.5999193,4.5999193,4.5999193,1,,1,,522.21289,,,119.1627,119.1627,119.1627,1,
07Mar2020,Iran,21,145,42,105,290,725,1076,5823,2152,5380,11646,29115,1669,756,1.9516729,4009,31.883928,840.9375,168.70255,6686.9453,39.637489,832.38727,,,,,,,,,,,,,,,,,,,,,,,,8674.542,10167.377,7281.8091,1610.335,1887.4635,1351.7891,1743.3352,2075.6768,1451.3209,609.59949,704.55048,528.99054,50.170357,,,346.41437,,,71.880661,71.880661,71.880661,395.59497,395.59497,395.59497,21,,,145,,,30.087364,30.087364,30.087364,165.58571,165.58571,165.58571,4.1543946,187646.11,158276,217047.52,2666590.8,3149649.8,2235515.8,50.170357,,,346.41437,,,71.880661,71.880661,71.880661,395.59497,395.59497,395.59497,4.1543946,,,,,,,50.170357,,,346.41437,,,71.880661,71.880661,71.880661,395.59497,395.59497,395.59497,4.1543946,,,,,,,.059515562,,,.41094077,,,.085269831,.085269831,.085269831,.46928221,.46928221,.46928221,.024911657,,,.17200907,,,.03569172,.03569172,.03569172,.19642927,.19642927,.19642927,1.276426,222.59885,187.75798,257.47684,.02673669,,,,,,,,,366.98276,119074.13,324.4679,16278.67,637.98999,569.57001,708.56,637.98999,569.57001,708.56,637.98999,569.57001,708.56,644.04999,583.48999,694.60999,644.04999,583.48999,694.60999,644.04999,583.48999,694.60999,67.599998,60.369999,74.779999,67.599998,60.369999,74.779999,67.599998,60.369999,74.779999,68.160004,62.630001,73.940002,68.160004,62.630001,73.940002,68.160004,62.630001,73.940002,596870.75,536321.5,653546.31,596870.75,536321.5,653546.31,596870.75,536321.5,653546.31,600777.94,554423,650985.56,600777.94,554423,650985.56,600777.94,554423,650985.56,31205.391,28241.789,33937.922,31205.391,28241.789,33937.922,31205.391,28241.789,33937.922,31192.73,28764.66,34165.762,31192.73,28764.66,34165.762,31192.73,28764.66,34165.762,2715.73,3031.4299,3328.74,2715.73,3031.4299,3328.74,2715.73,3031.4299,3328.74,2806.8501,3052.21,3325.1899,2806.8501,3052.21,3325.1899,2806.8501,3052.21,3325.1899,353.76999,392.29999,428.88,353.76999,392.29999,428.88,353.76999,392.29999,428.88,363.22,393.56,431.57999,363.22,393.56,431.57999,363.22,393.56,431.57999,936.54999,1046.15,1151.1,936.54999,1046.15,1151.1,936.54999,1046.15,1151.1,969.46997,1053.74,1145.7,969.46997,1053.74,1145.7,969.46997,1053.74,1145.7,101.08,112.09,122.54,101.08,112.09,122.54,101.08,112.09,122.54,103.78,112.45,123.32,103.78,112.45,123.32,103.78,112.45,123.32,194234.27,214532.81,233290.19,194234.27,214532.81,233290.19,194234.27,214532.81,233290.19,197777.7,214456.25,234829.3,197777.7,214456.25,234829.3,197777.7,214456.25,234829.3,.86000001,.88,.91000003,.86000001,.88,.91000003,.86000001,.88,.91000003,.86000001,.88999999,.91000003,.86000001,.88999999,.91000003,.86000001,.88999999,.91000003,.87,.88999999,.92000002,.87,.88999999,.92000002,.87,.88999999,.92000002,.87,.89999998,.92000002,.87,.89999998,.92000002,.87,.89999998,.92000002,.21662924,.21376124,.22034349,.21662924,.21376124,.22034349,.21662924,.21376124,.22034349,.21851246,.21773246,.21641549,.21851246,.21773246,.21641549,.21851246,.21773246,.21641549,189.98169,68157.422,358.75784,24252.029,145,145,145,21,21,21,5823,5823,5823,1076,1076,1076,1.9516729,1.9516729,1.9516729,167.9077,7854.3999,46.77808,982.33966,,,,,,,,,,,,,,,,,,,,51.238094,40.158619,,,3740.179,7697.6909,,,,,461.61823,935.54877,461.61823,935.54877,461.61823,935.54877,51.238094,40.158619,,,1,,2.3890646,2.3890646,2.3890646,3.2190475,3.2190475,3.2190475,1,,1,,174.39229,,,29.001293,29.001293,29.001293,1,,1,,2.3890646,2.3890646,2.3890646,4.399931,4.399931,4.399931,1,,1,,457.94104,,,102.50227,102.50227,102.50227,1,
08Mar2020,Iran,49,194,98,245,388,970,743,6566,1486,3715,13132,32830,2134,465,6.5948858,4238,39.142857,876.46429,168.70255,6686.9453,39.637489,1942.2369,,,,,,,,,,,,,,,,,,,,,,,,9818.0254,11451.346,8234.8486,1868.662,2179.5315,1567.3365,1900.3617,2266.1033,1578.2411,679.04895,776.6546,590.35675,117.06417,,,463.47855,,,88.324593,88.324593,88.324593,483.91956,483.91956,483.91956,49,,,194,,,36.970364,36.970364,36.970364,202.55608,202.55608,202.55608,4.3715272,188058.17,158525.03,216527.25,2854648.8,3366177,2394040.8,117.06417,,,463.47855,,,88.324593,88.324593,88.324593,483.91956,483.91956,483.91956,4.3715272,,,,,,,117.06417,,,463.47855,,,88.324593,88.324593,88.324593,483.91956,483.91956,483.91956,4.3715272,,,,,,,.13886964,,,.54981041,,,.10477676,.10477676,.10477676,.57405895,.57405895,.57405895,.058127202,,,.23013628,,,.043856815,.043856815,.043856815,.24028608,.24028608,.24028608,.8813982,223.08766,188.05339,256.85965,.062248915,,,,,,,,,366.98276,119074.13,324.4679,37983.566,709,633.35999,786.90997,709,633.35999,786.90997,709,633.35999,786.90997,715.60999,649.89001,770.67999,715.60999,649.89001,770.67999,715.60999,649.89001,770.67999,71.010002,63.490002,78.349998,71.010002,63.490002,78.349998,71.010002,63.490002,78.349998,71.559998,65.779999,77.739998,71.559998,65.779999,77.739998,71.559998,65.779999,77.739998,627935.06,564717,686199.44,627935.06,564717,686199.44,627935.06,564717,686199.44,631823.31,583138.13,685209.44,631823.31,583138.13,685209.44,631823.31,583138.13,685209.44,31064.359,28040.48,33913.711,31064.359,28040.48,33913.711,31064.359,28040.48,33913.711,31045.41,28614.641,34007.359,31045.41,28614.641,34007.359,31045.41,28614.641,34007.359,2805.46,3126.71,3422.23,2805.46,3126.71,3422.23,2805.46,3126.71,3422.23,2897.4099,3146.3201,3431.3999,2897.4099,3146.3201,3431.3999,2897.4099,3146.3201,3431.3999,357.09,395.48999,429.84,357.09,395.48999,429.84,357.09,395.48999,429.84,365.70999,396.44,435.09,365.70999,396.44,435.09,365.70999,396.44,435.09,975.35999,1088.05,1193.8101,975.35999,1088.05,1193.8101,975.35999,1088.05,1193.8101,1008.01,1095.39,1192.3199,1008.01,1095.39,1192.3199,1008.01,1095.39,1192.3199,102.03,112.99,122.81,102.03,112.99,122.81,102.03,112.99,122.81,104.49,113.27,124.31,104.49,113.27,124.31,104.49,113.27,124.31,191085.05,211118.02,230192.77,191085.05,211118.02,230192.77,191085.05,211118.02,230192.77,194558.3,211138.13,231560.19,194558.3,211138.13,231560.19,194558.3,211138.13,231560.19,.86000001,.88,.91000003,.86000001,.88,.91000003,.86000001,.88,.91000003,.86000001,.88999999,.91000003,.86000001,.88999999,.91000003,.86000001,.88999999,.91000003,.87,.88999999,.92000002,.87,.88999999,.92000002,.87,.88999999,.92000002,.87,.89999998,.92000002,.87,.89999998,.92000002,.87,.89999998,.92000002,.22858995,.22642265,.2310275,.22858995,.22642265,.2310275,.22858995,.22642265,.2310275,.23050106,.22988231,.22859757,.23050106,.22988231,.22859757,.23050106,.22988231,.22859757,189.98169,68157.422,358.75784,25475.395,194,194,194,49,49,49,6566,6566,6566,743,743,743,6.5948858,6.5948858,6.5948858,167.9077,7854.3999,46.77808,2292.126,,,,,,,,,,,,,,,,,,,,15.163265,33.84536,,,1606.4537,6159.1821,,,,,437.46457,885.66296,437.46457,885.66296,437.46457,885.66296,15.163265,33.84536,,,1,,2.3890648,2.3890648,2.3890648,1.4491837,1.4491837,1.4491837,1,,1,,253.10655,,,41.809368,41.809368,41.809368,1,,1,,2.3890648,2.3890648,2.3890648,3.6546392,3.6546392,3.6546392,1,,1,,434.76221,,,95.634338,95.634338,95.634338,1,
09Mar2020,Iran,43,237,86,215,474,1185,595,7161,1190,2975,14322,35805,2394,260,7.2268906,4530,47.36607,915.97321,168.70255,6686.9453,39.637489,1704.412,,,,,,,,,,,,,,,,,,,,,,,,11034.621,12822.806,9254.6396,2129.7732,2474.9077,1786.222,2053.7444,2427.613,1720.9237,746.37756,853.8446,647.97815,102.72978,,,566.20831,,,107.84861,107.84861,107.84861,591.76819,591.76819,591.76819,43,,,237,,,45.142609,45.142609,45.142609,247.69868,247.69868,247.69868,4.6026702,187390.91,157222.03,215480.75,3042039.8,3581657.8,2551262.8,102.72978,,,566.20831,,,107.84861,107.84861,107.84861,591.76819,591.76819,591.76819,4.6026702,,,,,,,102.72978,,,566.20831,,,107.84861,107.84861,107.84861,591.76819,591.76819,591.76819,4.6026702,,,,,,,.1218652,,,.67167562,,,.12793751,.12793751,.12793751,.70199651,.70199651,.70199651,.051009584,,,.28114584,,,.053551298,.053551298,.053551298,.29383737,.29383737,.29383737,.70583034,222.29611,186.50769,255.61824,.054821115,,,,,,,,,366.98276,119074.13,324.4679,33332.516,783.16998,700.12,868.52002,783.16998,700.12,868.52002,783.16998,700.12,868.52002,790.31,719.5,850.02002,790.31,719.5,850.02002,790.31,719.5,850.02002,74.160004,66.389999,81.610001,74.160004,66.389999,81.610001,74.160004,66.389999,81.610001,74.699997,68.709999,81.25,74.699997,68.709999,81.25,74.699997,68.709999,81.25,658473.94,592580.38,718342.69,658473.94,592580.38,718342.69,658473.94,592580.38,718342.69,662357.63,612235.06,718966.81,662357.63,612235.06,718966.81,662357.63,612235.06,718966.81,30538.84,27633.881,33433.211,30538.84,27633.881,33433.211,30538.84,27633.881,33433.211,30534.301,28119.949,33500.422,30534.301,28119.949,33500.422,30534.301,28119.949,33500.422,2887.3101,3212.6899,3505.3501,2887.3101,3212.6899,3505.3501,2887.3101,3212.6899,3505.3501,2981.6499,3230.8999,3527.23,2981.6499,3230.8999,3527.23,2981.6499,3230.8999,3527.23,359.64001,397.91,430.26999,359.64001,397.91,430.26999,359.64001,397.91,430.26999,367.76999,398.59,437.47,367.76999,398.59,437.47,367.76999,398.59,437.47,1011.69,1127,1232.87,1011.69,1127,1232.87,1011.69,1127,1232.87,1045.09,1134,1235.66,1045.09,1134,1235.66,1045.09,1134,1235.66,102.75,113.68,122.93,102.75,113.68,122.93,102.75,113.68,122.93,105.07,113.87,124.98,105.07,113.87,124.98,105.07,113.87,124.98,188155.06,207663.34,227032.89,188155.06,207663.34,227032.89,188155.06,207663.34,227032.89,191303.5,207782.44,228267.56,191303.5,207782.44,228267.56,191303.5,207782.44,228267.56,.86000001,.88,.91000003,.86000001,.88,.91000003,.86000001,.88,.91000003,.86000001,.88999999,.91000003,.86000001,.88999999,.91000003,.86000001,.88999999,.91000003,.87,.88999999,.92000002,.87,.88999999,.92000002,.87,.88999999,.92000002,.87,.89999998,.92000002,.87,.89999998,.92000002,.87,.89999998,.92000002,.24283831,.24024856,.2440986,.24283831,.24024856,.2440986,.24283831,.24024856,.2440986,.2446429,.2443461,.24253426,.2446429,.2443461,.24253426,.2446429,.2443461,.24253426,189.98169,68157.422,358.75784,26605.482,237,237,237,43,43,43,7161,7161,7161,595,595,595,7.2268906,7.2268906,7.2268906,167.9077,7854.3999,46.77808,2011.4574,,,,,,,,,,,,,,,,,,,,13.83721,30.215189,,,1824.1147,5372.6514,,,,,411.79663,840.78033,411.79663,840.78033,411.79663,840.78033,13.83721,30.215189,,,1,,2.3890648,2.3890648,2.3890648,1.7246512,1.7246512,1.7246512,1,,1,,314.94269,,,51.325783,51.325783,51.325783,1,,1,,2.3890646,2.3890646,2.3890646,3.3045146,3.3045146,3.3045146,1,,1,,424.80655,,,91.952789,91.952789,91.952789,1,
10Mar2020,Iran,54,291,108,270,582,1455,881,8042,1762,4405,16084,40210,2731,337,6.1293983,5020,56.589287,958.10712,168.70255,6686.9453,39.637489,2140.4243,,,,,,,,,,,,,,,,,,,,,,,,12309.51,14293.202,10323.255,2384.489,2768.7522,1999.7292,2200.5999,2587.0901,1867.2047,809.07153,927.35156,700.87952,129.00949,,,695.21783,,,130.46889,130.46889,130.46889,722.23706,722.23706,722.23706,54,,,291,,,54.610867,54.610867,54.610867,302.30954,302.30954,302.30954,4.8445735,185728.97,156169.73,213833.36,3227768.8,3795491.3,2707432.5,129.00949,,,695.21783,,,130.46889,130.46889,130.46889,722.23706,722.23706,722.23706,4.8445735,,,,,,,129.00949,,,695.21783,,,130.46889,130.46889,130.46889,722.23706,722.23706,722.23706,4.8445735,,,,,,,.15304002,,,.82471561,,,.15477125,.15477125,.15477125,.85676771,.85676771,.85676771,.06405855,,,.34520441,,,.064783201,.064783201,.064783201,.35862058,.35862058,.35862058,1.0451033,220.32458,185.25938,253.66399,.069461159,,,,,,,,,366.98276,119074.13,324.4679,41859.438,860.22998,769.65002,953.08002,860.22998,769.65002,953.08002,860.22998,769.65002,953.08002,867.89001,792.12,932.21002,867.89001,792.12,932.21002,867.89001,792.12,932.21002,77.059998,69.07,84.550003,77.059998,69.07,84.550003,77.059998,69.07,84.550003,77.580002,71.370003,84.480003,77.580002,71.370003,84.480003,77.580002,71.370003,84.480003,688384.31,619756.38,749904.56,688384.31,619756.38,749904.56,688384.31,619756.38,749904.56,692283.56,640996.63,752158.81,692283.56,640996.63,752158.81,692283.56,640996.63,752158.81,29910.369,27062.221,32827.82,29910.369,27062.221,32827.82,29910.369,27062.221,32827.82,29925.92,27527.711,32900.941,29925.92,27527.711,32900.941,29925.92,27527.711,32900.941,2958.6499,3289.3101,3587.02,2958.6499,3289.3101,3587.02,2958.6499,3289.3101,3587.02,3055.98,3305.99,3612.8101,3055.98,3305.99,3612.8101,3055.98,3305.99,3612.8101,360.67999,398.84,431.28,360.67999,398.84,431.28,360.67999,398.84,431.28,368.31,399.32001,438.16,368.31,399.32001,438.16,368.31,399.32001,438.16,1045.37,1162.88,1268.29,1045.37,1162.88,1268.29,1045.37,1162.88,1268.29,1079.96,1169.48,1275.63,1079.96,1169.48,1275.63,1079.96,1169.48,1275.63,103.04,113.94,123.21,103.04,113.94,123.21,103.04,113.94,123.21,105.21,114.07,125.17,105.21,114.07,125.17,105.21,114.07,125.17,185089.94,204203.81,223852.55,185089.94,204203.81,223852.55,185089.94,204203.81,223852.55,187918.27,204421.67,224963.89,187918.27,204421.67,224963.89,187918.27,204421.67,224963.89,.86000001,.88,.91000003,.86000001,.88,.91000003,.86000001,.88,.91000003,.86000001,.88999999,.91000003,.86000001,.88999999,.91000003,.86000001,.88999999,.91000003,.87,.88999999,.92000002,.87,.88999999,.92000002,.87,.88999999,.92000002,.87,.89999998,.92000002,.87,.89999998,.92000002,.87,.89999998,.92000002,.2576364,.25522664,.25755593,.2576364,.25522664,.25755593,.2576364,.25522664,.25755593,.25924015,.25926602,.25677079,.25924015,.25926602,.25677079,.25924015,.25926602,.25677079,189.98169,68157.422,358.75784,27645.879,291,291,291,54,54,54,8042,8042,8042,881,881,881,6.1293983,6.1293983,6.1293983,167.9077,7854.3999,46.77808,2526.0164,,,,,,,,,,,,,,,,,,,,16.314816,27.635738,,,1439.6536,4642.8164,,,,,388.14392,800.23285,388.14392,800.23285,388.14392,800.23285,16.314816,27.635738,,,1,,2.3890646,2.3890646,2.3890646,1.427037,1.427037,1.427037,1,,1,,210.81609,,,33.950478,33.950478,33.950478,1,,1,,2.3890648,2.3890648,2.3890648,2.9561167,2.9561167,2.9561167,1,,1,,401.36392,,,85.598648,85.598648,85.598648,1,
11Mar2020,Iran,63,354,126,315,708,1770,958,9000,1916,4790,18000,45000,2959,228,6.5762005,5687,66.598213,1005.1786,168.70255,6686.9453,39.637489,2497.1619,,,,,,,,,,,,,,,,,,,,,,,,13618.523,15877.011,11391.099,2609.7175,3042.5115,2182.8762,2338.1287,2747.3545,1985.1226,864.73529,992.34271,749.63947,150.51108,,,845.72888,,,155.966,155.966,155.966,878.20306,878.20306,878.20306,63,,,354,,,65.283287,65.283287,65.283287,367.59283,367.59283,367.59283,5.0940213,183172.13,154175.55,211917.2,3410940.8,4007408.3,2861608,150.51108,,,845.72888,,,155.966,155.966,155.966,878.20306,878.20306,878.20306,5.0940213,,,,,,,150.51108,,,845.72888,,,155.966,155.966,155.966,878.20306,878.20306,878.20306,5.0940213,,,,,,,.17854668,,,1.0032623,,,.18501769,.18501769,.18501769,1.0417855,1.0417855,1.0417855,.074734971,,,.41993937,,,.07744357,.07744357,.07744357,.43606415,.43606415,.43606415,1.1364461,217.29149,182.89374,251.3909,.082169205,,,,,,,,,366.98276,119074.13,324.4679,48836.012,939.92999,841.70001,1040.27,939.92999,841.70001,1040.27,939.92999,841.70001,1040.27,948.09003,867.53998,1017.85,948.09003,867.53998,1017.85,948.09003,867.53998,1017.85,79.709999,71.540001,87.199997,79.709999,71.540001,87.199997,79.709999,71.540001,87.199997,80.199997,73.910004,87.43,80.199997,73.910004,87.43,80.199997,73.910004,87.43,717672.19,646141.88,781142.06,717672.19,646141.88,781142.06,717672.19,646141.88,781142.06,721606.81,668963.56,784789.19,721606.81,668963.56,784789.19,721606.81,668963.56,784789.19,29287.881,26506,32225.619,29287.881,26506,32225.619,29287.881,26506,32225.619,29323.279,26900.359,32307.23,29323.279,26900.359,32307.23,29323.279,26900.359,32307.23,3020.9299,3355.98,3667.3999,3020.9299,3355.98,3667.3999,3020.9299,3355.98,3667.3999,3117.98,3371.0901,3687.74,3117.98,3371.0901,3687.74,3117.98,3371.0901,3687.74,359.92999,398.01999,431.48001,359.92999,398.01999,431.48001,359.92999,398.01999,431.48001,367.26001,398.38,437.20001,367.26001,398.38,437.20001,367.26001,398.38,437.20001,1075.34,1195.4301,1302.66,1075.34,1195.4301,1302.66,1075.34,1195.4301,1302.66,1111.49,1201.6,1312.02,1111.49,1201.6,1312.02,1111.49,1201.6,1312.02,102.82,113.7,123.26,102.82,113.7,123.26,102.82,113.7,123.26,104.91,113.8,124.89,104.91,113.8,124.89,104.91,113.8,124.89,181925.66,200759.63,220671.48,181925.66,200759.63,220671.48,181925.66,200759.63,220671.48,184403.31,201074.48,221665.81,184403.31,201074.48,221665.81,184403.31,201074.48,221665.81,.86000001,.88,.91000003,.86000001,.88,.91000003,.86000001,.88,.91000003,.86000001,.88999999,.91000003,.86000001,.88999999,.91000003,.86000001,.88999999,.91000003,.87,.88999999,.92000002,.87,.88999999,.92000002,.87,.88999999,.92000002,.87,.89999998,.92000002,.87,.89999998,.92000002,.87,.89999998,.92000002,.27216035,.26990116,.27059215,.27216035,.26990116,.27059215,.27216035,.26990116,.27059215,.27350283,.2747547,.27062052,.27350283,.2747547,.27062052,.27350283,.2747547,.27062052,189.98169,68157.422,358.75784,28596.588,354,354,354,63,63,63,9000,9000,9000,958,958,958,6.5762005,6.5762005,6.5762005,167.9077,7854.3999,46.77808,2947.019,,,,,,,,,,,,,,,,,,,,15.206349,25.423729,,,1217.001,4033.1375,,,,,367.43045,763.5379,367.43045,763.5379,367.43045,763.5379,15.206349,25.423729,,,1,,2.3890648,2.3890648,2.3890648,1.265238,1.265238,1.265238,1,,1,,191.20264,,,30.571901,30.571901,30.571901,1,,1,,2.3890646,2.3890646,2.3890646,2.6551695,2.6551695,2.6551695,1,,1,,378.99341,,,79.741356,79.741356,79.741356,1,
12Mar2020,Iran,75,429,150,375,858,2145,1075,10075,2150,5375,20150,50375,2959,0,6.9767442,6687,77.16964,1054.5267,168.70255,6686.9453,39.637489,2972.8118,,,,,,,,,,,,,,,,,,,,,,,,14937.211,17465.438,12457.359,2790.0911,3262.3333,2326.8848,2463.7712,2886.8665,2088.3088,911.10754,1036.3605,793.91119,179.17986,,,1024.9087,,,183.75888,183.75888,183.75888,1061.9619,1061.9619,1061.9619,75,,,429,,,76.916664,76.916664,76.916664,444.50949,444.50949,444.50949,5.3486266,179830.3,150323.52,208910.44,3590771.3,4216319,3011931.5,179.17986,,,1024.9087,,,183.75888,183.75888,183.75888,1061.9619,1061.9619,1061.9619,5.3486266,,,,,,,179.17986,,,1024.9087,,,183.75888,183.75888,183.75888,1061.9619,1061.9619,1061.9619,5.3486266,,,,,,,.21255557,,,1.2158179,,,.21798754,.21798754,.21798754,1.259773,1.259773,1.259773,.088970207,,,.50890958,,,.091243885,.091243885,.091243885,.52730805,.52730805,.52730805,1.2752396,213.32718,178.32419,247.82407,.099638306,,,,,,,,,366.98276,119074.13,324.4679,58138.109,1022.04,915.5,1129.8199,1022.04,915.5,1129.8199,1022.04,915.5,1129.8199,1030.66,945.53998,1107.27,1030.66,945.53998,1107.27,1030.66,945.53998,1107.27,82.099998,73.800003,89.540001,82.099998,73.800003,89.540001,82.099998,73.800003,89.540001,82.57,76.230003,90.110001,82.57,76.230003,90.110001,82.57,76.230003,90.110001,746373.25,671942.75,812049.56,746373.25,671942.75,812049.56,746373.25,671942.75,812049.56,750361.25,695851.44,816889.38,750361.25,695851.44,816889.38,750361.25,695851.44,816889.38,28701.09,25978.6,31661.51,28701.09,25978.6,31661.51,28701.09,25978.6,31661.51,28754.43,26308.619,31753.5,28754.43,26308.619,31753.5,28754.43,26308.619,31753.5,3073.3501,3412.05,3736.3501,3073.3501,3412.05,3736.3501,3073.3501,3412.05,3736.3501,3167.0701,3425.6499,3751.53,3167.0701,3425.6499,3751.53,3167.0701,3425.6499,3751.53,357.51001,395.54999,430.14999,357.51001,395.54999,430.14999,357.51001,395.54999,430.14999,364.75,395.88,434.72,364.75,395.88,434.72,364.75,395.88,434.72,1102.01,1224.39,1336.8101,1102.01,1224.39,1336.8101,1102.01,1224.39,1336.8101,1138.26,1230.13,1344.63,1138.26,1230.13,1344.63,1138.26,1230.13,1344.63,102.12,112.99,122.87,102.12,112.99,122.87,102.12,112.99,122.87,104.19,113.08,124.17,104.19,113.08,124.17,104.19,113.08,124.17,178789.3,197343.11,217501.8,178789.3,197343.11,217501.8,178789.3,197343.11,217501.8,180925,197752.31,218509.38,180925,197752.31,218509.38,180925,197752.31,218509.38,.86000001,.88,.91000003,.86000001,.88,.91000003,.86000001,.88,.91000003,.86000001,.88999999,.91000003,.86000001,.88999999,.91000003,.86000001,.88999999,.91000003,.87,.88999999,.92000002,.87,.88999999,.92000002,.87,.88999999,.92000002,.87,.89999998,.92000002,.87,.89999998,.92000002,.87,.89999998,.92000002,.28605184,.28408,.28280395,.28605184,.28408,.28280395,.28605184,.28408,.28280395,.28715575,.28975296,.28377974,.28715575,.28975296,.28377974,.28715575,.28975296,.28377974,189.98169,68157.422,358.75784,29454.018,429,429,429,75,75,75,10075,10075,10075,1075,1075,1075,6.9767442,6.9767442,6.9767442,167.9077,7854.3999,46.77808,3508.356,,,,,,,,,,,,,,,,,,,,14.333333,23.484848,,,1003.6301,3503.5037,,,,,349.58698,730.27795,349.58698,730.27795,349.58698,730.27795,14.333333,23.484848,,,1,,2.3890648,2.3890648,2.3890648,1.0946666,1.0946666,1.0946666,1,,1,,167.284,,,26.698689,26.698689,26.698689,1,,1,,2.3890646,2.3890646,2.3890646,2.3823776,2.3823776,2.3823776,1,,1,,356.40408,,,74.081711,74.081711,74.081711,1,
13Mar2020,Iran,85,514,170,425,1028,2570,1289,11364,2578,6445,22728,56820,2959,0,6.5942593,7891,88.25,1100.8928,168.70255,6686.9453,39.637489,3369.1865,,,,,,,,,,,,,,,,,,,,,,,,16291.972,19079.455,13629.774,2925.1826,3425.6682,2447.1917,2575.324,3002.2673,2186.0439,945.93665,1073.4623,820.17816,203.0705,,,1227.9792,,,212.8242,212.8242,212.8242,1274.7861,1274.7861,1274.7861,85,,,514,,,89.082649,89.082649,89.082649,533.59216,533.59216,533.59216,5.6070108,175819.22,146012.34,203066.91,3766590.3,4419385.5,3157944,203.0705,,,1227.9792,,,212.8242,212.8242,212.8242,1274.7861,1274.7861,1274.7861,5.6070108,,,,,,,203.0705,,,1227.9792,,,212.8242,212.8242,212.8242,1274.7861,1274.7861,1274.7861,5.6070108,,,,,,,.24089631,,,1.4567143,,,.25246686,.25246686,.25246686,1.5122398,1.5122398,1.5122398,.1008329,,,.60974246,,,.10567603,.10567603,.10567603,.63298404,.63298404,.63298404,1.5291013,208.56897,173.20999,240.89207,.1154996,,,,,,,,,366.98276,119074.13,324.4679,65889.859,1106.28,991.32001,1221.42,1106.28,991.32001,1221.42,1106.28,991.32001,1221.42,1115.34,1025.89,1199.72,1115.34,1025.89,1199.72,1115.34,1025.89,1199.72,84.239998,75.769997,91.839996,84.239998,75.769997,91.839996,84.239998,75.769997,91.839996,84.669998,78.290001,92.5,84.669998,78.290001,92.5,84.669998,78.290001,92.5,774522.81,697195.69,843357.63,774522.81,697195.69,843357.63,774522.81,697195.69,843357.63,778580.13,722168.94,848490.06,778580.13,722168.94,848490.06,778580.13,722168.94,848490.06,28149.551,25479.73,31134.93,28149.551,25479.73,31134.93,28149.551,25479.73,31134.93,28218.85,25716.67,31255.369,28218.85,25716.67,31255.369,28218.85,25716.67,31255.369,3115.3799,3457.1101,3785.1799,3115.3799,3457.1101,3785.1799,3115.3799,3457.1101,3785.1799,3203,3469.3501,3803.9399,3203,3469.3501,3803.9399,3203,3469.3501,3803.9399,354.37,391.76001,427.39001,354.37,391.76001,427.39001,354.37,391.76001,427.39001,361.04999,392.13,431,361.04999,392.13,431,361.04999,392.13,431,1125.1801,1249.59,1366.91,1125.1801,1249.59,1366.91,1125.1801,1249.59,1366.91,1161.29,1254.9301,1373.3101,1161.29,1254.9301,1373.3101,1161.29,1254.9301,1373.3101,101.22,111.9,122.08,101.22,111.9,122.08,101.22,111.9,122.08,103.13,112,123.1,103.13,112,123.1,103.13,112,123.1,175686.02,193960.7,214363.27,175686.02,193960.7,214363.27,175686.02,193960.7,214363.27,177313.73,194461.17,215437.06,177313.73,194461.17,215437.06,177313.73,194461.17,215437.06,.86000001,.88,.91000003,.86000001,.88,.91000003,.86000001,.88,.91000003,.86000001,.88999999,.91000003,.86000001,.88999999,.91000003,.86000001,.88999999,.91000003,.87,.88999999,.92000002,.87,.88999999,.92000002,.87,.88999999,.92000002,.87,.89999998,.92000002,.87,.89999998,.92000002,.87,.89999998,.92000002,.29925877,.29737362,.29497415,.29925877,.29737362,.29497415,.29925877,.29737362,.29497415,.30004767,.3044329,.29594916,.30004767,.3044329,.29594916,.30004767,.3044329,.29594916,189.98169,68157.422,358.75784,30221.76,514,514,514,85,85,85,11364,11364,11364,1289,1289,1289,6.5942593,6.5942593,6.5942593,167.9077,7854.3999,46.77808,3976.1367,,,,,,,,,,,,,,,,,,,,15.164706,22.10895,,,865.80383,3067.3076,,,,,334.15897,700.11462,334.15897,700.11462,334.15897,700.11462,15.164706,22.10895,,,1,,2.3890646,2.3890646,2.3890646,.99105883,.99105883,.99105883,1,,1,,136.3997,,,21.838285,21.838285,21.838285,1,,1,,2.3890648,2.3890648,2.3890648,2.1522958,2.1522958,2.1522958,1,,1,,331.44934,,,68.155823,68.155823,68.155823,1,
14Mar2020,Iran,97,611,194,485,1222,3055,1365,12729,2730,6825,25458,63645,2959,0,7.1062269,9159,99.410713,1139.9553,168.70255,6686.9453,39.637489,3844.8364,,,,,,,,,,,,,,,,,,,,,,,,17623.74,20649.531,14848.333,3011.9868,3529.1101,2537.6558,2670.9866,3093.4231,2271.3916,967.42847,1085.7363,840.94208,231.73927,,,1459.7185,,,241.65813,241.65813,241.65813,1516.4443,1516.4443,1516.4443,97,,,611,,,101.15178,101.15178,101.15178,634.7439,634.7439,634.7439,5.868485,171256.25,141759.05,196300.3,3937846.8,4615686,3299703,231.73927,,,1459.7185,,,241.65813,241.65813,241.65813,1516.4443,1516.4443,1516.4443,5.868485,,,,,,,231.73927,,,1459.7185,,,241.65813,241.65813,241.65813,1516.4443,1516.4443,1516.4443,5.868485,,,,,,,.2749052,,,1.7316195,,,.28667164,.28667164,.28667164,1.7989115,1.7989115,1.7989115,.11506814,,,.7248106,,,.11999326,.11999326,.11999326,.75297731,.75297731,.75297731,1.6192578,203.15605,168.16443,232.86505,.13531727,,,,,,,,,366.98276,119074.13,324.4679,75191.953,1192.38,1068.92,1314.78,1192.38,1068.92,1314.78,1192.38,1068.92,1314.78,1201.84,1108.0601,1294.33,1201.84,1108.0601,1294.33,1201.84,1108.0601,1294.33,86.110001,77.489998,94.059998,86.110001,77.489998,94.059998,86.110001,77.489998,94.059998,86.510002,80.010002,94.610001,86.510002,80.010002,94.610001,86.510002,80.010002,94.610001,802147.69,721928.75,874249.25,802147.69,721928.75,874249.25,802147.69,721928.75,874249.25,806288.69,747747.44,879614,806288.69,747747.44,879614,806288.69,747747.44,879614,27624.85,25002.881,30645.311,27624.85,25002.881,30645.311,27624.85,25002.881,30645.311,27708.57,25141.77,30777.779,27708.57,25141.77,30777.779,27708.57,25141.77,30777.779,3146.8999,3491.1399,3809.03,3146.8999,3491.1399,3809.03,3146.8999,3491.1399,3809.03,3228.48,3502.23,3845.0601,3228.48,3502.23,3845.0601,3228.48,3502.23,3845.0601,350.98999,386.98999,423.48001,350.98999,386.98999,423.48001,350.98999,386.98999,423.48001,356.35999,387.45001,426.38,356.35999,387.45001,426.38,356.35999,387.45001,426.38,1144.75,1270.96,1392.85,1144.75,1270.96,1392.85,1144.75,1270.96,1392.85,1179.05,1275.9301,1398.02,1179.05,1275.9301,1398.02,1179.05,1275.9301,1398.02,100.25,110.53,120.96,100.25,110.53,120.96,100.25,110.53,120.96,101.78,110.66,121.78,101.78,110.66,121.78,101.78,110.66,121.78,172618.27,190615.38,211320.84,172618.27,190615.38,211320.84,172618.27,190615.38,211320.84,173614.45,191203.88,212383.41,173614.45,191203.88,212383.41,173614.45,191203.88,212383.41,.86000001,.88,.91000003,.86000001,.88,.91000003,.86000001,.88,.91000003,.86000001,.88999999,.91000003,.86000001,.88999999,.91000003,.86000001,.88999999,.91000003,.87,.88999999,.92000002,.87,.88999999,.92000002,.87,.88999999,.92000002,.87,.89999998,.92000002,.87,.89999998,.92000002,.87,.89999998,.92000002,.31171212,.30992427,.30693114,.31171212,.30992427,.30693114,.31171212,.30992427,.30693114,.31221387,.31823537,.3073971,.31221387,.31823537,.3073971,.31221387,.31823537,.3073971,189.98169,68157.422,358.75784,30892.639,611,611,611,97,97,97,12729,12729,12729,1365,1365,1365,7.1062269,7.1062269,7.1062269,167.9077,7854.3999,46.77808,4537.4736,,,,,,,,,,,,,,,,,,,,14.072165,20.833061,,,739.00403,2697.6755,,,,,320.80884,672.72821,320.80884,672.72821,320.80884,672.72821,14.072165,20.833061,,,1,,2.3890648,2.3890648,2.3890648,.88773197,.88773197,.88773197,1,,1,,125.46246,,,20.237986,20.237986,20.237986,1,,1,,2.3890646,2.3890646,2.3890646,1.9515221,1.9515221,1.9515221,1,,1,,309.36026,,,63.017338,63.017338,63.017338,1,
15Mar2020,Iran,113,724,226,565,1448,3620,1209,13938,2418,6045,27876,69690,4590,1631,9.3465672,8624,110.04465,1163.3394,168.70255,6686.9453,39.637489,4479.0361,,,,,,,,,,,,,,,,,,,,,,,,18913.85,22149.689,15913.689,3055.6089,3578.3723,2570.9211,2749.4192,3167.2827,2320.6411,974.69696,1102.6421,852.19012,269.96429,,,1729.6829,,,268.31088,268.31088,268.31088,1784.7551,1784.7551,1784.7551,113,,,724,,,112.30792,112.30792,112.30792,747.05188,747.05188,747.05188,6.1325917,166256.88,138012.36,188993.56,4104103.5,4804679.5,3437715.5,269.96429,,,1729.6829,,,268.31088,268.31088,268.31088,1784.7551,1784.7551,1784.7551,6.1325917,,,,,,,269.96429,,,1729.6829,,,268.31088,268.31088,268.31088,1784.7551,1784.7551,1784.7551,6.1325917,,,,,,,.32025039,,,2.0518699,,,.31828901,.31828901,.31828901,2.1172004,2.1172004,2.1172004,.13404845,,,.85885906,,,.13322745,.13322745,.13322745,.88620478,.88620478,.88620478,1.4341997,197.22545,163.71985,224.19728,.16237782,,,,,,,,,366.98276,119074.13,324.4679,87594.75,1280.09,1148.04,1409.61,1280.09,1148.04,1409.61,1280.09,1148.04,1409.61,1289.92,1190.84,1390.77,1289.92,1190.84,1390.77,1289.92,1190.84,1390.77,87.699997,78.959999,95.989998,87.699997,78.959999,95.989998,87.699997,78.959999,95.989998,88.07,81.449997,96.440002,88.07,81.449997,96.440002,88.07,81.449997,96.440002,829266.63,746162.06,904773.38,829266.63,746162.06,904773.38,829266.63,746162.06,904773.38,833504.69,772585.06,910276.19,833504.69,772585.06,910276.19,833504.69,772585.06,910276.19,27118.971,24541.811,30179.051,27118.971,24541.811,30179.051,27118.971,24541.811,30179.051,27215.98,24588.551,30314.16,27215.98,24588.551,30314.16,27215.98,24588.551,30314.16,3168.1499,3514.46,3822.4099,3168.1499,3514.46,3822.4099,3168.1499,3514.46,3822.4099,3247.3799,3524.6499,3875.28,3247.3799,3524.6499,3875.28,3247.3799,3524.6499,3875.28,345.98999,381.57999,418.78,345.98999,381.57999,418.78,345.98999,381.57999,418.78,350.76001,382.16,421.14001,350.76001,382.16,421.14001,350.76001,382.16,421.14001,1160.73,1288.53,1410,1160.73,1288.53,1410,1160.73,1288.53,1410,1193.21,1293.2,1418.83,1193.21,1293.2,1418.83,1193.21,1293.2,1418.83,98.809998,108.98,119.61,98.809998,108.98,119.61,98.809998,108.98,119.61,100.18,109.15,120.28,100.18,109.15,120.28,100.18,109.15,120.28,169587.17,187308.38,208298.17,169587.17,187308.38,208298.17,169587.17,187308.38,208298.17,169974.84,187981.7,209349.92,169974.84,187981.7,209349.92,169974.84,187981.7,209349.92,.86000001,.88,.91000003,.86000001,.88,.91000003,.86000001,.88,.91000003,.86000001,.88,.89999998,.86000001,.88,.89999998,.86000001,.88,.89999998,.87,.88999999,.92000002,.87,.88999999,.92000002,.87,.88999999,.92000002,.87,.89999998,.92000002,.87,.89999998,.92000002,.87,.89999998,.92000002,.32338986,.32173666,.31806833,.32338986,.32173666,.31806833,.32338986,.32173666,.31806833,.32359666,.33125171,.31813517,.32359666,.33125171,.31813517,.32359666,.33125171,.31813517,189.98169,68157.422,358.75784,31463.063,724,724,724,113,113,113,13938,13938,13938,1209,1209,1209,9.3465672,9.3465672,9.3465672,167.9077,7854.3999,46.77808,5285.9229,,,,,,,,,,,,,,,,,,,,10.699115,19.251381,,,615.84766,2372.749,,,,,309.2243,647.81903,309.2243,647.81903,309.2243,647.81903,10.699115,19.251381,,,1,,2.3890646,2.3890646,2.3890646,.77610618,.77610618,.77610618,1,,1,,137.51602,,,22.43091,22.43091,22.43091,1,,1,,2.3890648,2.3890648,2.3890648,1.7680801,1.7680801,1.7680801,1,,1,,294.45425,,,59.496815,59.496815,59.496815,1,
16Mar2020,Iran,129,853,258,645,1706,4265,1053,14991,2106,5265,29982,74955,4590,0,12.250712,9548,119.47321,1167.8303,168.70255,6686.9453,39.637489,5113.2363,,,,,,,,,,,,,,,,,,,,,,,,20146.445,23549.566,16963.068,3074.7678,3594.155,2588.918,2809.7969,3250.1741,2360.3318,968.3786,1101.9377,849.1601,308.18933,,,2037.8722,,,290.66428,290.66428,290.66428,2075.4194,2075.4194,2075.4194,129,,,853,,,121.66447,121.66447,121.66447,868.71631,868.71631,868.71631,6.3988147,160931.69,134084.89,184113.14,4265035,4988792.5,3571800.3,308.18933,,,2037.8722,,,290.66428,290.66428,290.66428,2075.4194,2075.4194,2075.4194,6.3988147,,,,,,,308.18933,,,2037.8722,,,290.66428,290.66428,290.66428,2075.4194,2075.4194,2075.4194,6.3988147,,,,,,,.36559558,,,2.4174654,,,.34480613,.34480613,.34480613,2.4620066,2.4620066,2.4620066,.15302876,,,1.0118878,,,.14432684,.14432684,.14432684,1.0305316,1.0305316,1.0305316,1.2491417,190.90834,159.06081,218.40779,.1915032,,,,,,,,,366.98276,119074.13,324.4679,99997.547,1369.11,1228.4301,1505.64,1369.11,1228.4301,1505.64,1369.11,1228.4301,1505.64,1379.28,1273.8199,1488.74,1379.28,1273.8199,1488.74,1379.28,1273.8199,1488.74,89.019997,80.18,97.620003,89.019997,80.18,97.620003,89.019997,80.18,97.620003,89.360001,82.519997,97.970001,89.360001,82.519997,97.970001,89.360001,82.519997,97.970001,855893,769909.88,934794.63,855893,769909.88,934794.63,855893,769909.88,934794.63,860240.5,796919.19,940486.75,860240.5,796919.19,940486.75,860240.5,796919.19,940486.75,26626.391,24062.279,29723.77,26626.391,24062.279,29723.77,26626.391,24062.279,29723.77,26735.859,24051.57,29860.07,26735.859,24051.57,29860.07,26735.859,24051.57,29860.07,3179.6899,3527.7,3829.47,3179.6899,3527.7,3829.47,3179.6899,3527.7,3829.47,3257.9399,3537.24,3894.4299,3257.9399,3537.24,3894.4299,3257.9399,3537.24,3894.4299,340.54001,375.76999,413.56,340.54001,375.76999,413.56,340.54001,375.76999,413.56,344.79001,376.48999,415.64001,344.79001,376.48999,415.64001,344.79001,376.48999,415.64001,1173.22,1302.4301,1421.3101,1173.22,1302.4301,1421.3101,1173.22,1302.4301,1421.3101,1203.88,1306.86,1435.86,1203.88,1306.86,1435.86,1203.88,1306.86,1435.86,97.25,107.32,118.11,97.25,107.32,118.11,97.25,107.32,118.11,98.470001,107.52,118.7,98.470001,107.52,118.7,98.470001,107.52,118.7,166410.84,184040.36,205296.2,166410.84,184040.36,205296.2,166410.84,184040.36,205296.2,166394.98,184795.38,206337.75,166394.98,184795.38,206337.75,166394.98,184795.38,206337.75,.86000001,.88,.91000003,.86000001,.88,.91000003,.86000001,.88,.91000003,.86000001,.88,.89999998,.86000001,.88,.89999998,.86000001,.88,.89999998,.87,.88999999,.92000002,.87,.88999999,.92000002,.87,.88999999,.92000002,.87,.89999998,.92000002,.87,.89999998,.92000002,.87,.89999998,.92000002,.33432993,.33321863,.32842404,.33432993,.33321863,.32842404,.33432993,.33321863,.32842404,.33423275,.34309608,.32809702,.33423275,.34309608,.32809702,.33423275,.34309608,.32809702,189.98169,68157.422,358.75784,31936.621,853,853,853,129,129,129,14991,14991,14991,1053,1053,1053,12.250712,12.250712,12.250712,167.9077,7854.3999,46.77808,6034.3726,,,,,,,,,,,,,,,,,,,,8.1627903,17.574444,,,522.18451,2092.8865,,,,,299.10571,625.14557,299.10571,625.14557,299.10571,625.14557,8.1627903,17.574444,,,1,,2.3890646,2.3890646,2.3890646,.69007748,.69007748,.69007748,1,,1,,152.83162,,,25.286221,25.286221,25.286221,1,,1,,2.3890648,2.3890648,2.3890648,1.6050527,1.6050527,1.6050527,1,,1,,284.50638,,,57.093788,57.093788,57.093788,1,
17Mar2020,Iran,135,988,270,675,1976,4940,1178,16169,2356,5890,32338,80845,5389,799,11.460102,9792,126.92857,1161.3036,168.70255,6686.9453,39.637489,5351.061,,,,,,,,,,,,,,,,,,,,,,,,21305.045,24731.332,17957.77,3101.8767,3600.7219,2614.5352,2851.8201,3307.2983,2390.9705,952.9787,1076.8003,836.69043,322.52374,,,2360.396,,,307.75137,307.75137,307.75137,2383.1709,2383.1709,2383.1709,135,,,988,,,128.81668,128.81668,128.81668,997.53302,997.53302,997.53302,6.6665392,155383.84,130052.77,179790.02,4420419,5168582.5,3701853,322.52374,,,2360.396,,,307.75137,307.75137,307.75137,2383.1709,2383.1709,2383.1709,6.6665392,,,,,,,322.52374,,,2360.396,,,307.75137,307.75137,307.75137,2383.1709,2383.1709,2383.1709,6.6665392,,,,,,,.38260004,,,2.8000655,,,.36507607,.36507607,.36507607,2.8270826,2.8270826,2.8270826,.16014637,,,1.1720341,,,.15281129,.15281129,.15281129,1.1833429,1.1833429,1.1833429,1.3974254,184.32712,154.27762,213.2794,.20756581,,,,,,,,,366.98276,119074.13,324.4679,104648.6,1459.1801,1309.83,1602.58,1459.1801,1309.83,1602.58,1459.1801,1309.83,1602.58,1469.66,1357.09,1587.97,1469.66,1357.09,1587.97,1469.66,1357.09,1587.97,90.07,81.139999,98.459999,90.07,81.139999,98.459999,90.07,81.139999,98.459999,90.389999,83.339996,99.230003,90.389999,83.339996,99.230003,90.389999,83.339996,99.230003,882036.94,793183.31,964322.06,882036.94,793183.31,964322.06,882036.94,793183.31,964322.06,886505.75,820761.38,970252.75,886505.75,820761.38,970252.75,886505.75,820761.38,970252.75,26143.92,23585.221,29276.17,26143.92,23585.221,29276.17,26143.92,23585.221,29276.17,26265.221,23527.641,29412.971,26265.221,23527.641,29412.971,26265.221,23527.641,29412.971,3182.27,3531.6499,3833.03,3182.27,3531.6499,3833.03,3182.27,3531.6499,3833.03,3259.6499,3540.79,3899.3601,3259.6499,3540.79,3899.3601,3259.6499,3540.79,3899.3601,334.92001,369.70999,408.03,334.92001,369.70999,408.03,334.92001,369.70999,408.03,338.59,370.59,410.10999,338.59,370.59,410.10999,338.59,370.59,410.10999,1182.41,1312.85,1429.14,1182.41,1312.85,1429.14,1182.41,1312.85,1429.14,1212.64,1317.1,1449.33,1212.64,1317.1,1449.33,1212.64,1317.1,1449.33,95.639999,105.58,116.53,95.639999,105.58,116.53,95.639999,105.58,116.53,96.690002,105.83,117.12,96.690002,105.83,117.12,96.690002,105.83,117.12,163208.81,180811.8,202315.94,163208.81,180811.8,202315.94,163208.81,180811.8,202315.94,162874.83,181645.44,203347.89,162874.83,181645.44,203347.89,162874.83,181645.44,203347.89,.86000001,.88,.91000003,.86000001,.88,.91000003,.86000001,.88,.91000003,.86000001,.88,.89999998,.86000001,.88,.89999998,.86000001,.88,.89999998,.87,.88999999,.92000002,.87,.88999999,.92000002,.87,.88999999,.92000002,.87,.89999998,.92000002,.87,.89999998,.92000002,.87,.89999998,.92000002,.34451604,.34402901,.33631447,.34451604,.34402901,.33631447,.34451604,.34402901,.33631447,.3441433,.35422164,.33736819,.3441433,.35422164,.33736819,.3441433,.35422164,.33736819,189.98169,68157.422,358.75784,32313.318,988,988,988,135,135,135,16169,16169,16169,1178,1178,1178,11.460102,11.460102,11.460102,167.9077,7854.3999,46.77808,6315.041,,,,,,,,,,,,,,,,,,,,8.7259264,16.365385,,,481.7749,1872.7446,,,,,290.26224,604.47437,290.26224,604.47437,290.26224,604.47437,8.7259264,16.365385,,,1,,2.3890648,2.3890648,2.3890648,.66718519,.66718519,.66718519,1,,1,,131.90479,,,22.19348,22.19348,22.19348,1,,1,,2.3890648,2.3890648,2.3890648,1.4769028,1.4769028,1.4769028,1,,1,,273.38852,,,54.551113,54.551113,54.551113,1,
18Mar2020,Iran,147,1135,294,735,2270,5675,1192,17361,2384,5960,34722,86805,5389,0,12.332214,10837,131.91965,1153.9911,168.70255,6686.9453,39.637489,5826.7109,,,,,,,,,,,,,,,,,,,,,,,,22374.361,25838.947,18888.816,3146.4026,3633.6116,2656.2468,2875.6726,3326.2485,2425.5762,934.45978,1049.1235,823.60455,351.1925,,,2711.5884,,,319.58716,319.58716,319.58716,2702.7581,2702.7581,2702.7581,147,,,1135,,,133.77083,133.77083,133.77083,1131.3038,1131.3038,1131.3038,6.9351649,149707.33,125985.88,174435.09,4570126.5,5343018,3827839,351.1925,,,2711.5884,,,319.58716,319.58716,319.58716,2702.7581,2702.7581,2702.7581,6.9351649,,,,,,,351.1925,,,2711.5884,,,319.58716,319.58716,319.58716,2702.7581,2702.7581,2702.7581,6.9351649,,,,,,,.41660893,,,3.2166743,,,.37911648,.37911648,.37911648,3.2061992,3.2061992,3.2061992,.1743816,,,1.3464158,,,.15868823,.15868823,.15868823,1.3420311,1.3420311,1.3420311,1.4140332,177.59323,149.4532,206.92702,.23458605,,,,,,,,,366.98276,119074.13,324.4679,113950.7,1550.03,1391.98,1700.1899,1550.03,1391.98,1700.1899,1550.03,1391.98,1700.1899,1560.8101,1441.03,1688.1801,1560.8101,1441.03,1688.1801,1560.8101,1441.03,1688.1801,90.849998,81.849998,99.029999,90.849998,81.849998,99.029999,90.849998,81.849998,99.029999,91.150002,83.940002,100.21,91.150002,83.940002,100.21,91.150002,83.940002,100.21,907706.88,815991.75,993363.31,907706.88,815991.75,993363.31,907706.88,815991.75,993363.31,912308.25,843711.81,999579.88,912308.25,843711.81,999579.88,912308.25,843711.81,999579.88,25669.93,23117.439,28834.59,25669.93,23117.439,28834.59,25669.93,23117.439,28834.59,25802.51,23015.051,28971.609,25802.51,23015.051,28971.609,25802.51,23015.051,28971.609,3176.73,3527.2,3833.3101,3176.73,3527.2,3833.3101,3176.73,3527.2,3833.3101,3253.3701,3536.1799,3896.3501,3253.3701,3536.1799,3896.3501,3253.3701,3536.1799,3896.3501,329.22,363.54999,402.44,329.22,363.54999,402.44,329.22,363.54999,402.44,331.73001,364.57001,404.47,331.73001,364.57001,404.47,331.73001,364.57001,404.47,1188.5,1320.01,1435.16,1188.5,1320.01,1435.16,1188.5,1320.01,1435.16,1218.5601,1324.15,1459.45,1218.5601,1324.15,1459.45,1218.5601,1324.15,1459.45,94.010002,103.82,114.93,94.010002,103.82,114.93,94.010002,103.82,114.93,94.730003,104.11,115.5,94.730003,104.11,115.5,94.730003,104.11,115.5,160053.77,177623.22,199358.3,160053.77,177623.22,199358.3,160053.77,177623.22,199358.3,159414.23,178532.45,200381.41,159414.23,178532.45,200381.41,159414.23,178532.45,200381.41,.86000001,.88,.91000003,.86000001,.88,.91000003,.86000001,.88,.91000003,.86000001,.88,.89999998,.86000001,.88,.89999998,.86000001,.88,.89999998,.87,.88999999,.92000002,.87,.88999999,.92000002,.87,.88999999,.92000002,.87,.89999998,.92000002,.87,.89999998,.92000002,.87,.89999998,.92000002,.35391605,.35406169,.34344167,.35391605,.35406169,.34344167,.35391605,.35406169,.34344167,.35326022,.36471787,.34589034,.35326022,.36471787,.34589034,.35326022,.36471787,.34589034,189.98169,68157.422,358.75784,32593.15,1135,1135,1135,147,147,147,17361,17361,17361,1192,1192,1192,12.332214,12.332214,12.332214,167.9077,7854.3999,46.77808,6876.3779,,,,,,,,,,,,,,,,,,,,8.1088438,15.296035,,,426.28281,1685.4056,,,,,282.55289,585.60602,282.55289,585.60602,282.55289,585.60602,8.1088438,15.296035,,,1,,2.3890646,2.3890646,2.3890646,.61802721,.61802721,.61802721,1,,1,,125.5934,,,21.535175,21.535175,21.535175,1,,1,,2.3890646,2.3890646,2.3890646,1.3656652,1.3656652,1.3656652,1,,1,,263.24097,,,52.284252,52.284252,52.284252,1,
19Mar2020,Iran,149,1284,298,745,2568,6420,1046,18407,2092,5230,36814,92035,5710,321,14.244741,11413,134.66965,1164.7233,168.70255,6686.9453,39.637489,5905.9858,,,,,,,,,,,,,,,,,,,,,,,,23341.508,26958.982,19744.586,3204.4326,3701.0569,2710.6304,2881.9875,3318.2754,2429.3926,917.73706,1027.6746,807.54431,355.97064,,,3067.5591,,,326.65332,326.65332,326.65332,3029.4114,3029.4114,3029.4114,149,,,1284,,,136.72855,136.72855,136.72855,1268.0323,1268.0323,1268.0323,7.2042236,143986.56,121743.05,168553.38,4714113,5511571,3949582,355.97064,,,3067.5591,,,326.65332,326.65332,326.65332,3029.4114,3029.4114,3029.4114,7.2042236,,,,,,,355.97064,,,3067.5591,,,326.65332,326.65332,326.65332,3029.4114,3029.4114,3029.4114,7.2042236,,,,,,,.42227709,,,3.6389515,,,.38749886,.38749886,.38749886,3.593698,3.593698,3.593698,.17675415,,,1.52317,,,.16219689,.16219689,.16219689,1.504228,1.504228,1.504228,1.2408378,170.80687,144.42006,199.94971,.24722491,,,,,,,,,366.98276,119074.13,324.4679,115501.05,1641.42,1474.65,1798.21,1641.42,1474.65,1798.21,1641.42,1474.65,1798.21,1652.48,1525.42,1789.11,1652.48,1525.42,1789.11,1652.48,1525.42,1789.11,91.389999,82.32,99.339996,91.389999,82.32,99.339996,91.389999,82.32,99.339996,91.669998,84.389999,100.94,91.669998,84.389999,100.94,91.669998,84.389999,100.94,932910.56,838343.81,1021925,932910.56,838343.81,1021925,932910.56,838343.81,1021925,937655.31,866137.13,1028473.2,937655.31,866137.13,1028473.2,937655.31,866137.13,1028473.2,25203.67,22658.211,28398.34,25203.67,22658.211,28398.34,25203.67,22658.211,28398.34,25347.051,22512.949,28535.49,25347.051,22512.949,28535.49,25347.051,22512.949,28535.49,3178.6399,3515.3,3826.24,3178.6399,3515.3,3826.24,3178.6399,3515.3,3826.24,3240,3524.3201,3886.6799,3240,3524.3201,3886.6799,3240,3524.3201,3886.6799,323.51001,357.34,396.79999,323.51001,357.34,396.79999,323.51001,357.34,396.79999,324.85999,358.51999,398.76999,324.85999,358.51999,398.76999,324.85999,358.51999,398.76999,1191.72,1324.17,1439.62,1191.72,1324.17,1439.62,1191.72,1324.17,1439.62,1221.62,1328.26,1465.01,1221.62,1328.26,1465.01,1221.62,1328.26,1465.01,92.379997,102.04,113.31,92.379997,102.04,113.31,92.379997,102.04,113.31,92.769997,102.38,113.87,92.769997,102.38,113.87,92.769997,102.38,113.87,156945.92,174475.16,196424.34,156945.92,174475.16,196424.34,156945.92,174475.16,196424.34,156013.16,175457.06,197439.31,156013.16,175457.06,197439.31,156013.16,175457.06,197439.31,.86000001,.88,.91000003,.86000001,.88,.91000003,.86000001,.88,.91000003,.86000001,.88,.89999998,.86000001,.88,.89999998,.86000001,.88,.89999998,.87,.88999999,.92000002,.87,.88999999,.92000002,.87,.88999999,.92000002,.87,.89999998,.92000002,.87,.89999998,.92000002,.87,.89999998,.92000002,.36260593,.36331201,.34980917,.36260593,.36331201,.34980917,.36260593,.36331201,.34980917,.36165944,.37485093,.35373494,.36165944,.37485093,.35373494,.36165944,.37485093,.35373494,189.98169,68157.422,358.75784,32786.879,1284,1284,1284,149,149,149,18407,18407,18407,1046,1046,1046,14.244741,14.244741,14.244741,167.9077,7854.3999,46.77808,6969.9341,,,,,,,,,,,,,,,,,,,,7.0201344,14.33567,,,404.48999,1536.7635,,,,,275.78149,568.35577,275.78149,568.35577,275.78149,568.35577,7.0201344,14.33567,,,1,,2.3890648,2.3890648,2.3890648,.6133557,.6133557,.6133557,1,,1,,137.65446,,,24.095287,24.095287,24.095287,1,,1,,2.3890648,2.3890648,2.3890648,1.2783645,1.2783645,1.2783645,1,,1,,256.10437,,,50.682381,50.682381,50.682381,1,
20Mar2020,Iran,149,1433,298,745,2866,7165,1237,19644,2474,6185,39288,98220,6745,1035,12.045271,11466,135.71428,1210.8125,168.70255,6686.9453,39.637489,5905.9858,,,,,,,,,,,,,,,,,,,,,,,,24196.701,27928.395,20399.57,3269.9526,3774.2551,2756.8066,2871.7617,3302.238,2409.4243,904.42267,1014.4313,789.76288,355.97064,,,3423.5295,,,329.77606,329.77606,329.77606,3359.1875,3359.1875,3359.1875,149,,,1433,,,138.03564,138.03564,138.03564,1406.068,1406.068,1406.068,7.4734235,138295.77,116794.94,163657.66,4852408.5,5675229,4066377,355.97064,,,3423.5295,,,329.77606,329.77606,329.77606,3359.1875,3359.1875,3359.1875,7.4734235,,,,,,,355.97064,,,3423.5295,,,329.77606,329.77606,329.77606,3359.1875,3359.1875,3359.1875,7.4734235,,,,,,,.42227709,,,4.0612288,,,.39120328,.39120328,.39120328,3.9849012,3.9849012,3.9849012,.17675415,,,1.6999241,,,.16374746,.16374746,.16374746,1.6679754,1.6679754,1.6679754,1.4674153,164.05603,138.55026,194.14207,.25739807,,,,,,,,,366.98276,119074.13,324.4679,115501.05,1733.11,1557.59,1896.4301,1733.11,1557.59,1896.4301,1733.11,1557.59,1896.4301,1744.4399,1610.04,1890.54,1744.4399,1610.04,1890.54,1744.4399,1610.04,1890.54,91.690002,82.559998,99.629997,91.690002,82.559998,99.629997,91.690002,82.559998,99.629997,91.959999,84.620003,101.36,91.959999,84.620003,101.36,91.959999,84.620003,101.36,957655.38,860247.69,1050013.5,957655.38,860247.69,1050013.5,957655.38,860247.69,1050013.5,962553.88,888096.06,1056937.5,962553.88,888096.06,1056937.5,962553.88,888096.06,1056937.5,24744.83,22207.24,27967.17,24744.83,22207.24,27967.17,24744.83,22207.24,27967.17,24898.539,22020.961,28104.391,24898.539,22020.961,28104.391,24898.539,22020.961,28104.391,3176.78,3496.8401,3815.79,3176.78,3496.8401,3815.79,3176.78,3496.8401,3815.79,3220.3999,3506.1101,3870.77,3220.3999,3506.1101,3870.77,3220.3999,3506.1101,3870.77,317.73999,351.14001,391.13,317.73999,351.14001,391.13,317.73999,351.14001,391.13,318.04999,352.48001,393.06,318.04999,352.48001,393.06,318.04999,352.48001,393.06,1195.21,1325.5699,1442.84,1195.21,1325.5699,1442.84,1195.21,1325.5699,1442.84,1222.08,1329.67,1467.65,1222.08,1329.67,1467.65,1222.08,1329.67,1467.65,90.730003,100.27,111.69,90.730003,100.27,111.69,90.730003,100.27,111.69,90.82,100.65,112.24,90.82,100.65,112.24,90.82,100.65,112.24,153885.56,171368.2,193515.14,153885.56,171368.2,193515.14,153885.56,171368.2,193515.14,152671.59,172419.91,194522.69,152671.59,172419.91,194522.69,152671.59,172419.91,194522.69,.86000001,.88,.91000003,.86000001,.88,.91000003,.86000001,.88,.91000003,.86000001,.88,.89999998,.86000001,.88,.89999998,.86000001,.88,.89999998,.87,.88999999,.92000002,.87,.88999999,.92000002,.87,.88999999,.92000002,.87,.89999998,.92000002,.87,.89999998,.92000002,.87,.89999998,.92000002,.37054205,.37177062,.35623911,.37054205,.37177062,.35623911,.37054205,.37177062,.35623911,.36933893,.38427025,.3606554,.36933893,.38427025,.3606554,.36933893,.38427025,.3606554,189.98169,68157.422,358.75784,32894.508,1433,1433,1433,149,149,149,19644,19644,19644,1237,1237,1237,12.045271,12.045271,12.045271,167.9077,7854.3999,46.77808,6969.9341,,,,,,,,,,,,,,,,,,,,8.3020134,13.708304,,,388.5033,1417.3701,,,,,269.87491,552.5647,269.87491,552.5647,269.87491,552.5647,8.3020134,13.708304,,,1,,2.3890648,2.3890648,2.3890648,.61536914,.61536914,.61536914,1,,1,,111.79932,,,20.003904,20.003904,20.003904,1,,1,,2.3890646,2.3890646,2.3890646,1.2094277,1.2094277,1.2094277,1,,1,,247.01733,,,48.750526,48.750526,48.750526,1,
21Mar2020,Iran,123,1556,246,615,3112,7780,966,20610,1932,4830,41220,103050,7635,890,12.73292,11419,135.70535,1300.6875,168.70255,6686.9453,39.637489,4875.4111,,,,,,,,,,,,,,,,,,,,,,,,24938.063,28722.434,20947.777,3347.626,3855.6311,2811.98,2846.2922,3276.9917,2393.2979,894.16974,1007.3407,772.58075,293.85495,,,3717.3845,,,329.99725,329.99725,329.99725,3689.1846,3689.1846,3689.1846,123,,,1556,,,138.12822,138.12822,138.12822,1544.1962,1544.1962,1544.1962,7.7426209,132698.3,111323.24,157956,4985107,5833185,4177700.3,293.85495,,,3717.3845,,,329.99725,329.99725,329.99725,3689.1846,3689.1846,3689.1846,7.7426209,,,,,,,293.85495,,,3717.3845,,,329.99725,329.99725,329.99725,3689.1846,3689.1846,3689.1846,7.7426209,,,,,,,.34859115,,,4.4098196,,,.39146563,.39146563,.39146563,4.3763671,4.3763671,4.3763671,.14591114,,,1.8458352,,,.16385728,.16385728,.16385728,1.8318328,1.8318328,1.8318328,1.1459363,157.41592,132.05936,187.37836,.2214459,,,,,,,,,366.98276,119074.13,324.4679,95346.5,1824.88,1640.6,1994.64,1824.88,1640.6,1994.64,1824.88,1640.6,1994.64,1836.48,1694.6899,1992.23,1836.48,1694.6899,1992.23,1836.48,1694.6899,1992.23,91.769997,82.610001,99.779999,91.769997,82.610001,99.779999,91.769997,82.610001,99.779999,92.040001,84.650002,101.5,92.040001,84.650002,101.5,92.040001,84.650002,101.5,981948.69,881711.38,1077635.3,981948.69,881711.38,1077635.3,981948.69,881711.38,1077635.3,987010.75,909597.31,1084977.5,987010.75,909597.31,1084977.5,987010.75,909597.31,1084977.5,24293.311,21764.35,27540.98,24293.311,21764.35,27540.98,24293.311,21764.35,27540.98,24456.91,21538.91,27678.27,24456.91,21538.91,27678.27,24456.91,21538.91,27678.27,3158.3701,3472.6899,3799.79,3158.3701,3472.6899,3799.79,3158.3701,3472.6899,3799.79,3194.74,3482.3701,3849.46,3194.74,3482.3701,3849.46,3194.74,3482.3701,3849.46,311.62,344.98001,385.45999,311.62,344.98001,385.45999,311.62,344.98001,385.45999,311.31,346.47,387.37,311.31,346.47,387.37,311.31,346.47,387.37,1199.35,1324.47,1443.86,1199.35,1324.47,1443.86,1199.35,1324.47,1443.86,1220.17,1328.63,1467.87,1220.17,1328.63,1467.87,1220.17,1328.63,1467.87,88.980003,98.510002,110.07,88.980003,98.510002,110.07,88.980003,98.510002,110.07,88.889999,98.93,110.61,88.889999,98.93,110.61,88.889999,98.93,110.61,150880.98,168316.95,190630.56,150880.98,168316.95,190630.56,150880.98,168316.95,190630.56,149404.33,169434.3,191631.45,149404.33,169434.3,191631.45,149404.33,169434.3,191631.45,.92000002,.94,.97000003,.92000002,.94,.97000003,.92000002,.94,.97000003,.92000002,.94,.97000003,.92000002,.94,.97000003,.92000002,.94,.97000003,.93000001,.94999999,.98000002,.93000001,.94999999,.98000002,.93000001,.94999999,.98000002,.93000001,.94999999,.98000002,.93000001,.94999999,.98000002,.93000001,.94999999,.98000002,.37775829,.37956569,.36229646,.37775829,.37956569,.36229646,.37775829,.37956569,.36229646,.37633535,.39300969,.36671367,.37633535,.39300969,.36671367,.37633535,.39300969,.36671367,189.98169,68157.422,358.75784,32923.207,1556,1556,1556,123,123,123,20610,20610,20610,966,966,966,12.73292,12.73292,12.73292,167.9077,7854.3999,46.77808,5753.7036,,,,,,,,,,,,,,,,,,,,7.8536587,13.245502,,,451.57755,1341.0254,,,,,264.71954,538.08948,264.71954,538.08948,264.71954,538.08948,7.8536587,13.245502,,,1,,2.3890646,2.3890646,2.3890646,.74609751,.74609751,.74609751,1,,1,,137.36884,,,25.148355,25.148355,25.148355,1,,1,,2.3890646,2.3890646,2.3890646,1.1728021,1.1728021,1.1728021,1,,1,,241.87807,,,47.644283,47.644283,47.644283,1,
22Mar2020,Iran,129,1685,258,645,3370,8425,1028,21638,2056,5140,43276,108190,7931,296,12.548638,12022,135.58928,1442.2947,168.70255,6686.9453,39.637489,5113.2363,,,,,,,,,,,,,,,,,,,,,,,,25570.123,29404.879,21407.189,3434.6169,3949.7073,2875.4458,2807.1089,3247.6265,2362.7368,886.08508,1003.9818,758.57922,308.18933,,,4025.574,,,328.46191,328.46191,328.46191,4017.6465,4017.6465,4017.6465,129,,,1685,,,137.48557,137.48557,137.48557,1681.6818,1681.6818,1681.6818,8.0117626,127246.08,106141.02,152361.16,5112353,5985546,4283841,308.18933,,,4025.574,,,328.46191,328.46191,328.46191,4017.6465,4017.6465,4017.6465,8.0117626,,,,,,,308.18933,,,4025.574,,,328.46191,328.46191,328.46191,4017.6465,4017.6465,4017.6465,8.0117626,,,,,,,.36559558,,,4.7754154,,,.38964432,.38964432,.38964432,4.7660112,4.7660112,4.7660112,.15302876,,,1.9988639,,,.16309492,.16309492,.16309492,1.9949276,1.9949276,1.9949276,1.2194849,150.94812,125.91185,180.74138,.24219948,,,,,,,,,366.98276,119074.13,324.4679,99997.547,1916.54,1723.5,2092.6599,1916.54,1723.5,2092.6599,1916.54,1723.5,2092.6599,1928.41,1780.37,2093.98,1928.41,1780.37,2093.98,1928.41,1780.37,2093.98,91.660004,82.779999,99.800003,91.660004,82.779999,99.800003,91.660004,82.779999,99.800003,91.93,84.480003,101.45,91.93,84.480003,101.45,91.93,84.480003,101.45,1005903.9,902847.69,1104617.1,1005903.9,902847.69,1104617.1,1005903.9,902847.69,1104617.1,1011136.8,930755.44,1112709.8,1011136.8,930755.44,1112709.8,1011136.8,930755.44,1112709.8,23955.18,21441.051,27230.24,23955.18,21441.051,27230.24,23955.18,21441.051,27230.24,24126.02,21169.6,27359.92,24126.02,21169.6,27359.92,24126.02,21169.6,27359.92,3133.6699,3443.6899,3778.4199,3133.6699,3443.6899,3778.4199,3133.6699,3443.6899,3778.4199,3163.1599,3453.9199,3823.49,3163.1599,3453.9199,3823.49,3163.1599,3453.9199,3823.49,305.60001,338.89999,379.84,305.60001,338.89999,379.84,305.60001,338.89999,379.84,304.70001,340.54001,381.73001,304.70001,340.54001,381.73001,304.70001,340.54001,381.73001,1201.59,1321.11,1442.61,1201.59,1321.11,1442.61,1201.59,1321.11,1442.61,1216.14,1325.39,1465.87,1216.14,1325.39,1465.87,1216.14,1325.39,1465.87,87.260002,96.769997,108.46,87.260002,96.769997,108.46,87.260002,96.769997,108.46,87,97.230003,109,87,97.230003,109,87,97.230003,109,149470.94,166761.86,189333.42,149470.94,166761.86,189333.42,149470.94,166761.86,189333.42,147603.48,167917.05,190218.27,147603.48,167917.05,190218.27,147603.48,167917.05,190218.27,.92000002,.94,.97000003,.92000002,.94,.97000003,.92000002,.94,.97000003,.92000002,.94,.97000003,.92000002,.94,.97000003,.92000002,.94,.97000003,.93000001,.94999999,.98000002,.93000001,.94999999,.98000002,.93000001,.94999999,.98000002,.93000001,.94999999,.98000002,.93000001,.94999999,.98000002,.93000001,.94999999,.98000002,.38263124,.38608181,.36650431,.38263124,.38608181,.36650431,.38263124,.38608181,.36650431,.3810409,.39906284,.37079787,.3810409,.39906284,.37079787,.3810409,.39906284,.37079787,189.98169,68157.422,358.75784,32883.746,1685,1685,1685,129,129,129,21638,21638,21638,1028,1028,1028,12.548638,12.548638,12.548638,167.9077,7854.3999,46.77808,6034.3726,,,,,,,,,,,,,,,,,,,,7.9689922,12.841543,,,412.88281,1269.9688,,,,,261.34824,524.85406,261.34824,524.85406,261.34824,524.85406,7.9689922,12.841543,,,1,,2.3890646,2.3890646,2.3890646,.71054268,.71054268,.71054268,1,,1,,123.78024,,,23.302704,23.302704,23.302704,1,,1,,2.3890648,2.3890648,2.3890648,1.1374124,1.1374124,1.1374124,1,,1,,236.26735,,,46.487839,46.487839,46.487839,1,
23Mar2020,Iran,127,1812,254,635,3624,9060,1411,23049,2822,7055,46098,115245,7931,0,9.0007086,13306,135.61607,1630.6875,168.70255,6686.9453,39.637489,5033.9609,,,,,,,,,,,,,,,,,,,,,,,,26098.275,29945.889,21901.695,3523.4431,4042.8967,2956.8765,2755.8953,3201.5481,2303.7046,879.04126,1001.324,748.06482,303.41122,,,4328.9854,,,326.28354,326.28354,326.28354,4343.9302,4343.9302,4343.9302,127,,,1812,,,136.57376,136.57376,136.57376,1818.2555,1818.2555,1818.2555,8.2808399,121980.34,102079.02,146991.39,5234333.5,6132537.5,4385920,303.41122,,,4328.9854,,,326.28354,326.28354,326.28354,4343.9302,4343.9302,4343.9302,8.2808399,,,,,,,303.41122,,,4328.9854,,,326.28354,326.28354,326.28354,4343.9302,4343.9302,4343.9302,8.2808399,,,,,,,.35992745,,,5.1353426,,,.3870602,.3870602,.3870602,5.1530714,5.1530714,5.1530714,.15065622,,,2.1495202,,,.16201328,.16201328,.16201328,2.1569409,2.1569409,2.1569409,1.6738261,144.70155,121.09322,174.3714,.2487378,,,,,,,,,366.98276,119074.13,324.4679,98447.203,2007.92,1806.1,2190.3201,2007.92,1806.1,2190.3201,2007.92,1806.1,2190.3201,2020.05,1867.13,2195.6201,2020.05,1867.13,2195.6201,2020.05,1867.13,2195.6201,91.370003,82.900002,99.639999,91.370003,82.900002,99.639999,91.370003,82.900002,99.639999,91.639999,84.150002,101.23,91.639999,84.150002,101.23,91.639999,84.150002,101.23,1029637.5,923777.13,1129845,1029637.5,923777.13,1129845,1029637.5,923777.13,1129845,1035046.8,951690.38,1140250.8,1035046.8,951690.38,1140250.8,1035046.8,951690.38,1140250.8,23733.619,21241.971,27058.279,23733.619,21241.971,27058.279,23733.619,21241.971,27058.279,23909.949,20915.07,27157.09,23909.949,20915.07,27157.09,23909.949,20915.07,27157.09,3103.03,3410.6399,3752.5601,3103.03,3410.6399,3752.5601,3103.03,3410.6399,3752.5601,3127.8601,3421.54,3793.6299,3127.8601,3421.54,3793.6299,3127.8601,3421.54,3793.6299,299.87,333.09,374.45999,299.87,333.09,374.45999,299.87,333.09,374.45999,298.38,334.85999,376.32999,298.38,334.85999,376.32999,298.38,334.85999,376.32999,1197.9399,1315.76,1439.52,1197.9399,1315.76,1439.52,1197.9399,1315.76,1439.52,1210.22,1320.1899,1461.89,1210.22,1320.1899,1461.89,1210.22,1320.1899,1461.89,85.620003,95.110001,106.92,85.620003,95.110001,106.92,85.620003,95.110001,106.92,85.190002,95.610001,107.45,85.190002,95.610001,107.45,85.190002,95.610001,107.45,148082.06,165225.38,188173.2,148082.06,165225.38,188173.2,148082.06,165225.38,188173.2,145831.16,166420.03,188820.55,145831.16,166420.03,188820.55,145831.16,166420.03,188820.55,.92000002,.94,.97000003,.92000002,.94,.97000003,.92000002,.94,.97000003,.92000002,.94,.97000003,.92000002,.94,.97000003,.92000002,.94,.97000003,.93000001,.94999999,.98000002,.93000001,.94999999,.98000002,.93000001,.94999999,.98000002,.93000001,.94999999,.98000002,.93000001,.94999999,.98000002,.93000001,.94999999,.98000002,.38498133,.39026511,.36824217,.38498133,.39026511,.36824217,.38498133,.39026511,.36824217,.3832714,.40234149,.3727572,.3832714,.40234149,.3727572,.3832714,.40234149,.3727572,189.98169,68157.422,358.75784,32779.707,1812,1812,1812,127,127,127,23049,23049,23049,1411,1411,1411,9.0007086,9.0007086,9.0007086,167.9077,7854.3999,46.77808,5940.8159,,,,,,,,,,,,,,,,,,,,11.110236,12.720199,,,402.02975,1209.1364,,,,,259.75287,512.78809,259.75287,512.78809,259.75287,512.78809,11.110236,12.720199,,,1,,2.3890648,2.3890648,2.3890648,.71944886,.71944886,.71944886,1,,1,,86.44957,,,16.820425,16.820425,16.820425,1,,1,,2.3890648,2.3890648,2.3890648,1.1081237,1.1081237,1.1081237,1,,1,,227.0959,,,44.671677,44.671677,44.671677,1,
24Mar2020,Iran,122,1934,244,610,3868,9670,1762,24811,3524,8810,49622,124055,8913,982,6.9239502,13964,135.69643,1856.1161,168.70255,6686.9453,39.637489,4835.7739,,,,,,,,,,,,,,,,,,,,,,,,26526.904,30412.199,22344.156,3656.4033,4191.9429,3079.8635,2694.4258,3111.9961,2237.6362,871.42926,997.44482,737.63275,291.46588,,,4620.4512,,,324.01968,324.01968,324.01968,4667.9497,4667.9497,4667.9497,122,,,1934,,,135.62616,135.62616,135.62616,1953.8817,1953.8817,1953.8817,8.5498533,116932.98,98236.992,141664.42,5351266.5,6274202,4484157,291.46588,,,4620.4512,,,324.01968,324.01968,324.01968,4667.9497,4667.9497,4667.9497,8.5498533,,,,,,,291.46588,,,4620.4512,,,324.01968,324.01968,324.01968,4667.9497,4667.9497,4667.9497,8.5498533,,,,,,,.34575707,,,5.4810996,,,.38437462,.38437462,.38437462,5.537446,5.537446,5.537446,.14472488,,,2.294245,,,.16088916,.16088916,.16088916,2.3178301,2.3178301,2.3178301,2.0902066,138.71402,116.53554,168.05217,.24925891,,,,,,,,,366.98276,119074.13,324.4679,94571.32,2098.8501,1888.01,2287.48,2098.8501,1888.01,2287.48,2098.8501,1888.01,2287.48,2111.25,1953.49,2296.98,2111.25,1953.49,2296.98,2111.25,1953.49,2296.98,90.93,82.720001,99.379997,90.93,82.720001,99.379997,90.93,82.720001,99.379997,91.199997,83.68,100.86,91.199997,83.68,100.86,91.199997,83.68,100.86,1053181.5,945115.25,1154833.3,1053181.5,945115.25,1154833.3,1053181.5,945115.25,1154833.3,1058772.1,972435.88,1167709.6,1058772.1,972435.88,1167709.6,1058772.1,972435.88,1167709.6,23544.061,21076.949,26924.859,23544.061,21076.949,26924.859,23544.061,21076.949,26924.859,23725.381,20722.73,26985.51,23725.381,20722.73,26985.51,23725.381,20722.73,26985.51,3067.71,3374.52,3723.21,3067.71,3374.52,3723.21,3067.71,3374.52,3723.21,3089.78,3386.1799,3760.8,3089.78,3386.1799,3760.8,3089.78,3386.1799,3760.8,294.66,327.76999,369.57001,294.66,327.76999,369.57001,294.66,327.76999,369.57001,292.57001,329.67001,371.38,292.57001,329.67001,371.38,292.57001,329.67001,371.38,1192.08,1308.72,1435.5,1192.08,1308.72,1435.5,1192.08,1308.72,1435.5,1202.15,1313.34,1456.23,1202.15,1313.34,1456.23,1202.15,1313.34,1456.23,84.129997,93.580002,105.52,84.129997,93.580002,105.52,84.129997,93.580002,105.52,83.529999,94.129997,106.03,83.529999,94.129997,106.03,83.529999,94.129997,106.03,146703.2,163698.05,187014.19,146703.2,163698.05,187014.19,146703.2,163698.05,187014.19,144262.95,164931.31,187424.06,144262.95,164931.31,187424.06,144262.95,164931.31,187424.06,.92000002,.94,.97000003,.92000002,.94,.97000003,.92000002,.94,.97000003,.92000002,.94,.97000003,.92000002,.94,.97000003,.92000002,.94,.97000003,.93000001,.94999999,.98000002,.93000001,.94999999,.98000002,.93000001,.94999999,.98000002,.93000001,.94999999,.98000002,.93000001,.94999999,.98000002,.93000001,.94999999,.98000002,.38621205,.39246666,.36910126,.38621205,.39246666,.36910126,.38621205,.39246666,.36910126,.38439846,.40380779,.37375614,.38439846,.40380779,.37375614,.38439846,.40380779,.37375614,189.98169,68157.422,358.75784,32621.852,1934,1934,1934,122,122,122,24811,24811,24811,1762,1762,1762,6.9239502,6.9239502,6.9239502,167.9077,7854.3999,46.77808,5706.9258,,,,,,,,,,,,,,,,,,,,14.442623,12.828852,,,401.18927,1158.1697,,,,,258.92511,501.78976,258.92511,501.78976,258.92511,501.78976,14.442623,12.828852,,,1,,2.3890646,2.3890646,2.3890646,.74532789,.74532789,.74532789,1,,1,,66.363785,,,13.362123,13.362123,13.362123,1,,1,,2.3890648,2.3890648,2.3890648,1.0852379,1.0852379,1.0852379,1,,1,,215.68121,,,42.44817,42.44817,42.44817,1,
25Mar2020,Iran,143,2077,286,715,4154,10385,2206,27017,4412,11030,54034,135085,9625,712,6.4823208,15315,136.07143,2103.6519,168.70255,6686.9453,39.637489,5668.1611,,,,,,,,,,,,,,,,,,,,,,,,26859.52,30796.553,22674.352,3841.5103,4404.5938,3242.938,2624.4983,3008.2979,2172.4543,861.80121,986.86407,726.33826,341.63623,,,4962.0874,,,321.90689,321.90689,321.90689,4989.8564,4989.8564,4989.8564,143,,,2077,,,134.74181,134.74181,134.74181,2088.6235,2088.6235,2088.6235,8.8188095,112128.56,93629.938,136399.92,5463395,6410601.5,4577787,341.63623,,,4962.0874,,,321.90689,321.90689,321.90689,4989.8564,4989.8564,4989.8564,8.8188095,,,,,,,341.63623,,,4962.0874,,,321.90689,321.90689,321.90689,4989.8564,4989.8564,4989.8564,8.8188095,,,,,,,.40527263,,,5.8863726,,,.38186827,.38186827,.38186827,5.9193144,5.9193144,5.9193144,.16963653,,,2.4638815,,,.15984008,.15984008,.15984008,2.4776702,2.4776702,2.4776702,2.6169105,133.01468,111.07034,161.80705,.30468261,,,,,,,,,366.98276,119074.13,324.4679,110849.99,2189.2,1969.09,2384.3899,2189.2,1969.09,2384.3899,2189.2,1969.09,2384.3899,2201.8899,2039.1801,2397.9199,2201.8899,2039.1801,2397.9199,2201.8899,2039.1801,2397.9199,90.349998,82.230003,99.010002,90.349998,82.230003,99.010002,90.349998,82.230003,99.010002,90.639999,83.040001,100.36,90.639999,83.040001,100.36,90.639999,83.040001,100.36,1076536.1,967743.19,1179582.6,1076536.1,967743.19,1179582.6,1076536.1,967743.19,1179582.6,1082313,993062,1195035.1,1082313,993062,1195035.1,1082313,993062,1195035.1,23354.561,20911.92,26790.039,23354.561,20911.92,26790.039,23354.561,20911.92,26790.039,23540.84,20529.381,26813.221,23540.84,20529.381,26813.221,23540.84,20529.381,26813.221,3030.8,3336.3701,3691.45,3030.8,3336.3701,3691.45,3030.8,3336.3701,3691.45,3045.96,3348.8501,3725.98,3045.96,3348.8501,3725.98,3045.96,3348.8501,3725.98,290.07001,323.01999,365.25,290.07001,323.01999,365.25,290.07001,323.01999,365.25,287.35001,325.03,366.95999,287.35001,325.03,366.95999,287.35001,325.03,366.95999,1185.01,1300.33,1429.99,1185.01,1300.33,1429.99,1185.01,1300.33,1429.99,1192.7,1305.16,1449.21,1192.7,1305.16,1449.21,1192.7,1305.16,1449.21,82.82,92.220001,104.28,82.82,92.220001,104.28,82.82,92.220001,104.28,82.040001,92.800003,104.77,82.040001,92.800003,104.77,82.040001,92.800003,104.77,145332.3,162178.17,185851.39,145332.3,162178.17,185851.39,145332.3,162178.17,185851.39,142710.81,163449.3,186027.78,142710.81,163449.3,186027.78,142710.81,163449.3,186027.78,.92000002,.94,.97000003,.92000002,.94,.97000003,.92000002,.94,.97000003,.92000002,.94,.97000003,.92000002,.94,.97000003,.92000002,.94,.97000003,.93000001,.94999999,.98000002,.93000001,.94999999,.98000002,.93000001,.94999999,.98000002,.93000001,.94999999,.98000002,.93000001,.94999999,.98000002,.93000001,.94999999,.98000002,.38686234,.39322072,.36957768,.38686234,.39322072,.36957768,.38686234,.39322072,.36957768,.38503298,.40449345,.37429297,.38503298,.40449345,.37429297,.38503298,.40449345,.37429297,189.98169,68157.422,358.75784,32413.771,2077,2077,2077,143,143,143,27017,27017,27017,2206,2206,2206,6.4823208,6.4823208,6.4823208,167.9077,7854.3999,46.77808,6689.2656,,,,,,,,,,,,,,,,,,,,15.426574,13.007704,,,328.21039,1101.0276,,,,,258.48987,491.74866,258.48987,491.74866,258.48987,491.74866,15.426574,13.007704,,,1,,2.3890646,2.3890646,2.3890646,.63181818,.63181818,.63181818,1,,1,,50.828903,,,10.586836,10.586836,10.586836,1,,1,,2.3890648,2.3890648,2.3890648,1.0540202,1.0540202,1.0540202,1,,1,,202.22064,,,39.846619,39.846619,39.846619,1,
26Mar2020,Iran,157,2234,314,785,4468,11170,2389,29406,4778,11945,58812,147030,10457,832,6.5717874,16715,136.29465,2347.8125,168.70255,6686.9453,39.637489,6223.0859,,,,,,,,,,,,,,,,,,,,,,,,27098.957,31080.824,22802.809,4081.281,4680.9766,3434.2532,2547.8831,2896.3223,2115.0366,849.3244,968.91089,713.57465,375.08316,,,5337.1704,,,320.17209,320.17209,320.17209,5310.0288,5310.0288,5310.0288,157,,,2234,,,134.01567,134.01567,134.01567,2222.6392,2222.6392,2222.6392,9.0877056,107584.89,89054.492,131228.38,5570980,6541830,4666841.5,375.08316,,,5337.1704,,,320.17209,320.17209,320.17209,5310.0288,5310.0288,5310.0288,9.0877056,,,,,,,375.08316,,,5337.1704,,,320.17209,320.17209,320.17209,5310.0288,5310.0288,5310.0288,9.0877056,,,,,,,.44494969,,,6.3313222,,,.37981036,.37981036,.37981036,6.2991247,6.2991247,6.2991247,.18624429,,,2.650126,,,.15897869,.15897869,.15897869,2.6366489,2.6366489,2.6366489,2.8339977,127.62466,105.64262,155.6722,.34863925,,,,,,,,,366.98276,119074.13,324.4679,121702.45,2278.8601,2049.48,2480.71,2278.8601,2049.48,2480.71,2278.8601,2049.48,2480.71,2291.8501,2122.79,2498.3301,2291.8501,2122.79,2498.3301,2291.8501,2122.79,2498.3301,89.660004,81.639999,98.519997,89.660004,81.639999,98.519997,89.660004,81.639999,98.519997,89.959999,82.279999,99.760002,89.959999,82.279999,99.760002,89.959999,82.279999,99.760002,1099693.1,990111.38,1204086.8,1099693.1,990111.38,1204086.8,1099693.1,990111.38,1204086.8,1105661.3,1014027.4,1222198.8,1105661.3,1014027.4,1222198.8,1105661.3,1014027.4,1222198.8,23157,20738.16,26644.641,23157,20738.16,26644.641,23157,20738.16,26644.641,23348.289,20328.439,26632.08,23348.289,20328.439,26632.08,23348.289,20328.439,26632.08,2993.1101,3297.1299,3658.28,2993.1101,3297.1299,3658.28,2993.1101,3297.1299,3658.28,3000.3,3310.47,3690.0701,3000.3,3310.47,3690.0701,3000.3,3310.47,3690.0701,286.04001,318.79001,361.47,286.04001,318.79001,361.47,286.04001,318.79001,361.47,282.67001,320.91,363.06,282.67001,320.91,363.06,282.67001,320.91,363.06,1175.77,1290.9,1423.3101,1175.77,1290.9,1423.3101,1175.77,1290.9,1423.3101,1182.3199,1295.97,1441.14,1182.3199,1295.97,1441.14,1182.3199,1295.97,1441.14,81.669998,91.019997,103.2,81.669998,91.019997,103.2,81.669998,91.019997,103.2,80.699997,91.620003,103.66,80.699997,91.620003,103.66,80.699997,91.620003,103.66,143968.45,160665.14,184684.88,143968.45,160665.14,184684.88,143968.45,160665.14,184684.88,141167.31,161973.44,184631.48,141167.31,161973.44,184631.48,141167.31,161973.44,184631.48,.92000002,.94,.97000003,.92000002,.94,.97000003,.92000002,.94,.97000003,.92000002,.94,.97000003,.92000002,.94,.97000003,.92000002,.94,.97000003,.93000001,.94999999,.98000002,.93000001,.94999999,.98000002,.93000001,.94999999,.98000002,.93000001,.94999999,.98000002,.93000001,.94999999,.98000002,.93000001,.94999999,.98000002,.38718316,.39367041,.36975539,.38718316,.39367041,.36975539,.38718316,.39367041,.36975539,.3852959,.40475315,.37458584,.3852959,.40475315,.37458584,.3852959,.40475315,.37458584,189.98169,68157.422,358.75784,32166.23,2234,2234,2234,157,157,157,29406,29406,29406,2389,2389,2389,6.5717874,6.5717874,6.5717874,167.9077,7854.3999,46.77808,7344.1587,,,,,,,,,,,,,,,,,,,,15.21656,13.162936,,,286.82944,1043.8077,,,,,258.2757,482.56281,258.2757,482.56281,258.2757,482.56281,15.21656,13.162936,,,1,,2.3890648,2.3890648,2.3890648,.57108283,.57108283,.57108283,1,,1,,45.03344,,,9.6931772,9.6931772,9.6931772,1,,1,,2.3890646,2.3890646,2.3890646,1.0200806,1.0200806,1.0200806,1,,1,,189.45045,,,37.396896,37.396896,37.396896,1,
27Mar2020,Iran,144,2378,288,720,4756,11890,2926,32332,5852,14630,64664,161660,11133,676,4.9213943,18821,136.14285,2568.5447,168.70255,6686.9453,39.637489,5707.7983,,,,,,,,,,,,,,,,,,,,,,,,27247.578,31322.863,22859.123,4342.957,4992.5117,3643.4868,2466.2747,2821.5298,2054.8479,834.06262,944.71429,700.54547,344.0253,,,5681.1958,,,319.03824,319.03824,319.03824,5629.0669,5629.0669,5629.0669,144,,,2378,,,133.54106,133.54106,133.54106,2356.1802,2356.1802,2356.1802,9.3565121,103312.77,85471.555,126156.38,5674292.5,6667986.5,4752313,344.0253,,,5681.1958,,,319.03824,319.03824,319.03824,5629.0669,5629.0669,5629.0669,9.3565121,,,,,,,344.0253,,,5681.1958,,,319.03824,319.03824,319.03824,5629.0669,5629.0669,5629.0669,9.3565121,,,,,,,.40810671,,,6.739429,,,.37846529,.37846529,.37846529,6.6775899,6.6775899,6.6775899,.1708228,,,2.8209486,,,.15841568,.15841568,.15841568,2.7950647,2.7950647,2.7950647,3.4710243,122.55679,101.39229,149.65546,.33299395,,,,,,,,,366.98276,119074.13,324.4679,111625.16,2367.74,2129.0801,2579.26,2367.74,2129.0801,2579.26,2367.74,2129.0801,2579.26,2381.05,2205.6201,2598.1101,2381.05,2205.6201,2598.1101,2381.05,2205.6201,2598.1101,88.879997,80.889999,97.93,88.879997,80.889999,97.93,88.879997,80.889999,97.93,89.199997,81.440002,99.059998,89.199997,81.440002,99.059998,89.199997,81.440002,99.059998,1122645.1,1012221.1,1228823.5,1122645.1,1012221.1,1228823.5,1122645.1,1012221.1,1228823.5,1128809.6,1034797.6,1249191.5,1128809.6,1034797.6,1249191.5,1128809.6,1034797.6,1249191.5,22952.039,20556.369,26489.42,22952.039,20556.369,26489.42,22952.039,20556.369,26489.42,23148.4,20120.529,26442.711,23148.4,20120.529,26442.711,23148.4,20120.529,26442.711,2953.3899,3257.5701,3624.52,2953.3899,3257.5701,3624.52,2953.3899,3257.5701,3624.52,2954.6201,3271.8,3653.8201,2954.6201,3271.8,3653.8201,2954.6201,3271.8,3653.8201,282.48001,315,358.31,282.48001,315,358.31,282.48001,315,358.31,278.44,317.20999,359.56,278.44,317.20999,359.56,278.44,317.20999,359.56,1165.51,1280.71,1415.75,1165.51,1280.71,1415.75,1165.51,1280.71,1415.75,1170.5,1286.04,1432.3,1170.5,1286.04,1432.3,1170.5,1286.04,1432.3,80.650002,89.93,102.3,80.650002,89.93,102.3,80.650002,89.93,102.3,79.489998,90.559998,102.65,79.489998,90.559998,102.65,79.489998,90.559998,102.65,142611.63,159159.06,183515.16,142611.63,159159.06,183515.16,142611.63,159159.06,183515.16,139634.88,160503.83,183235.5,139634.88,160503.83,183235.5,139634.88,160503.83,183235.5,.92000002,.94,.97000003,.92000002,.94,.97000003,.92000002,.94,.97000003,.92000002,.94,.97000003,.92000002,.94,.97000003,.92000002,.94,.97000003,.93000001,.94999999,.98000002,.93000001,.94999999,.98000002,.93000001,.94999999,.98000002,.93000001,.94999999,.98000002,.93000001,.94999999,.98000002,.93000001,.94999999,.98000002,.38724226,.39350334,.36969477,.38724226,.39350334,.36969477,.38724226,.39350334,.36969477,.3853398,.40476075,.37462118,.3853398,.40476075,.37462118,.3853398,.40476075,.37462118,189.98169,68157.422,358.75784,31886.396,2378,2378,2378,144,144,144,32332,32332,32332,2926,2926,2926,4.9213943,4.9213943,4.9213943,167.9077,7854.3999,46.77808,6736.0435,,,,,,,,,,,,,,,,,,,,20.319445,13.596299,,,300.30576,998.78491,,,,,258.23627,474.14206,258.23627,474.14206,258.23627,474.14206,20.319445,13.596299,,,1,,2.3890646,2.3890646,2.3890646,.61722219,.61722219,.61722219,1,,1,,35.308537,,,7.8441691,7.8441691,7.8441691,1,,1,,2.3890648,2.3890648,2.3890648,.99568546,.99568546,.99568546,1,,1,,175.50082,,,34.722416,34.722416,34.722416,1,
28Mar2020,Iran,139,2517,278,695,5034,12585,3076,35408,6152,15380,70816,177040,11679,546,4.5188556,21212,135.77678,2744.259,168.70255,6686.9453,39.637489,5509.6108,,,,,,,,,,,,,,,,,,,,,,,,27307.369,31481.381,22847.385,4612.4048,5317.4243,3859.0825,2381.2542,2755.2781,1993.0559,816.49261,919.22601,687.87115,332.07999,,,6013.2759,,,318.72766,318.72766,318.72766,5947.7944,5947.7944,5947.7944,139,,,2517,,,133.41107,133.41107,133.41107,2489.5913,2489.5913,2489.5913,9.6251078,99317.594,82892.227,121314.74,5773610,6789301,4835205.5,332.07999,,,6013.2759,,,318.72766,318.72766,318.72766,5947.7944,5947.7944,5947.7944,9.6251078,,,,,,,332.07999,,,6013.2759,,,318.72766,318.72766,318.72766,5947.7944,5947.7944,5947.7944,9.6251078,,,,,,,.39393634,,,7.1333652,,,.37809688,.37809688,.37809688,7.055687,7.055687,7.055687,.16489145,,,2.9858401,,,.15826146,.15826146,.15826146,2.953326,2.953326,2.953326,3.6489646,117.81743,98.332512,143.91197,.3343617,,,,,,,,,366.98276,119074.13,324.4679,107749.3,2455.77,2207.8301,2677.6599,2455.77,2207.8301,2677.6599,2455.77,2207.8301,2677.6599,2469.4199,2287.4299,2697.2,2469.4199,2287.4299,2697.2,2469.4199,2287.4299,2697.2,88.040001,80.050003,97.260002,88.040001,80.050003,97.260002,88.040001,80.050003,97.260002,88.370003,80.510002,98.300003,88.370003,80.510002,98.300003,88.370003,80.510002,98.300003,1145387.6,1034073.9,1253889.5,1145387.6,1034073.9,1253889.5,1145387.6,1034073.9,1253889.5,1151753.5,1055368,1276007,1151753.5,1055368,1276007,1151753.5,1055368,1276007,22742.48,20369.52,26327.51,22742.48,20369.52,26327.51,22742.48,20369.52,26327.51,22943.9,19908.449,26247.84,22943.9,19908.449,26247.84,22943.9,19908.449,26247.84,2913.6799,3218.28,3590.78,2913.6799,3218.28,3590.78,2913.6799,3218.28,3590.78,2909.47,3233.3899,3617.76,2909.47,3233.3899,3617.76,2909.47,3233.3899,3617.76,279.25,311.54001,355.48999,279.25,311.54001,355.48999,279.25,311.54001,355.48999,274.72,313.82999,356.35999,274.72,313.82999,356.35999,274.72,313.82999,356.35999,1154.5699,1269.98,1407.55,1154.5699,1269.98,1407.55,1154.5699,1269.98,1407.55,1157.1899,1275.5699,1422.88,1157.1899,1275.5699,1422.88,1157.1899,1275.5699,1422.88,79.730003,88.940002,101.49,79.730003,88.940002,101.49,79.730003,88.940002,101.49,78.43,89.599998,101.74,78.43,89.599998,101.74,78.43,89.599998,101.74,141262.16,157660.39,182342.95,141262.16,157660.39,182342.95,141262.16,157660.39,182342.95,138113.73,159040.94,181840.45,138113.73,159040.94,181840.45,138113.73,159040.94,181840.45,.92000002,.94,.97000003,.92000002,.94,.97000003,.92000002,.94,.97000003,.91000003,.94,.97000003,.91000003,.94,.97000003,.91000003,.94,.97000003,.93000001,.94999999,.98000002,.93000001,.94999999,.98000002,.93000001,.94999999,.98000002,.93000001,.94999999,.98000002,.93000001,.94999999,.98000002,.93000001,.94999999,.98000002,.38711697,.39298916,.36942348,.38711697,.39298916,.36942348,.38711697,.39298916,.36942348,.38515684,.40440118,.37450701,.38515684,.40440118,.37450701,.38515684,.40440118,.37450701,189.98169,68157.422,358.75784,31585.041,2517,2517,2517,139,139,139,35408,35408,35408,3076,3076,3076,4.5188556,4.5188556,4.5188556,167.9077,7854.3999,46.77808,6502.1533,,,,,,,,,,,,,,,,,,,,22.129496,14.067541,,,299.07733,960.14386,,,,,258.31985,466.40671,258.31985,466.40671,258.31985,466.40671,22.129496,14.067541,,,1,,2.3890646,2.3890646,2.3890646,.63338131,.63338131,.63338131,1,,1,,32.287903,,,7.3935242,7.3935242,7.3935242,1,,1,,2.3890648,2.3890648,2.3890648,.97567344,.97567344,.97567344,1,,1,,163.05948,,,32.34827,32.34827,32.34827,1,
29Mar2020,Iran,123,2640,246,615,5280,13200,2901,38309,5802,14505,76618,191545,12391,712,4.2399173,23278,134.98215,2861.3572,168.70255,6686.9453,39.637489,4875.4111,,,,,,,,,,,,,,,,,,,,,,,,27279.971,31587.207,22817.771,4872,5641.2402,4075.0845,2294.2617,2673.2141,1930.731,797.13361,902.52325,674.35107,293.85495,,,6307.1309,,,319.46716,319.46716,319.46716,6267.2617,6267.2617,6267.2617,123,,,2640,,,133.72061,133.72061,133.72061,2623.312,2623.312,2623.312,9.8931589,95600.625,80054.453,116677.52,5869211,6905978.5,4915260,293.85495,,,6307.1309,,,319.46716,319.46716,319.46716,6267.2617,6267.2617,6267.2617,9.8931589,,,,,,,293.85495,,,6307.1309,,,319.46716,319.46716,319.46716,6267.2617,6267.2617,6267.2617,9.8931589,,,,,,,.34859115,,,7.4819565,,,.37897414,.37897414,.37897414,7.4346609,7.4346609,7.4346609,.14591114,,,3.1317513,,,.15862866,.15862866,.15862866,3.1119547,3.1119547,3.1119547,3.4413676,113.4081,94.966156,138.41098,.30737764,,,,,,,,,366.98276,119074.13,324.4679,95346.5,2542.9199,2285.71,2775.46,2542.9199,2285.71,2775.46,2542.9199,2285.71,2775.46,2556.9199,2367.3201,2795.53,2556.9199,2367.3201,2795.53,2556.9199,2367.3201,2795.53,87.150002,79.18,96.550003,87.150002,79.18,96.550003,87.150002,79.18,96.550003,87.5,79.449997,97.5,87.5,79.449997,97.5,87.5,79.449997,97.5,1167918.5,1055671.9,1278707.3,1167918.5,1055671.9,1278707.3,1167918.5,1055671.9,1278707.3,1174490.8,1075736.8,1302642,1174490.8,1075736.8,1302642,1174490.8,1075736.8,1302642,22530.84,20178.26,26161.74,22530.84,20178.26,26161.74,22530.84,20178.26,26161.74,22737.26,19694.711,26050,22737.26,19694.711,26050,22737.26,19694.711,26050,2875,3179.6299,3557.49,2875,3179.6299,3557.49,2875,3179.6299,3557.49,2865.24,3195.6299,3582.27,2865.24,3195.6299,3582.27,2865.24,3195.6299,3582.27,276.28,308.29999,352.89999,276.28,308.29999,352.89999,276.28,308.29999,352.89999,271.45001,310.67001,353.38,271.45001,310.67001,353.38,271.45001,310.67001,353.38,1143.35,1258.88,1398.89,1143.35,1258.88,1398.89,1143.35,1258.88,1398.89,1143.62,1264.75,1413.0699,1143.62,1264.75,1413.0699,1143.62,1264.75,1413.0699,78.870003,88.019997,100.75,78.870003,88.019997,100.75,78.870003,88.019997,100.75,77.5,88.690002,100.89,77.5,88.690002,100.89,77.5,88.690002,100.89,139915.16,156169.61,181168.95,139915.16,156169.61,181168.95,139915.16,156169.61,181168.95,136604.25,157585.23,180446.91,136604.25,157585.23,180446.91,136604.25,157585.23,180446.91,.92000002,.94,.97000003,.92000002,.94,.97000003,.92000002,.94,.97000003,.91000003,.94,.97000003,.91000003,.94,.97000003,.91000003,.94,.97000003,.93000001,.94999999,.98000002,.93000001,.94999999,.98000002,.93000001,.94999999,.98000002,.93000001,.94999999,.98000002,.93000001,.94999999,.98000002,.93000001,.94999999,.98000002,.38680315,.39240253,.36905038,.38680315,.39240253,.36905038,.38680315,.39240253,.36905038,.38483089,.40340778,.37428024,.38483089,.40340778,.37428024,.38483089,.40340778,.37428024,189.98169,68157.422,358.75784,31265.746,2640,2640,2640,123,123,123,38309,38309,38309,2901,2901,2901,4.2399173,4.2399173,4.2399173,167.9077,7854.3999,46.77808,5753.7036,,,,,,,,,,,,,,,,,,,,23.585365,14.510984,,,325.3327,930.5675,,,,,258.52942,459.28244,258.52942,459.28244,258.52942,459.28244,23.585365,14.510984,,,1,,2.3890646,2.3890646,2.3890646,.70853662,.70853662,.70853662,1,,1,,32.954369,,,7.7665768,7.7665768,7.7665768,1,,1,,2.3890648,2.3890648,2.3890648,.96322727,.96322727,.96322727,1,,1,,153.20711,,,30.486792,30.486792,30.486792,1,
30Mar2020,Iran,117,2757,234,585,5514,13785,3186,41495,6372,15930,82990,207475,13911,1520,3.6723163,24827,134.24107,2920.9822,168.70255,6686.9453,39.637489,4637.5864,,,,,,,,,,,,,,,,,,,,,,,,27167.439,31448.018,22668.328,5086.2793,5887.688,4243.957,2206.5911,2583.0769,1865.7096,776.48865,888.51703,660.34583,279.52057,,,6586.6514,,,321.4563,321.4563,321.4563,6588.7183,6588.7183,6588.7183,117,,,2757,,,134.55321,134.55321,134.55321,2757.8652,2757.8652,2757.8652,10.159949,92158.742,77513.117,112254.23,5961369.5,7018233,4992773,279.52057,,,6586.6514,,,321.4563,321.4563,321.4563,6588.7183,6588.7183,6588.7183,10.159949,,,,,,,279.52057,,,6586.6514,,,321.4563,321.4563,321.4563,6588.7183,6588.7183,6588.7183,10.159949,,,,,,,.33158669,,,7.8135428,,,.3813338,.3813338,.3813338,7.8159947,7.8159947,7.8159947,.13879353,,,3.2705448,,,.15961635,.15961635,.15961635,3.2715712,3.2715712,3.2715712,3.7794545,109.3251,91.951439,133.16376,.30330336,,,,,,,,,366.98276,119074.13,324.4679,90695.453,2629.1499,2362.6799,2872.3999,2629.1499,2362.6799,2872.3999,2629.1499,2362.6799,2872.3999,2643.52,2446.26,2893.0801,2643.52,2446.26,2893.0801,2643.52,2446.26,2893.0801,86.230003,78.279999,95.790001,86.230003,78.279999,95.790001,86.230003,78.279999,95.790001,86.599998,78.360001,96.660004,86.599998,78.360001,96.660004,86.599998,78.360001,96.660004,1190237.3,1077016.8,1303276.9,1190237.3,1077016.8,1303276.9,1190237.3,1077016.8,1303276.9,1197020.9,1095903.4,1329094.9,1197020.9,1095903.4,1329094.9,1197020.9,1095903.4,1329094.9,22318.77,19975.789,25994.01,22318.77,19975.789,25994.01,22318.77,19975.789,25994.01,22530.119,19480.99,25850.85,22530.119,19480.99,25850.85,22530.119,19480.99,25850.85,2837.5601,3141.8799,3524.9099,2837.5601,3141.8799,3524.9099,2837.5601,3141.8799,3524.9099,2822.1399,3158.75,3547.5901,2822.1399,3158.75,3547.5901,2822.1399,3158.75,3547.5901,273.45999,305.22,350.47,273.45999,305.22,350.47,273.45999,305.22,350.47,268.29999,307.66,350.53,268.29999,307.66,350.53,268.29999,307.66,350.53,1131.63,1247.55,1389.9,1131.63,1247.55,1389.9,1131.63,1247.55,1389.9,1129.91,1253.6899,1402.99,1129.91,1253.6899,1402.99,1129.91,1253.6899,1402.99,78.07,87.139999,100.06,78.07,87.139999,100.06,78.07,87.139999,100.06,76.599998,87.839996,100.08,76.599998,87.839996,100.08,76.599998,87.839996,100.08,138496.56,154687.17,179993.73,138496.56,154687.17,179993.73,138496.56,154687.17,179993.73,135106.73,156137.16,179055.42,135106.73,156137.16,179055.42,135106.73,156137.16,179055.42,.92000002,.94,.97000003,.92000002,.94,.97000003,.92000002,.94,.97000003,.91000003,.94,.97000003,.91000003,.94,.97000003,.91000003,.94,.97000003,.93000001,.94999999,.98000002,.93000001,.94999999,.98000002,.93000001,.94999999,.98000002,.93000001,.94999999,.98000002,.93000001,.94999999,.98000002,.93000001,.94999999,.98000002,.38635644,.39187437,.36850798,.38635644,.39187437,.36850798,.38635644,.39187437,.36850798,.38437435,.40223828,.37391421,.38437435,.40223828,.37391421,.38437435,.40223828,.37391421,189.98169,68157.422,358.75784,30935.689,2757,2757,2757,117,117,117,41495,41495,41495,3186,3186,3186,3.6723163,3.6723163,3.6723163,167.9077,7854.3999,46.77808,5473.0352,,,,,,,,,,,,,,,,,,,,27.23077,15.05078,,,329.70291,905.0683,,,,,258.82834,452.70801,258.82834,452.70801,258.82834,452.70801,27.23077,15.05078,,,1,,2.3890648,2.3890648,2.3890648,.73700857,.73700857,.73700857,1,,1,,28.926159,,,7.0052633,7.0052633,7.0052633,1,,1,,2.3890648,2.3890648,2.3890648,.95362711,.95362711,.95362711,1,,1,,143.66476,,,28.683872,28.683872,28.683872,1,
31Mar2020,Iran,141,2898,282,705,5796,14490,3110,44605,6220,15550,89210,223025,14656,745,4.533762,27051,134.25893,2923.0356,168.70255,6686.9453,39.637489,5588.8862,,,,,,,,,,,,,,,,,,,,,,,,26972.928,31190.02,22416.162,5249.1401,6069.8188,4362.3584,2119.3796,2508.05,1789.8799,754.69464,869.36432,645.83185,336.85812,,,6923.5093,,,324.41113,324.41113,324.41113,6913.1294,6913.1294,6913.1294,141,,,2898,,,135.79002,135.79002,135.79002,2893.655,2893.655,2893.655,10.424236,88985.664,75132.57,107956.75,6050355.5,7126189.5,5067905.5,336.85812,,,6923.5093,,,324.41113,324.41113,324.41113,6913.1294,6913.1294,6913.1294,10.424236,,,,,,,336.85812,,,6923.5093,,,324.41113,324.41113,324.41113,6913.1294,6913.1294,6913.1294,10.424236,,,,,,,.39960447,,,8.2131472,,,.38483903,.38483903,.38483903,8.2008343,8.2008343,8.2008343,.16726398,,,3.4378088,,,.16108355,.16108355,.16108355,3.4326546,3.4326546,3.4326546,3.6892979,105.56097,89.127472,128.06578,.37855324,,,,,,,,,366.98276,119074.13,324.4679,109299.65,2714.45,2438.72,2968.48,2714.45,2438.72,2968.48,2714.45,2438.72,2968.48,2729.22,2524.22,2989.8401,2729.22,2524.22,2989.8401,2729.22,2524.22,2989.8401,85.300003,77.330002,95.010002,85.300003,77.330002,95.010002,85.300003,77.330002,95.010002,85.690002,77.269997,95.809998,85.690002,77.269997,95.809998,85.690002,77.269997,95.809998,1212344.5,1098110.8,1327599.3,1212344.5,1098110.8,1327599.3,1212344.5,1098110.8,1327599.3,1219344.4,1115868.6,1355364.6,1219344.4,1115868.6,1355364.6,1219344.4,1115868.6,1355364.6,22107.23,19773.961,25825.35,22107.23,19773.961,25825.35,22107.23,19773.961,25825.35,22323.41,19268.24,25651.33,22323.41,19268.24,25651.33,22323.41,19268.24,25651.33,2801.45,3105.1499,3493.1799,2801.45,3105.1499,3493.1799,2801.45,3105.1499,3493.1799,2780.29,3122.8701,3513.8101,2780.29,3122.8701,3513.8101,2780.29,3122.8701,3513.8101,270.76001,302.23999,348.13,270.76001,302.23999,348.13,270.76001,302.23999,348.13,265.26999,304.76001,347.78,265.26999,304.76001,347.78,265.26999,304.76001,347.78,1119.92,1236.0699,1380.6899,1119.92,1236.0699,1380.6899,1119.92,1236.0699,1380.6899,1116.15,1242.5,1392.74,1116.15,1242.5,1392.74,1116.15,1242.5,1392.74,77.300003,86.290001,99.389999,77.300003,86.290001,99.389999,77.300003,86.290001,99.389999,75.730003,87.010002,99.290001,75.730003,87.010002,99.290001,75.730003,87.010002,99.290001,137087.91,153213.41,178817.75,137087.91,153213.41,178817.75,137087.91,153213.41,178817.75,133621.45,154697.06,177666.41,133621.45,154697.06,177666.41,133621.45,154697.06,177666.41,.92000002,.94,.97000003,.92000002,.94,.97000003,.92000002,.94,.97000003,.91000003,.94,.97000003,.91000003,.94,.97000003,.91000003,.94,.97000003,.93000001,.94999999,.98000002,.93000001,.94999999,.98000002,.93000001,.94999999,.98000002,.93000001,.94999999,.98000002,.93000001,.94999999,.98000002,.93000001,.94999999,.98000002,.38584661,.39106986,.36789435,.38584661,.39106986,.36789435,.38584661,.39106986,.36789435,.38385713,.40102258,.3735089,.38385713,.40102258,.3735089,.38385713,.40102258,.3735089,189.98169,68157.422,358.75784,30602.045,2898,2898,2898,141,141,141,44605,44605,44605,3110,3110,3110,4.533762,4.533762,4.533762,167.9077,7854.3999,46.77808,6595.7095,,,,,,,,,,,,,,,,,,,,22.056738,15.391649,,,264.16364,873.88568,,,,,259.17035,446.62622,259.17035,446.62622,259.17035,446.62622,22.056738,15.391649,,,1,,2.3890648,2.3890648,2.3890648,.60496455,.60496455,.60496455,1,,1,,28.612753,,,7.1084342,7.1084342,7.1084342,1,,1,,2.3890646,2.3890646,2.3890646,.93666321,.93666321,.93666321,1,,1,,135.64299,,,27.179565,27.179565,27.179565,1,
01Apr2020,Iran,138,3036,276,690,6072,15180,2988,47593,5976,14940,95186,237965,15473,817,4.618474,29084,135.05357,2878.0178,168.70255,6686.9453,39.637489,5469.9736,,,,,,,,,,,,,,,,,,,,,,,,26700.436,30800.404,22118.559,5374.3345,6199.5869,4452.082,2033.5985,2420.6721,1706.0262,731.67426,848.00653,629.00159,329.69092,,,7253.2002,,,327.69443,327.69443,327.69443,7240.8237,7240.8237,7240.8237,138,,,3036,,,137.16432,137.16432,137.16432,3030.8196,3030.8196,3030.8196,10.684275,86072.688,72901,103696.68,6136428,7229886.5,5140806.5,329.69092,,,7253.2002,,,327.69443,327.69443,327.69443,7240.8237,7240.8237,7240.8237,10.684275,,,,,,,329.69092,,,7253.2002,,,327.69443,327.69443,327.69443,7240.8237,7240.8237,7240.8237,10.684275,,,,,,,.39110225,,,8.60425,,,.38873386,.38873386,.38873386,8.5895681,8.5895681,8.5895681,.16370519,,,3.6015139,,,.16271384,.16271384,.16271384,3.5953684,3.5953684,3.5953684,3.5445731,102.10539,86.480225,123.0122,.38303778,,,,,,,,,366.98276,119074.13,324.4679,106974.12,2798.8101,2513.8501,3063.7,2798.8101,2513.8501,3063.7,2798.8101,2513.8501,3063.7,2814,2600.6201,3085.78,2814,2600.6201,3085.78,2814,2600.6201,3085.78,84.360001,76.379997,94.230003,84.360001,76.379997,94.230003,84.360001,76.379997,94.230003,84.779999,76.18,94.959999,84.779999,76.18,94.959999,84.779999,76.18,94.959999,1234241.1,1118956,1351819.8,1234241.1,1118956,1351819.8,1234241.1,1118956,1351819.8,1241461.9,1135633.6,1381451.1,1241461.9,1135633.6,1381451.1,1241461.9,1135633.6,1381451.1,21896.66,19573.25,25656.27,21896.66,19573.25,25656.27,21896.66,19573.25,25656.27,22117.57,19056.92,25451.881,22117.57,19056.92,25451.881,22117.57,19056.92,25451.881,2766.6799,3069.48,3462.3601,2766.6799,3069.48,3462.3601,2766.6799,3069.48,3462.3601,2739.71,3088.03,3480.99,2739.71,3088.03,3480.99,2739.71,3088.03,3480.99,268.14001,299.34,345.85001,268.14001,299.34,345.85001,268.14001,299.34,345.85001,262.32001,301.92999,345.07999,262.32001,301.92999,345.07999,262.32001,301.92999,345.07999,1108.26,1224.52,1371.33,1108.26,1224.52,1371.33,1108.26,1224.52,1371.33,1102.41,1231.23,1382.37,1102.41,1231.23,1382.37,1102.41,1231.23,1382.37,76.550003,85.459999,98.739998,76.550003,85.459999,98.739998,76.550003,85.459999,98.739998,74.889999,86.199997,98.519997,74.889999,86.199997,98.519997,74.889999,86.199997,98.519997,135689.36,151748.56,177641.33,135689.36,151748.56,177641.33,135689.36,151748.56,177641.33,132148.55,153265.19,176280.19,132148.55,153265.19,176280.19,132148.55,153265.19,176280.19,.92000002,.94,.97000003,.92000002,.94,.97000003,.92000002,.94,.97000003,.91000003,.94,.95999998,.91000003,.94,.95999998,.91000003,.94,.95999998,.93000001,.94999999,.98000002,.93000001,.94999999,.98000002,.93000001,.94999999,.98000002,.93000001,.94999999,.98000002,.93000001,.94999999,.98000002,.93000001,.94999999,.98000002,.38526425,.39022645,.36727867,.38526425,.39022645,.36727867,.38526425,.39022645,.36727867,.38331515,.39974982,.3730962,.38331515,.39974982,.3730962,.38331515,.39974982,.3730962,189.98169,68157.422,358.75784,30264.813,3036,3036,3036,138,138,138,47593,47593,47593,2988,2988,2988,4.618474,4.618474,4.618474,167.9077,7854.3999,46.77808,6455.375,,,,,,,,,,,,,,,,,,,,21.652174,15.676219,,,261.07086,846.0304,,,,,259.5621,440.98782,259.5621,440.98782,259.5621,440.98782,21.652174,15.676219,,,1,,2.3890646,2.3890646,2.3890646,.61130434,.61130434,.61130434,1,,1,,28.80612,,,7.3281994,7.3281994,7.3281994,1,,1,,2.3890646,2.3890646,2.3890646,.92187423,.92187423,.92187423,1,,1,,128.93552,,,25.933249,25.933249,25.933249,1,
02Apr2020,Iran,124,3160,248,620,6320,15800,2875,50468,5750,14375,100936,252340,16711,1238,4.3130436,30597,136.30357,2798.3303,168.70255,6686.9453,39.637489,4915.0488,,,,,,,,,,,,,,,,,,,,,,,,26354.232,30245.867,21779.406,5446.8433,6251.1587,4501.3267,1950.0433,2334.9314,1626.6089,707.39209,826.46082,604.95972,296.24402,,,7549.4443,,,330.63876,330.63876,330.63876,7571.4624,7571.4624,7571.4624,124,,,3160,,,138.39674,138.39674,138.39674,3169.2163,3169.2163,3169.2163,10.938094,83410.023,70379.703,99641.992,6219838,7329528.5,5211186,296.24402,,,7549.4443,,,330.63876,330.63876,330.63876,7571.4624,7571.4624,7571.4624,10.938094,,,,,,,296.24402,,,7549.4443,,,330.63876,330.63876,330.63876,7571.4624,7571.4624,7571.4624,10.938094,,,,,,,.35142523,,,8.9556751,,,.39222664,.39222664,.39222664,8.9817944,8.9817944,8.9817944,.14709741,,,3.7486115,,,.16417582,.16417582,.16417582,3.7595444,3.7595444,3.7595444,3.4105246,98.946762,83.489288,118.20226,.35516596,,,,,,,,,366.98276,119074.13,324.4679,96121.672,2882.24,2588.0701,3158.0601,2882.24,2588.0701,3158.0601,2882.24,2588.0701,3158.0601,2897.8601,2675.3101,3180.9199,2897.8601,2675.3101,3180.9199,2897.8601,2675.3101,3180.9199,83.43,75.449997,93.440002,83.43,75.449997,93.440002,83.43,75.449997,93.440002,83.870003,75.099998,94.110001,83.870003,75.099998,94.110001,83.870003,75.099998,94.110001,1255928.4,1139554.6,1376398.8,1255928.4,1139554.6,1376398.8,1255928.4,1139554.6,1376398.8,1263374.8,1155199.4,1406858.1,1263374.8,1155199.4,1406858.1,1263374.8,1155199.4,1406858.1,21687.25,19373.85,25487.029,21687.25,19373.85,25487.029,21687.25,19373.85,25487.029,21912.811,18847.211,25252.75,21912.811,18847.211,25252.75,21912.811,18847.211,25252.75,2733.21,3034.8701,3433.3899,2733.21,3034.8701,3433.3899,2733.21,3034.8701,3433.3899,2700.3999,3054.23,3449.1101,2700.3999,3054.23,3449.1101,2700.3999,3054.23,3449.1101,265.57001,296.48999,343.60001,265.57001,296.48999,343.60001,265.57001,296.48999,343.60001,259.42999,299.14999,342.42999,259.42999,299.14999,342.42999,259.42999,299.14999,342.42999,1096.71,1212.96,1361.88,1096.71,1212.96,1361.88,1096.71,1212.96,1361.88,1088.74,1219.95,1371.95,1088.74,1219.95,1371.95,1088.74,1219.95,1371.95,75.82,84.639999,98.099998,75.82,84.639999,98.099998,75.82,84.639999,98.099998,74.059998,85.400002,97.760002,74.059998,85.400002,97.760002,74.059998,85.400002,97.760002,134301.05,150292.81,176464.73,134301.05,150292.81,176464.73,134301.05,150292.81,176464.73,130688.08,151841.66,174897.03,130688.08,151841.66,174897.03,130688.08,151841.66,174897.03,.92000002,.94,.97000003,.92000002,.94,.97000003,.92000002,.94,.97000003,.91000003,.94,.95999998,.91000003,.94,.95999998,.91000003,.94,.95999998,.93000001,.94999999,.98000002,.93000001,.94999999,.98000002,.93000001,.94999999,.98000002,.93000001,.94999999,.98000002,.93000001,.94999999,.98000002,.93000001,.94999999,.98000002,.38469607,.38944247,.36661786,.38469607,.38944247,.36661786,.38469607,.38944247,.36661786,.38274416,.39846745,.37267229,.38274416,.39846745,.37267229,.38274416,.39846745,.37267229,189.98169,68157.422,358.75784,29931.166,3160,3160,3160,124,124,124,50468,50468,50468,2875,2875,2875,4.3130436,4.3130436,4.3130436,167.9077,7854.3999,46.77808,5800.4819,,,,,,,,,,,,,,,,,,,,23.185484,15.970886,,,281.5585,823.88025,,,,,259.94547,435.74731,259.94547,435.74731,259.94547,435.74731,23.185484,15.970886,,,1,,2.3890646,2.3890646,2.3890646,.67282259,.67282259,.67282259,1,,1,,29.012182,,,7.5433912,7.5433912,7.5433912,1,,1,,2.3890646,2.3890646,2.3890646,.91210127,.91210127,.91210127,1,,1,,123.2432,,,24.885637,24.885637,24.885637,1,
03Apr2020,Iran,134,3294,268,670,6588,16470,2715,53183,5430,13575,106366,265915,17935,1224,4.9355431,31954,137.40178,2687.3394,168.70255,6686.9453,39.637489,5311.4233,,,,,,,,,,,,,,,,,,,,,,,,25938.391,29798.396,21401.855,5452.7515,6264.1997,4499.0845,1869.3462,2252.6399,1564.3588,682.06049,802.06128,580.16559,320.13467,,,7869.5791,,,332.5538,332.5538,332.5538,7904.0161,7904.0161,7904.0161,134,,,3294,,,139.19833,139.19833,139.19833,3308.4146,3308.4146,3308.4146,11.183967,80986.438,68383.531,95715.891,6300824.5,7425244.5,5279570,320.13467,,,7869.5791,,,332.5538,332.5538,332.5538,7904.0161,7904.0161,7904.0161,11.183967,,,,,,,320.13467,,,7869.5791,,,332.5538,332.5538,332.5538,7904.0161,7904.0161,7904.0161,11.183967,,,,,,,.37976596,,,9.3354406,,,.39449841,.39449841,.39449841,9.3762932,9.3762932,9.3762932,.1589601,,,3.9075716,,,.16512673,.16512673,.16512673,3.9246709,3.9246709,3.9246709,3.2207215,96.071732,81.121292,113.54484,.39529419,,,,,,,,,366.98276,119074.13,324.4679,103873.42,2964.75,2661.3999,3251.5801,2964.75,2661.3999,3251.5801,2964.75,2661.3999,3251.5801,2980.8301,2749.02,3275.25,2980.8301,2749.02,3275.25,2980.8301,2749.02,3275.25,82.510002,74.529999,92.660004,82.510002,74.529999,92.660004,82.510002,74.529999,92.660004,82.970001,74.040001,93.260002,82.970001,74.040001,93.260002,82.970001,74.040001,93.260002,1277407.5,1159908.8,1400753.5,1277407.5,1159908.8,1400753.5,1277407.5,1159908.8,1400753.5,1285083.9,1174567.4,1431912.1,1285083.9,1174567.4,1431912.1,1285083.9,1174567.4,1431912.1,21479.09,19175.801,25317.68,21479.09,19175.801,25317.68,21479.09,19175.801,25317.68,21709.17,18638.529,25053.99,21709.17,18638.529,25053.99,21709.17,18638.529,25053.99,2700.97,3001.27,3406.1201,2700.97,3001.27,3406.1201,2700.97,3001.27,3406.1201,2662.29,3021.4299,3418.1299,2662.29,3021.4299,3418.1299,2662.29,3021.4299,3418.1299,262.94,293.67001,341.38,262.94,293.67001,341.38,262.94,293.67001,341.38,256.57999,296.39999,339.79001,256.57999,296.39999,339.79001,256.57999,296.39999,339.79001,1085.28,1201.41,1352.38,1085.28,1201.41,1352.38,1085.28,1201.41,1352.38,1075.17,1208.6801,1361.5,1075.17,1208.6801,1361.5,1075.17,1208.6801,1361.5,75.07,83.839996,97.459999,75.07,83.839996,97.459999,75.07,83.839996,97.459999,73.25,84.620003,97.010002,73.25,84.620003,97.010002,73.25,84.620003,97.010002,132922.98,148846.23,175288.17,132922.98,148846.23,175288.17,132922.98,148846.23,175288.17,129237.42,150426.61,173517.09,129237.42,150426.61,173517.09,129237.42,150426.61,173517.09,.92000002,.94,.97000003,.92000002,.94,.97000003,.92000002,.94,.97000003,.91000003,.94,.95999998,.91000003,.94,.95999998,.91000003,.94,.95999998,.93000001,.94999999,.98000002,.93000001,.94999999,.98000002,.93000001,.94999999,.98000002,.93000001,.94999999,.98000002,.93000001,.94999999,.98000002,.93000001,.94999999,.98000002,.38414106,.38866696,.36598933,.38414106,.38866696,.36598933,.38414106,.38866696,.36598933,.38218874,.39724165,.37223613,.38218874,.39724165,.37223613,.38218874,.39724165,.37223613,189.98169,68157.422,358.75784,29601.111,3294,3294,3294,134,134,134,53183,53183,53183,2715,2715,2715,4.9355431,4.9355431,4.9355431,167.9077,7854.3999,46.77808,6268.2627,,,,,,,,,,,,,,,,,,,,20.261194,16.145416,,,252.97615,800.65582,,,,,260.32104,430.86517,260.32104,430.86517,260.32104,430.86517,20.261194,16.145416,,,1,,2.3890648,2.3890648,2.3890648,.61574626,.61574626,.61574626,1,,1,,29.829258,,,7.9112668,7.9112668,7.9112668,1,,1,,2.3890648,2.3890648,2.3890648,.90004551,.90004551,.90004551,1,,1,,118.47441,,,24.019094,24.019094,24.019094,1,
04Apr2020,Iran,158,3452,316,790,6904,17260,2560,55743,5120,12800,111486,278715,19736,1801,6.171875,32555,137.60715,2559.0356,168.70255,6686.9453,39.637489,6262.7231,,,,,,,,,,,,,,,,,,,,,,,,25456.518,29330.982,20989.406,5379.3154,6198.0439,4435.353,1791.9955,2171.0044,1505.4797,655.99835,776.25818,558.68524,377.47223,,,8247.0508,,,332.74048,332.74048,332.74048,8236.7568,8236.7568,8236.7568,158,,,3452,,,139.27647,139.27647,139.27647,3447.6909,3447.6909,3447.6909,11.420783,78788.734,66690.008,92039.539,6379613,7517284,5346260,377.47223,,,8247.0508,,,332.74048,332.74048,332.74048,8236.7568,8236.7568,8236.7568,11.420783,,,,,,,377.47223,,,8247.0508,,,332.74048,332.74048,332.74048,8236.7568,8236.7568,8236.7568,11.420783,,,,,,,.44778374,,,9.7832251,,,.39471987,.39471987,.39471987,9.7710123,9.7710123,9.7710123,.18743058,,,4.0950022,,,.16521941,.16521941,.16521941,4.0898905,4.0898905,4.0898905,3.0368497,93.464668,79.11232,109.18369,.47909418,,,,,,,,,366.98276,119074.13,324.4679,122477.62,3046.3501,2733.8401,3344.27,3046.3501,2733.8401,3344.27,3046.3501,2733.8401,3344.27,3062.9099,2821.79,3368.79,3062.9099,2821.79,3368.79,3062.9099,2821.79,3368.79,81.599998,73.639999,91.879997,81.599998,73.639999,91.879997,81.599998,73.639999,91.879997,82.080002,72.989998,92.43,82.080002,72.989998,92.43,82.080002,72.989998,92.43,1298679.6,1180020.6,1424885,1298679.6,1180020.6,1424885,1298679.6,1180020.6,1424885,1306590.6,1193739,1456767.8,1306590.6,1193739,1456767.8,1306590.6,1193739,1456767.8,21272.18,18979.1,25148.27,21272.18,18979.1,25148.27,21272.18,18979.1,25148.27,21506.689,18430.91,24855.6,21506.689,18430.91,24855.6,21506.689,18430.91,24855.6,2669.8701,2968.6201,3379.7,2669.8701,2968.6201,3379.7,2669.8701,2968.6201,3379.7,2626.1399,2989.55,3387.98,2626.1399,2989.55,3387.98,2626.1399,2989.55,3387.98,260.26999,290.89001,339.17001,260.26999,290.89001,339.17001,260.26999,290.89001,339.17001,253.77,293.67999,337.17999,253.77,293.67999,337.17999,253.77,293.67999,337.17999,1074,1189.91,1342.91,1074,1189.91,1342.91,1074,1189.91,1342.91,1061.73,1197.46,1351.0699,1061.73,1197.46,1351.0699,1061.73,1197.46,1351.0699,74.309998,83.050003,96.830002,74.309998,83.050003,96.830002,74.309998,83.050003,96.830002,72.449997,83.839996,96.260002,72.449997,83.839996,96.260002,72.449997,83.839996,96.260002,131521.44,147395.53,174088.05,131521.44,147395.53,174088.05,131521.44,147395.53,174088.05,127793.75,149008.73,172092.81,127793.75,149008.73,172092.81,127793.75,149008.73,172092.81,.63999999,.69999999,.75,.63999999,.69999999,.75,.63999999,.69999999,.75,.64999998,.69999999,.75999999,.64999998,.69999999,.75999999,.64999998,.69999999,.75999999,.66000003,.70999998,.75999999,.66000003,.70999998,.75999999,.66000003,.70999998,.75999999,.67000002,.70999998,.76999998,.67000002,.70999998,.76999998,.67000002,.70999998,.76999998,.38359961,.38800576,.36535317,.38359961,.38800576,.36535317,.38359961,.38800576,.36535317,.38164872,.39601949,.37186792,.38164872,.39601949,.37186792,.38164872,.39601949,.37186792,189.98169,68157.422,358.75784,29274.639,3452,3452,3452,158,158,158,55743,55743,55743,2560,2560,2560,6.171875,6.171875,6.171875,167.9077,7854.3999,46.77808,7390.9365,,,,,,,,,,,,,,,,,,,,16.202532,16.148029,,,208.72723,773.56299,,,,,260.68848,426.30676,260.68848,426.30676,260.68848,426.30676,16.202532,16.148029,,,1,,2.3890648,2.3890648,2.3890648,.51645571,.51645571,.51645571,1,,1,,30.77685,,,8.3094454,8.3094454,8.3094454,1,,1,,2.3890646,2.3890646,2.3890646,.88248843,.88248843,.88248843,1,,1,,114.44689,,,23.297626,23.297626,23.297626,1,
05Apr2020,Iran,151,3603,302,755,7206,18015,2483,58226,4966,12415,116452,291130,19736,0,6.0813532,34887,136.67857,2423.3125,168.70255,6686.9453,39.637489,5985.2607,,,,,,,,,,,,,,,,,,,,,,,,24911.99,28803.994,20626.209,5220.6714,6036.2974,4322.5234,1718.3678,2090.3259,1434.8768,629.44824,748.83691,537.86749,360.74875,,,8607.7998,,,330.51938,330.51938,330.51938,8567.2764,8567.2764,8567.2764,151,,,3603,,,138.34677,138.34677,138.34677,3586.0378,3586.0378,3586.0378,11.647978,76803.109,65198.172,88617.758,6456416,7605901.5,5411458,360.74875,,,8607.7998,,,330.51938,330.51938,330.51938,8567.2764,8567.2764,8567.2764,11.647978,,,,,,,360.74875,,,8607.7998,,,330.51938,330.51938,330.51938,8567.2764,8567.2764,8567.2764,11.647978,,,,,,,.42794523,,,10.21117,,,.39208502,.39208502,.39208502,10.163097,10.163097,10.163097,.17912668,,,4.2741289,,,.16411655,.16411655,.16411655,4.2540069,4.2540069,4.2540069,2.945507,91.109177,77.342598,105.12453,.46970591,,,,,,,,,366.98276,119074.13,324.4679,117051.39,3127.0601,2805.4199,3436.1599,3127.0601,2805.4199,3436.1599,3127.0601,2805.4199,3436.1599,3144.1201,2893.6201,3461.55,3144.1201,2893.6201,3461.55,3144.1201,2893.6201,3461.55,80.709999,72.769997,91.120003,80.709999,72.769997,91.120003,80.709999,72.769997,91.120003,81.209999,71.970001,91.610001,81.209999,71.970001,91.610001,81.209999,71.970001,91.610001,1319378,1199497.4,1448326.4,1319378,1199497.4,1448326.4,1319378,1199497.4,1448326.4,1327522,1212403.3,1480903.5,1327522,1212403.3,1480903.5,1327522,1212403.3,1480903.5,20698.32,18488.949,24412.279,20698.32,18488.949,24412.279,20698.32,18488.949,24412.279,20931.439,17963.869,24135.721,20931.439,17963.869,24135.721,20931.439,17963.869,24135.721,2639.79,2936.8401,3354.01,2639.79,2936.8401,3354.01,2639.79,2936.8401,3354.01,2594.04,2958.52,3358.5601,2594.04,2958.52,3358.5601,2594.04,2958.52,3358.5601,257.57999,288.04999,336.85001,257.57999,288.04999,336.85001,257.57999,288.04999,336.85001,250.92999,290.89999,334.47,250.92999,290.89999,334.47,250.92999,290.89999,334.47,1062.87,1178.47,1334.08,1062.87,1178.47,1334.08,1062.87,1178.47,1334.08,1048.42,1186.3,1340.64,1048.42,1186.3,1340.64,1048.42,1186.3,1340.64,73.529999,82.239998,96.169998,73.529999,82.239998,96.169998,73.529999,82.239998,96.169998,71.639999,83.050003,95.489998,71.639999,83.050003,95.489998,71.639999,83.050003,95.489998,126091.62,140822.06,165009.36,126091.62,140822.06,165009.36,126091.62,140822.06,165009.36,122691.99,142379.66,163487.67,122691.99,142379.66,163487.67,122691.99,142379.66,163487.67,.63999999,.69999999,.75,.63999999,.69999999,.75,.63999999,.69999999,.75,.64999998,.69999999,.75999999,.64999998,.69999999,.75999999,.64999998,.69999999,.75999999,.66000003,.70999998,.75999999,.66000003,.70999998,.75999999,.66000003,.70999998,.75999999,.67000002,.70999998,.76999998,.67000002,.70999998,.76999998,.67000002,.70999998,.76999998,.38993502,.39358643,.37325481,.38993502,.39358643,.37325481,.38993502,.39358643,.37325481,.38798097,.40063754,.3795619,.38798097,.40063754,.3795619,.38798097,.40063754,.3795619,189.98169,68157.422,358.75784,28955.346,3603,3603,3603,151,151,151,58226,58226,58226,2483,2483,2483,6.0813532,6.0813532,6.0813532,167.9077,7854.3999,46.77808,7063.4902,,,,,,,,,,,,,,,,,,,,16.443708,16.160421,,,212.89917,750.0658,,,,,256.45297,421.92282,256.45297,421.92282,256.45297,421.92282,16.443708,16.160421,,,1,,2.3890646,2.3890646,2.3890646,.53450328,.53450328,.53450328,1,,1,,30.931578,,,8.3360128,8.3360128,8.3360128,1,,1,,2.3890646,2.3890646,2.3890646,.86790454,.86790454,.86790454,1,,1,,110.88544,,,22.659603,22.659603,22.659603,1,
06Apr2020,Iran,136,3739,272,680,7478,18695,2274,60500,4548,11370,121000,302500,24236,4500,5.9806509,32525,134.78571,2285.884,168.70255,6686.9453,39.637489,5390.6987,,,,,,,,,,,,,,,,,,,,,,,,24309.945,28193.539,20220.717,4981.5513,5777.3706,4143.5938,1648.7361,2011.0719,1364.7582,602.62543,720.05554,513.6048,324.91278,,,8932.7129,,,325.31189,325.31189,325.31189,8892.5879,8892.5879,8892.5879,136,,,3739,,,136.16705,136.16705,136.16705,3722.2048,3722.2048,3722.2048,11.864898,75016.352,64129.977,85752.086,6531432.5,7691653.5,5475588,324.91278,,,8932.7129,,,325.31189,325.31189,325.31189,8892.5879,8892.5879,8892.5879,11.864898,,,,,,,324.91278,,,8932.7129,,,325.31189,325.31189,325.31189,8892.5879,8892.5879,8892.5879,11.864898,,,,,,,.38543412,,,10.596604,,,.38590756,.38590756,.38590756,10.549006,10.549006,10.549006,.16133264,,,4.4354615,,,.16153081,.16153081,.16153081,4.4155378,4.4155378,4.4155378,2.6975768,88.989609,76.075432,101.72508,.43312261,,,,,,,,,366.98276,119074.13,324.4679,105423.77,3206.8899,2876.1599,3521.27,3206.8899,2876.1599,3521.27,3206.8899,2876.1599,3521.27,3224.47,2964.55,3553.8301,3224.47,2964.55,3553.8301,3224.47,2964.55,3553.8301,79.830002,71.919998,90.419998,79.830002,71.919998,90.419998,79.830002,71.919998,90.419998,80.349998,70.970001,90.800003,80.349998,70.970001,90.800003,80.349998,70.970001,90.800003,1339118.3,1217930.5,1470581.3,1339118.3,1217930.5,1470581.3,1339118.3,1217930.5,1470581.3,1347486.8,1230242.1,1503783,1347486.8,1230242.1,1503783,1347486.8,1230242.1,1503783,19740.301,17699.039,23086.029,19740.301,17699.039,23086.029,19740.301,17699.039,23086.029,19964.77,17222.391,22879.48,19964.77,17222.391,22879.48,19964.77,17222.391,22879.48,2610.3899,2905.52,3328.48,2610.3899,2905.52,3328.48,2610.3899,2905.52,3328.48,2562.05,2927.9199,3329.3401,2562.05,2927.9199,3329.3401,2562.05,2927.9199,3329.3401,254.34,284.54001,333.45999,254.34,284.54001,333.45999,254.34,284.54001,333.45999,247.63,287.44,330.78,247.63,287.44,330.78,247.63,287.44,330.78,1051.8199,1167.02,1325.11,1051.8199,1167.02,1325.11,1051.8199,1167.02,1325.11,1035.21,1175.11,1330.12,1035.21,1175.11,1330.12,1035.21,1175.11,1330.12,72.610001,81.230003,95.199997,72.610001,81.230003,95.199997,72.610001,81.230003,95.199997,70.690002,82.059998,94.440002,70.690002,82.059998,94.440002,70.690002,82.059998,94.440002,120753.93,134345.83,156071.66,120753.93,134345.83,156071.66,120753.93,134345.83,156071.66,117654.03,135843.98,155024.98,117654.03,135843.98,155024.98,117654.03,135843.98,155024.98,.63999999,.69999999,.75,.63999999,.69999999,.75,.63999999,.69999999,.75,.64999998,.69999999,.75999999,.64999998,.69999999,.75999999,.64999998,.69999999,.75999999,.66000003,.70999998,.75999999,.66000003,.70999998,.75999999,.66000003,.70999998,.75999999,.67000002,.70999998,.76999998,.67000002,.70999998,.76999998,.67000002,.70999998,.76999998,.40440115,.40634975,.39166543,.40440115,.40634975,.39166543,.40440115,.40634975,.39166543,.40245894,.41207984,.39686218,.40245894,.41207984,.39686218,.40245894,.41207984,.39686218,189.98169,68157.422,358.75784,28639.639,3739,3739,3739,136,136,136,60500,60500,60500,2274,2274,2274,5.9806509,5.9806509,5.9806509,167.9077,7854.3999,46.77808,6361.8188,,,,,,,,,,,,,,,,,,,,16.720589,16.180798,,,230.8815,731.18127,,,,,247.27922,417.57538,247.27922,417.57538,247.27922,417.57538,16.720589,16.180798,,,1,,2.3890646,2.3890646,2.3890646,.58698529,.58698529,.58698529,1,,1,,32.98872,,,8.680871,8.680871,8.680871,1,,1,,2.3890648,2.3890648,2.3890648,.85768652,.85768652,.85768652,1,,1,,107.95757,,,22.134186,22.134186,22.134186,1,
07Apr2020,Iran,133,3872,266,665,7744,19360,2089,62589,4178,10445,125178,312945,27039,2803,6.3666825,31678,132.08035,2159.3125,168.70255,6686.9453,39.637489,5271.7861,,,,,,,,,,,,,,,,,,,,,,,,23657.881,27513.371,19779.568,4672.3628,5433.8105,3906.4072,1583.266,1933.3439,1309.8497,576.11731,690.26788,487.86356,317.74561,,,9250.458,,,317.30902,317.30902,317.30902,9209.8975,9209.8975,9209.8975,133,,,3872,,,132.81726,132.81726,132.81726,3855.022,3855.022,3855.022,12.069925,73416.117,63407.363,83282.555,6604848.5,7774936,5538995.5,317.74561,,,9250.458,,,317.30902,317.30902,317.30902,9209.8975,9209.8975,9209.8975,12.069925,,,,,,,317.74561,,,9250.458,,,317.30902,317.30902,317.30902,9209.8975,9209.8975,9209.8975,12.069925,,,,,,,.37693188,,,10.973536,,,.376414,.376414,.376414,10.925419,10.925419,10.925419,.15777384,,,4.593235,,,.15755706,.15755706,.15755706,4.5730948,4.5730948,4.5730948,2.4781168,87.091293,75.218216,98.795555,.43280089,,,,,,,,,366.98276,119074.13,324.4679,103098.25,3285.8601,2946.0801,3605.1101,3285.8601,2946.0801,3605.1101,3285.8601,2946.0801,3605.1101,3303.98,3034.5901,3645.3701,3303.98,3034.5901,3645.3701,3303.98,3034.5901,3645.3701,78.970001,71.089996,89.720001,78.970001,71.089996,89.720001,78.970001,71.089996,89.720001,79.510002,69.989998,90.010002,79.510002,69.989998,90.010002,79.510002,69.989998,90.010002,1357816.4,1235234.5,1491540.5,1357816.4,1235234.5,1491540.5,1357816.4,1235234.5,1491540.5,1366398.6,1247186.5,1525288.8,1366398.6,1247186.5,1525288.8,1366398.6,1247186.5,1525288.8,18698.09,16844,21629.119,18698.09,16844,21629.119,18698.09,16844,21629.119,18911.859,16419.15,21505.811,18911.859,16419.15,21505.811,18911.859,16419.15,21505.811,2580.72,2873.5,3301.3601,2580.72,2873.5,3301.3601,2580.72,2873.5,3301.3601,2529.6001,2896.5801,3298.72,2529.6001,2896.5801,3298.72,2529.6001,2896.5801,3298.72,249.99001,279.60001,327.85999,249.99001,279.60001,327.85999,249.99001,279.60001,327.85999,243.32001,282.53,325.07999,243.32001,282.53,325.07999,243.32001,282.53,325.07999,1040.61,1155.24,1315.55,1040.61,1155.24,1315.55,1040.61,1155.24,1315.55,1022.83,1163.59,1319.0601,1022.83,1163.59,1319.0601,1022.83,1163.59,1319.0601,71.370003,79.82,93.599998,71.370003,79.82,93.599998,71.370003,79.82,93.599998,69.459999,80.660004,92.809998,69.459999,80.660004,92.809998,69.459999,80.660004,92.809998,115550.33,128041.9,147391.94,115550.33,128041.9,147391.94,115550.33,128041.9,147391.94,112705.3,129480.5,146802.48,112705.3,129480.5,146802.48,112705.3,129480.5,146802.48,.63999999,.69999999,.75,.63999999,.69999999,.75,.63999999,.69999999,.75,.64999998,.69999999,.75999999,.64999998,.69999999,.75999999,.64999998,.69999999,.75999999,.66000003,.70999998,.75999999,.66000003,.70999998,.75999999,.66000003,.70999998,.75999999,.67000002,.70999998,.76999998,.67000002,.70999998,.76999998,.67000002,.70999998,.76999998,.4223426,.42204937,.41481116,.4223426,.42204937,.41481116,.4223426,.42204937,.41481116,.42042404,.42627051,.41853806,.42042404,.42627051,.41853806,.42042404,.42627051,.41853806,189.98169,68157.422,358.75784,28331.107,3872,3872,3872,133,133,133,62589,62589,62589,2089,2089,2089,6.3666825,6.3666825,6.3666825,167.9077,7854.3999,46.77808,6221.4849,,,,,,,,,,,,,,,,,,,,15.706767,16.164515,,,231.05313,714.00232,,,,,236.7746,413.23013,236.7746,413.23013,236.7746,413.23013,15.706767,16.164515,,,1,,2.3890648,2.3890648,2.3890648,.59375942,.59375942,.59375942,1,,1,,35.144146,,,8.950737,8.950737,8.950737,1,,1,,2.3890646,2.3890646,2.3890646,.84862089,.84862089,.84862089,1,,1,,105.52731,,,21.69417,21.69417,21.69417,1,
08Apr2020,Iran,121,3993,242,605,7986,19965,1997,64586,3994,9985,129172,322930,29812,2773,6.0590887,30781,128.63393,2044.125,168.70255,6686.9453,39.637489,4796.1362,,,,,,,,,,,,,,,,,,,,,,,,22965.143,26890.066,19256.719,4309.5605,5046.0981,3613.6501,1522.04,1859.1459,1270.3215,550.76404,659.99579,463.57101,289.07681,,,9539.5352,,,307.30835,307.30835,307.30835,9517.2051,9517.2051,9517.2051,121,,,3993,,,128.63124,128.63124,128.63124,3983.6533,3983.6533,3983.6533,12.260006,71991.117,62296.875,81356.414,6676840,7856292.5,5601292,289.07681,,,9539.5352,,,307.30835,307.30835,307.30835,9517.2051,9517.2051,9517.2051,12.260006,,,,,,,289.07681,,,9539.5352,,,307.30835,307.30835,307.30835,9517.2051,9517.2051,9517.2051,12.260006,,,,,,,.34292299,,,11.316459,,,.3645505,.3645505,.3645505,11.289969,11.289969,11.289969,.14353859,,,4.736774,,,.1525913,.1525913,.1525913,4.7256861,4.7256861,4.7256861,2.3689799,85.400864,73.900879,96.510628,.40154511,,,,,,,,,366.98276,119074.13,324.4679,93796.148,3363.97,3018.0601,3687.9399,3363.97,3018.0601,3687.9399,3363.97,3018.0601,3687.9399,3382.6499,3103.76,3736.1599,3382.6499,3103.76,3736.1599,3382.6499,3103.76,3736.1599,78.110001,70.269997,89.019997,78.110001,70.269997,89.019997,78.110001,70.269997,89.019997,78.669998,69.089996,89.199997,78.669998,69.089996,89.199997,78.669998,69.089996,89.199997,1375507.4,1251453.6,1511250.3,1375507.4,1251453.6,1511250.3,1375507.4,1251453.6,1511250.3,1384292.8,1263266,1545471.1,1384292.8,1263266,1545471.1,1384292.8,1263266,1545471.1,17691.029,16016.48,20226.279,17691.029,16016.48,20226.279,17691.029,16016.48,20226.279,17894.16,15642.76,20238.83,17894.16,15642.76,20238.83,17894.16,15642.76,20238.83,2549.5,2839.1699,3270.21,2549.5,2839.1699,3270.21,2549.5,2839.1699,3270.21,2495.8101,2862.8601,3264.45,2495.8101,2862.8601,3264.45,2495.8101,2862.8601,3264.45,244.31,272.98001,319.64999,244.31,272.98001,319.64999,244.31,272.98001,319.64999,237.8,275.89999,316.98001,237.8,275.89999,316.98001,237.8,275.89999,316.98001,1028.88,1142.6899,1304.6899,1028.88,1142.6899,1304.6899,1028.88,1142.6899,1304.6899,1010.38,1151.29,1306.84,1010.38,1151.29,1306.84,1010.38,1151.29,1306.84,69.75,77.93,91.260002,69.75,77.93,91.260002,69.75,77.93,91.260002,67.889999,78.769997,90.5,67.889999,78.769997,90.5,67.889999,78.769997,90.5,110516.69,121960.67,139061.06,110516.69,121960.67,139061.06,110516.69,121960.67,139061.06,108128.98,123340.66,139352.19,108128.98,123340.66,139352.19,108128.98,123340.66,139352.19,.63999999,.69999999,.75,.63999999,.69999999,.75,.63999999,.69999999,.75,.64999998,.69999999,.75999999,.64999998,.69999999,.75999999,.64999998,.69999999,.75999999,.66000003,.70999998,.75999999,.66000003,.70999998,.75999999,.66000003,.70999998,.75999999,.67000002,.70999998,.76999998,.67000002,.70999998,.76999998,.67000002,.70999998,.76999998,.44152322,.43873557,.44012049,.44152322,.43873557,.44012049,.44152322,.43873557,.44012049,.43964064,.44167396,.44073692,.43964064,.44167396,.44073692,.43964064,.44167396,.44073692,189.98169,68157.422,358.75784,28022.576,3993,3993,3993,121,121,121,64586,64586,64586,1997,1997,1997,6.0590887,6.0590887,6.0590887,167.9077,7854.3999,46.77808,5660.1475,,,,,,,,,,,,,,,,,,,,16.504131,16.174807,,,249.03802,699.91254,,,,,226.48866,408.89407,226.48866,408.89407,226.48866,408.89407,16.504131,16.174807,,,1,,2.3890646,2.3890646,2.3890646,.6455372,.6455372,.6455372,1,,1,,36.049633,,,8.8588028,8.8588028,8.8588028,1,,1,,2.3890646,2.3890646,2.3890646,.84246683,.84246683,.84246683,1,,1,,103.37906,,,21.297298,21.297298,21.297298,1,
09Apr2020,Iran,117,4110,234,585,8220,20550,1634,66220,3268,8170,132440,331100,32309,2497,7.1603427,29801,124.72321,1939.7858,168.70255,6686.9453,39.637489,4637.5864,,,,,,,,,,,,,,,,,,,,,,,,22242.387,26227.676,18659.34,3923.5356,4626.5366,3291.4895,1465.0775,1788.0806,1226.8328,527.27301,631.25964,447.13699,279.52057,,,9819.0557,,,296.09393,296.09393,296.09393,9813.2988,9813.2988,9813.2988,117,,,4110,,,123.93717,123.93717,123.93717,4107.5903,4107.5903,4107.5903,12.431135,70730.961,61336.996,79749.711,6747571,7936042.5,5662629,279.52057,,,9819.0557,,,296.09393,296.09393,296.09393,9813.2988,9813.2988,9813.2988,12.431135,,,,,,,279.52057,,,9819.0557,,,296.09393,296.09393,296.09393,9813.2988,9813.2988,9813.2988,12.431135,,,,,,,.33158669,,,11.648046,,,.35124716,.35124716,.35124716,11.641217,11.641217,11.641217,.13879353,,,4.8755674,,,.14702287,.14702287,.14702287,4.8727088,4.8727088,4.8727088,1.9383643,83.905975,72.762207,94.604645,.39518842,,,,,,,,,366.98276,119074.13,324.4679,90695.453,3441.2,3091.6399,3769.76,3441.2,3091.6399,3769.76,3441.2,3091.6399,3769.76,3460.47,3173.1699,3826.1699,3460.47,3173.1699,3826.1699,3460.47,3173.1699,3826.1699,77.230003,69.449997,88.269997,77.230003,69.449997,88.269997,77.230003,69.449997,88.269997,77.809998,68.209999,88.370003,77.809998,68.209999,88.370003,77.809998,68.209999,88.370003,1392261.3,1266670.3,1529802.3,1392261.3,1266670.3,1529802.3,1392261.3,1266670.3,1529802.3,1401239.9,1278538.3,1564429.8,1401239.9,1278538.3,1564429.8,1401239.9,1278538.3,1564429.8,16753.881,15216.59,18932.6,16753.881,15216.59,18932.6,16753.881,15216.59,18932.6,16947.119,14994.1,19205.699,16947.119,14994.1,19205.699,16947.119,14994.1,19205.699,2515.04,2800.97,3232.6599,2515.04,2800.97,3232.6599,2515.04,2800.97,3232.6599,2459.52,2825.1699,3224.3701,2459.52,2825.1699,3224.3701,2459.52,2825.1699,3224.3701,237.42999,264.82999,309.07001,237.42999,264.82999,309.07001,237.42999,264.82999,309.07001,231.21001,267.70999,306.73999,231.21001,267.70999,306.73999,231.21001,267.70999,306.73999,1016.3,1128.9399,1291.88,1016.3,1128.9399,1291.88,1016.3,1128.9399,1291.88,997.09998,1137.75,1292.84,997.09998,1137.75,1292.84,997.09998,1137.75,1292.84,67.779999,75.610001,88.239998,67.779999,75.610001,88.239998,67.779999,75.610001,88.239998,66.010002,76.43,87.57,66.010002,76.43,87.57,66.010002,76.43,87.57,105585.63,116129.52,131128.69,105585.63,116129.52,131128.69,105585.63,116129.52,131128.69,104012.13,117452.49,132947.61,104012.13,117452.49,132947.61,104012.13,117452.49,132947.61,.63999999,.69999999,.75,.63999999,.69999999,.75,.63999999,.69999999,.75,.64999998,.69999999,.75,.64999998,.69999999,.75,.64999998,.69999999,.75,.66000003,.70999998,.75999999,.66000003,.70999998,.75999999,.66000003,.70999998,.75999999,.67000002,.70999998,.76999998,.67000002,.70999998,.76999998,.67000002,.70999998,.76999998,.46096784,.45640972,.46623284,.46096784,.45640972,.46623284,.46096784,.45640972,.46623284,.45913407,.45491228,.46012384,.45913407,.45491228,.46012384,.45913407,.45491228,.46012384,189.98169,68157.422,358.75784,27706.869,4110,4110,4110,117,117,117,66220,66220,66220,1634,1634,1634,7.1603427,7.1603427,7.1603427,167.9077,7854.3999,46.77808,5473.0352,,,,,,,,,,,,,,,,,,,,13.965812,16.111921,,,253.04385,687.19147,,,,,216.93488,404.58597,216.93488,404.58597,216.93488,404.58597,13.965812,16.111921,,,1,,2.3890648,2.3890648,2.3890648,.6600855,.6600855,.6600855,1,,1,,43.287003,,,10.253293,10.253293,10.253293,1,,1,,2.3890646,2.3890646,2.3890646,.83727491,.83727491,.83727491,1,,1,,101.89627,,,21.024784,21.024784,21.024784,1,
10Apr2020,Iran,122,4232,244,610,8464,21160,1972,68192,3944,9860,136384,340960,35465,3156,6.1866126,28495,120.58036,1851.9464,168.70255,6686.9453,39.637489,4835.7739,,,,,,,,,,,,,,,,,,,,,,,,21500.977,25509.525,18033.203,3549.0496,4210.7192,2976.6431,1412.3308,1720.2936,1187.8868,505.93161,605.91162,429.7915,291.46588,,,10110.521,,,284.38187,284.38187,284.38187,10097.681,10097.681,10097.681,122,,,4232,,,119.03481,119.03481,119.03481,4226.6255,4226.6255,4226.6255,12.579761,69626.102,60294.59,78653.398,6817197,8014696,5722924,291.46588,,,10110.521,,,284.38187,284.38187,284.38187,10097.681,10097.681,10097.681,12.579761,,,,,,,291.46588,,,10110.521,,,284.38187,284.38187,284.38187,10097.681,10097.681,10097.681,12.579761,,,,,,,.34575707,,,11.993803,,,.33735353,.33735353,.33735353,11.97857,11.97857,11.97857,.14472488,,,5.0202923,,,.14120737,.14120737,.14120737,5.0139165,5.0139165,5.0139165,2.3393233,82.595322,71.525627,93.304123,.41861582,,,,,,,,,366.98276,119074.13,324.4679,94571.32,3517.52,3164.3201,3850.52,3517.52,3164.3201,3850.52,3517.52,3164.3201,3850.52,3537.3799,3242.3899,3915.3201,3537.3799,3242.3899,3915.3201,3537.3799,3242.3899,3915.3201,76.309998,68.599998,87.449997,76.309998,68.599998,87.449997,76.309998,68.599998,87.449997,76.910004,67.300003,87.459999,76.910004,67.300003,87.459999,76.910004,67.300003,87.459999,1408148.8,1280967.6,1547290,1408148.8,1280967.6,1547290,1408148.8,1280967.6,1547290,1417311.6,1293061.8,1582266,1417311.6,1293061.8,1582266,1417311.6,1293061.8,1582266,15887.51,14460.68,17805.029,15887.51,14460.68,17805.029,15887.51,14460.68,17805.029,16071.66,14385.89,18283.4,16071.66,14385.89,18283.4,16071.66,14385.89,18283.4,2475.8,2757.74,3186.98,2475.8,2757.74,3186.98,2475.8,2757.74,3186.98,2419.8899,2782.3401,3176.9199,2419.8899,2782.3401,3176.9199,2419.8899,2782.3401,3176.9199,229.64999,255.53999,296.72,229.64999,255.53999,296.72,229.64999,255.53999,296.72,223.78999,258.35999,294.89001,223.78999,258.35999,294.89001,223.78999,258.35999,294.89001,1002.59,1113.64,1276.58,1002.59,1113.64,1276.58,1002.59,1113.64,1276.58,982.60999,1122.63,1276.59,982.60999,1122.63,1276.59,982.60999,1122.63,1276.59,65.559998,72.949997,84.709999,65.559998,72.949997,84.709999,65.559998,72.949997,84.709999,63.889999,73.760002,84.190002,63.889999,73.760002,84.190002,63.889999,73.760002,84.190002,100546.13,110557.69,123919.35,100546.13,110557.69,123919.35,100546.13,110557.69,123919.35,100042.26,111825.56,127034.84,100042.26,111825.56,127034.84,100042.26,111825.56,127034.84,.63999999,.69999999,.75,.63999999,.69999999,.75,.63999999,.69999999,.75,.64999998,.69999999,.75,.64999998,.69999999,.75,.64999998,.69999999,.75,.66000003,.70999998,.75999999,.66000003,.70999998,.75999999,.66000003,.70999998,.75999999,.67000002,.70999998,.76999998,.67000002,.70999998,.76999998,.67000002,.70999998,.76999998,.4803144,.47438985,.49115336,.4803144,.47438985,.49115336,.4803144,.47438985,.49115336,.47854424,.46781954,.4783574,.47854424,.46781954,.4783574,.47854424,.46781954,.4783574,189.98169,68157.422,358.75784,27376.811,4232,4232,4232,122,122,122,68192,68192,68192,1972,1972,1972,6.1866126,6.1866126,6.1866126,167.9077,7854.3999,46.77808,5706.9258,,,,,,,,,,,,,,,,,,,,16.163935,16.113422,,,238.88251,674.26758,,,,,208.19696,400.32431,208.19696,400.32431,208.19696,400.32431,16.163935,16.113422,,,1,,2.3890646,2.3890646,2.3890646,.6254918,.6254918,.6254918,1,,1,,35.307354,,,8.0565462,8.0565462,8.0565462,1,,1,,2.3890646,2.3890646,2.3890646,.83117205,.83117205,.83117205,1,,1,,99.970627,,,20.649765,20.649765,20.649765,1,
11Apr2020,Iran,125,4357,250,625,8714,21785,1837,70029,3674,9185,140058,350145,41947,6482,6.8045726,23725,116.29464,1777.0358,168.70255,6686.9453,39.637489,4954.686,,,,,,,,,,,,,,,,,,,,,,,,20752.439,24750.85,17401.24,3237.9885,3861.8579,2715.1033,1363.7034,1654.4348,1151.405,486.7182,582.51074,415.37241,298.63309,,,10409.154,,,272.80103,272.80103,272.80103,10370.482,10370.482,10370.482,125,,,4357,,,114.18738,114.18738,114.18738,4340.8125,4340.8125,4340.8125,12.704371,68667.766,59166.504,77720.961,6885864.5,8092416.5,5782090.5,298.63309,,,10409.154,,,272.80103,272.80103,272.80103,10370.482,10370.482,10370.482,12.704371,,,,,,,298.63309,,,10409.154,,,272.80103,272.80103,272.80103,10370.482,10370.482,10370.482,12.704371,,,,,,,.35425928,,,12.348062,,,.32361552,.32361552,.32361552,12.302186,12.302186,12.302186,.14828368,,,5.1685758,,,.13545699,.13545699,.13545699,5.1493735,5.1493735,5.1493735,2.179177,81.458473,70.187416,92.197998,.4348956,,,,,,,,,366.98276,119074.13,324.4679,96896.852,3592.8401,3236.01,3932.6299,3592.8401,3236.01,3932.6299,3592.8401,3236.01,3932.6299,3613.3101,3310.6799,4003.51,3613.3101,3310.6799,4003.51,3613.3101,3310.6799,4003.51,75.32,67.709999,86.510002,75.32,67.709999,86.510002,75.32,67.709999,86.510002,75.940002,66.339996,86.440002,75.940002,66.339996,86.440002,75.940002,66.339996,86.440002,1423231.4,1294419,1563795.1,1423231.4,1294419,1563795.1,1423231.4,1294419,1563795.1,1432570,1306887,1599068.5,1432570,1306887,1599068.5,1432570,1306887,1599068.5,15082.62,13800.34,16886.92,15082.62,13800.34,16886.92,15082.62,13800.34,16886.92,15258.39,13749.95,17423.699,15258.39,13749.95,17423.699,15258.39,13749.95,17423.699,2432.25,2708.8701,3132.28,2432.25,2708.8701,3132.28,2432.25,2708.8701,3132.28,2376.4299,2733.73,3121.27,2376.4299,2733.73,3121.27,2376.4299,2733.73,3121.27,221.3,245.52,283.26001,221.3,245.52,283.26001,221.3,245.52,283.26001,215.86,248.25999,282.01999,215.86,248.25999,282.01999,215.86,248.25999,282.01999,987.15997,1096.59,1258.5,987.15997,1096.59,1258.5,987.15997,1096.59,1258.5,966.89001,1105.73,1257.8101,966.89001,1105.73,1257.8101,966.89001,1105.73,1257.8101,63.18,70.089996,80.870003,63.18,70.089996,80.870003,63.18,70.089996,80.870003,61.619999,70.879997,80.510002,61.619999,70.879997,80.510002,61.619999,70.879997,80.510002,96261.031,105243.16,117696.09,96261.031,105243.16,117696.09,96261.031,105243.16,117696.09,95932.039,106457.96,121371.35,95932.039,106457.96,121371.35,95932.039,106457.96,121371.35,.63999999,.69999999,.75,.63999999,.69999999,.75,.63999999,.69999999,.75,.64999998,.69999999,.75,.64999998,.69999999,.75,.64999998,.69999999,.75,.66000003,.70999998,.75999999,.66000003,.70999998,.75999999,.66000003,.70999998,.75999999,.67000002,.70999998,.76999998,.67000002,.70999998,.76999998,.67000002,.70999998,.76999998,.49938273,.49064007,.51229,.49938273,.49064007,.51229,.49938273,.49064007,.51229,.49769342,.48247445,.49610591,.49769342,.48247445,.49610591,.49769342,.48247445,.49610591,189.98169,68157.422,358.75784,27021.641,4357,4357,4357,125,125,125,70029,70029,70029,1837,1837,1837,6.8045726,6.8045726,6.8045726,167.9077,7854.3999,46.77808,5847.2598,,,,,,,,,,,,,,,,,,,,14.696,16.072756,,,229.94025,661.52008,,,,,200.24721,396.12988,200.24721,396.12988,200.24721,396.12988,14.696,16.072756,,,1,,2.3890648,2.3890648,2.3890648,.60255998,.60255998,.60255998,1,,1,,37.380383,,,8.2104626,8.2104626,8.2104626,1,,1,,2.3890646,2.3890646,2.3890646,.82461327,.82461327,.82461327,1,,1,,98.328758,,,20.323458,20.323458,20.323458,1,
12Apr2020,Iran,117,4474,234,585,8948,22370,1657,71686,3314,8285,143372,358430,43894,1947,7.0609536,23318,111.91964,1713.4822,168.70255,6686.9453,39.637489,4637.5864,,,,,,,,,,,,,,,,,,,,,,,,20007.977,23969.924,16768.107,3025.9165,3625.1035,2535.9331,1319.062,1589.1494,1117.2062,469.58386,560.92682,402.63055,279.52057,,,10688.675,,,261.88861,261.88861,261.88861,10632.371,10632.371,10632.371,117,,,4474,,,109.61973,109.61973,109.61973,4450.4326,4450.4326,4450.4326,12.806306,67847.781,58490.41,76876.898,6953712.5,8169293.5,5840580.5,279.52057,,,10688.675,,,261.88861,261.88861,261.88861,10632.371,10632.371,10632.371,12.806306,,,,,,,279.52057,,,10688.675,,,261.88861,261.88861,261.88861,10632.371,10632.371,10632.371,12.806306,,,,,,,.33158669,,,12.679648,,,.31067047,.31067047,.31067047,12.612856,12.612856,12.612856,.13879353,,,5.3073692,,,.13003853,.13003853,.13003853,5.2794118,5.2794118,5.2794118,1.9656484,80.485748,69.385384,91.196716,.41198188,,,,,,,,,366.98276,119074.13,324.4679,90695.453,3667.0801,3306.5901,4014.22,3667.0801,3306.5901,4014.22,3667.0801,3306.5901,4014.22,3688.1799,3377.97,4090.5801,3688.1799,3377.97,4090.5801,3688.1799,3377.97,4090.5801,74.239998,66.739998,85.410004,74.239998,66.739998,85.410004,74.239998,66.739998,85.410004,74.870003,65.32,85.290001,74.870003,65.32,85.290001,74.870003,65.32,85.290001,1437560.6,1307086.1,1579386.1,1437560.6,1307086.1,1579386.1,1437560.6,1307086.1,1579386.1,1447067.1,1320056.4,1614911.3,1447067.1,1320056.4,1614911.3,1447067.1,1320056.4,1614911.3,14329.24,13130.97,16096.95,14329.24,13130.97,16096.95,14329.24,13130.97,16096.95,14497.18,13083.19,16579.891,14497.18,13083.19,16579.891,14497.18,13083.19,16579.891,2384.27,2654.24,3068.4099,2384.27,2654.24,3068.4099,2384.27,2654.24,3068.4099,2329.04,2679.24,3057.29,2329.04,2679.24,3057.29,2329.04,2679.24,3057.29,212.67,235.14999,269.26001,212.67,235.14999,269.26001,212.67,235.14999,269.26001,207.60001,237.8,268.73999,207.60001,237.8,268.73999,207.60001,237.8,268.73999,970.22998,1077.72,1237.53,970.22998,1077.72,1237.53,970.22998,1077.72,1237.53,949.94,1086.97,1236.41,949.94,1086.97,1236.41,949.94,1086.97,1236.41,60.709999,67.129997,76.870003,60.709999,67.129997,76.870003,60.709999,67.129997,76.870003,59.259998,67.889999,76.720001,59.259998,67.889999,76.720001,59.259998,67.889999,76.720001,91828.758,100178.05,112260.24,91828.758,100178.05,112260.24,91828.758,100178.05,112260.24,91442.359,101341.84,115727.37,91442.359,101341.84,115727.37,91442.359,101341.84,115727.37,.63999999,.69999999,.75,.63999999,.69999999,.75,.63999999,.69999999,.75,.64999998,.69999999,.75,.64999998,.69999999,.75,.64999998,.69999999,.75,.66000003,.70999998,.75999999,.66000003,.70999998,.75999999,.66000003,.70999998,.75999999,.67000002,.70999998,.76999998,.67000002,.70999998,.76999998,.67000002,.70999998,.76999998,.51810145,.50826406,.53059745,.51810145,.50826406,.53059745,.51810145,.50826406,.53059745,.51644528,.49926659,.51441836,.51644528,.49926659,.51441836,.51644528,.49926659,.51441836,189.98169,68157.422,358.75784,26634.182,4474,4474,4474,117,117,117,71686,71686,71686,1657,1657,1657,7.0609536,7.0609536,7.0609536,167.9077,7854.3999,46.77808,5473.0352,,,,,,,,,,,,,,,,,,,,14.162394,16.022799,,,242.72913,650.56824,,,,,193.01241,392.01779,193.01241,392.01779,193.01241,392.01779,14.162394,16.022799,,,1,,2.3890648,2.3890648,2.3890648,.63452989,.63452989,.63452989,1,,1,,40.946156,,,8.6477013,8.6477013,8.6477013,1,,1,,2.3890646,2.3890646,2.3890646,.81964242,.81964242,.81964242,1,,1,,97.00238,,,20.053576,20.053576,20.053576,1,
13Apr2020,Iran,111,4585,222,555,9170,22925,1617,73303,3234,8085,146606,366515,45983,2089,6.8645639,22735,107.375,1660.6875,168.70255,6686.9453,39.637489,4399.7612,,,,,,,,,,,,,,,,,,,,,,,,19277.484,23156.641,16189.316,2903.0764,3487.2546,2438.0164,1278.2568,1527.0115,1078.5674,454.46811,541.11688,390.73303,265.18619,,,10953.861,,,252.08627,252.08627,252.08627,10884.457,10884.457,10884.457,111,,,4585,,,105.51672,105.51672,105.51672,4555.9492,4555.9492,4555.9492,12.889263,67158.836,57946.902,76504.602,7020871.5,8245798,5898527.5,265.18619,,,10953.861,,,252.08627,252.08627,252.08627,10884.457,10884.457,10884.457,12.889263,,,,,,,265.18619,,,10953.861,,,252.08627,252.08627,252.08627,10884.457,10884.457,10884.457,12.889263,,,,,,,.31458226,,,12.994231,,,.29904225,.29904225,.29904225,12.911899,12.911899,12.911899,.1316759,,,5.4390454,,,.12517126,.12517126,.12517126,5.404583,5.404583,5.404583,1.9181976,79.668472,68.740639,90.755074,.39486417,,,,,,,,,366.98276,119074.13,324.4679,86044.406,3740.1299,3375.9299,4094.47,3740.1299,3375.9299,4094.47,3740.1299,3375.9299,4094.47,3761.8601,3444.1599,4176.3701,3761.8601,3444.1599,4176.3701,3761.8601,3444.1599,4176.3701,73.050003,65.660004,84.139999,73.050003,65.660004,84.139999,73.050003,65.660004,84.139999,73.68,64.230003,83.970001,73.68,64.230003,83.970001,73.68,64.230003,83.970001,1451180.1,1319021.6,1594121.3,1451180.1,1319021.6,1594121.3,1451180.1,1319021.6,1594121.3,1460847.3,1332605.5,1629857.4,1460847.3,1332605.5,1629857.4,1460847.3,1332605.5,1629857.4,13619.55,12480.5,15382.21,13619.55,12480.5,15382.21,13619.55,12480.5,15382.21,13780.1,12449.02,15781.28,13780.1,12449.02,15781.28,13780.1,12449.02,15781.28,2332.04,2594.1201,2995.8601,2332.04,2594.1201,2995.8601,2332.04,2594.1201,2995.8601,2277.8899,2619.1399,2985.4099,2277.8899,2619.1399,2985.4099,2277.8899,2619.1399,2985.4099,203.97,224.71001,255.17,203.97,224.71001,255.17,203.97,224.71001,255.17,200.14999,227.27,256.95001,200.14999,227.27,256.95001,200.14999,227.27,256.95001,951.94,1057.09,1213.76,951.94,1057.09,1213.76,951.94,1057.09,1213.76,931.78998,1066.39,1212.46,931.78998,1066.39,1212.46,931.78998,1066.39,1212.46,58.23,64.150002,72.849998,58.23,64.150002,72.849998,58.23,64.150002,72.849998,57.139999,64.879997,73.349998,57.139999,64.879997,73.349998,57.139999,64.879997,73.349998,87402.5,95352.047,107410.47,87402.5,95352.047,107410.47,87402.5,95352.047,107410.47,87156.688,96466.844,110387.31,87156.688,96466.844,110387.31,87156.688,96466.844,110387.31,.63999999,.69999999,.75,.63999999,.69999999,.75,.63999999,.69999999,.75,.64999998,.69999999,.75,.64999998,.69999999,.75,.64999998,.69999999,.75,.66000003,.70999998,.75999999,.66000003,.70999998,.75999999,.66000003,.70999998,.75999999,.67000002,.70999998,.76999998,.67000002,.70999998,.76999998,.67000002,.70999998,.76999998,.53636134,.52610075,.54699552,.53636134,.52610075,.54699552,.53636134,.52610075,.54699552,.53468406,.5159443,.53208613,.53468406,.5159443,.53208613,.53468406,.5159443,.53208613,189.98169,68157.422,358.75784,26207.262,4585,4585,4585,111,111,111,73303,73303,73303,1617,1617,1617,6.8645639,6.8645639,6.8645639,167.9077,7854.3999,46.77808,5192.3667,,,,,,,,,,,,,,,,,,,,14.567568,15.987568,,,253.25163,640.94946,,,,,186.44147,388.00259,186.44147,388.00259,186.44147,388.00259,14.567568,15.987568,,,1,,2.3890648,2.3890648,2.3890648,.65810812,.65810812,.65810812,1,,1,,41.532986,,,8.4227276,8.4227276,8.4227276,1,,1,,2.3890646,2.3890646,2.3890646,.8157317,.8157317,.8157317,1,,1,,95.778778,,,19.797009,19.797009,19.797009,1,
14Apr2020,Iran,98,4683,196,490,9366,23415,1574,74877,3148,7870,149754,374385,48129,2146,6.2261753,22065,102.625,1608.8928,168.70255,6686.9453,39.637489,3884.4739,,,,,,,,,,,,,,,,,,,,,,,,18569.004,22344.76,15615.136,2831.7908,3407.5974,2381.323,1241.1154,1466.844,1047.9761,441.15802,521.21143,379.29865,234.12834,,,11187.99,,,243.50328,243.50328,243.50328,11127.96,11127.96,11127.96,98,,,4683,,,101.92411,101.92411,101.92411,4657.873,4657.873,4657.873,12.957863,66594.109,57290.512,76343.172,7087465.5,8322141.5,5955818,234.12834,,,11187.99,,,243.50328,243.50328,243.50328,11127.96,11127.96,11127.96,12.957863,,,,,,,234.12834,,,11187.99,,,243.50328,243.50328,243.50328,11127.96,11127.96,11127.96,12.957863,,,,,,,.27773929,,,13.27197,,,.2888605,.2888605,.2888605,13.200759,13.200759,13.200759,.1162544,,,5.5552998,,,.12090945,.12090945,.12090945,5.5254927,5.5254927,5.5254927,1.8671881,78.998558,67.961983,90.563568,.35157517,,,,,,,,,366.98276,119074.13,324.4679,75967.133,3811.8701,3443.8899,4173.2402,3811.8701,3443.8899,4173.2402,3811.8701,3443.8899,4173.2402,3834.24,3509.1599,4260.7002,3834.24,3509.1599,4260.7002,3834.24,3509.1599,4260.7002,71.739998,64.489998,82.669998,71.739998,64.489998,82.669998,71.739998,64.489998,82.669998,72.379997,63.060001,82.480003,72.379997,63.060001,82.480003,72.379997,63.060001,82.480003,1464128.3,1330271.5,1608051,1464128.3,1330271.5,1608051,1464128.3,1330271.5,1608051,1473948.9,1344566,1643961.5,1473948.9,1344566,1643961.5,1473948.9,1344566,1643961.5,12948.08,11856.68,14702.01,12948.08,11856.68,14702.01,12948.08,11856.68,14702.01,13101.62,11808.8,15015.34,13101.62,11808.8,15015.34,13101.62,11808.8,15015.34,2276,2529.0901,2915.53,2276,2529.0901,2915.53,2276,2529.0901,2915.53,2223.3301,2553.99,2906.46,2223.3301,2553.99,2906.46,2223.3301,2553.99,2906.46,194.3,214.39999,241.44,194.3,214.39999,241.44,194.3,214.39999,241.44,192.77,216.85001,245.88,192.77,216.85001,245.88,192.77,216.85001,245.88,932.37,1034.8,1187.37,932.37,1034.8,1187.37,932.37,1034.8,1187.37,912.45001,1044.13,1186.14,912.45001,1044.13,1186.14,912.45001,1044.13,1186.14,55.470001,61.209999,68.93,55.470001,61.209999,68.93,55.470001,61.209999,68.93,55.029999,61.91,70.190002,55.029999,61.91,70.190002,55.029999,61.91,70.190002,83181.594,90754.227,102763.39,83181.594,90754.227,102763.39,83181.594,90754.227,102763.39,82896.172,91821.969,105151.44,82896.172,91821.969,105151.44,82896.172,91821.969,105151.44,.63999999,.69999999,.75,.63999999,.69999999,.75,.63999999,.69999999,.75,.64999998,.69999999,.75,.64999998,.69999999,.75,.64999998,.69999999,.75,.66000003,.70999998,.75999999,.66000003,.70999998,.75999999,.66000003,.70999998,.75999999,.67000002,.70999998,.76999998,.67000002,.70999998,.76999998,.67000002,.70999998,.76999998,.55405897,.54391277,.56230408,.55405897,.54391277,.56230408,.55405897,.54391277,.56230408,.55245072,.53400856,.54930496,.55245072,.53400856,.54930496,.55245072,.53400856,.54930496,189.98169,68157.422,358.75784,25737.287,4683,4683,4683,98,98,98,74877,74877,74877,1574,1574,1574,6.2261753,6.2261753,6.2261753,167.9077,7854.3999,46.77808,4584.252,,,,,,,,,,,,,,,,,,,,16.061224,15.98911,,,284.4342,633.48871,,,,,180.48621,384.09711,180.48621,384.09711,180.48621,384.09711,16.061224,15.98911,,,1,,2.3890648,2.3890648,2.3890648,.73204082,.73204082,.73204082,1,,1,,42.308838,,,8.2262259,8.2262259,8.2262259,1,,1,,2.3890648,2.3890648,2.3890648,.8139804,.8139804,.8139804,1,,1,,94.654778,,,19.553778,19.553778,19.553778,1,
15Apr2020,Iran,94,4777,188,470,9554,23885,1512,76389,3024,7560,152778,381945,49933,1804,6.2169313,21679,97.946426,1558.2053,168.70255,6686.9453,39.637489,3725.9241,,,,,,,,,,,,,,,,,,,,,,,,17888.795,21536.539,15040.155,2784.3848,3352.155,2340.9951,1207.4357,1410.5039,1022.0229,429.3093,502.34009,368.14368,224.57208,,,11412.562,,,235.97217,235.97217,235.97217,11363.933,11363.933,11363.933,94,,,4777,,,98.771782,98.771782,98.771782,4756.645,4756.645,4756.645,13.01613,66147.227,56787.828,76077.617,7153612.5,8398219,6012606,224.57208,,,11412.562,,,235.97217,235.97217,235.97217,11363.933,11363.933,11363.933,13.01613,,,,,,,224.57208,,,11412.562,,,235.97217,235.97217,235.97217,11363.933,11363.933,11363.933,13.01613,,,,,,,.26640299,,,13.538373,,,.27992657,.27992657,.27992657,13.480685,13.480685,13.480685,.11150932,,,5.6668091,,,.11716995,.11716995,.11716995,5.6426625,5.6426625,5.6426625,1.7936394,78.468437,67.365662,90.24855,.33950341,,,,,,,,,366.98276,119074.13,324.4679,72866.43,3882.1799,3510.3401,4250.3901,3882.1799,3510.3401,4250.3901,3882.1799,3510.3401,4250.3901,3905.1899,3572.8701,4343.3999,3905.1899,3572.8701,4343.3999,3905.1899,3572.8701,4343.3999,70.309998,63.23,81.019997,70.309998,63.23,81.019997,70.309998,63.23,81.019997,70.949997,61.810001,80.82,70.949997,61.810001,80.82,70.949997,61.810001,80.82,1476439.4,1340877,1621221.1,1476439.4,1340877,1621221.1,1476439.4,1340877,1621221.1,1486406.9,1355966.4,1657272.8,1486406.9,1355966.4,1657272.8,1486406.9,1355966.4,1657272.8,12311.12,11253.73,14081.81,12311.12,11253.73,14081.81,12311.12,11253.73,14081.81,12457.98,11223.29,14288.08,12457.98,11223.29,14288.08,12457.98,11223.29,14288.08,2216.6799,2459.8301,2828.5601,2216.6799,2459.8301,2828.5601,2216.6799,2459.8301,2828.5601,2165.6499,2484.52,2821.49,2165.6499,2484.52,2821.49,2165.6499,2484.52,2821.49,186.17999,204.34,228.62,186.17999,204.34,228.62,186.17999,204.34,228.62,185.53999,206.7,235.19,185.53999,206.7,235.19,185.53999,206.7,235.19,911.65997,1011.02,1158.65,911.65997,1011.02,1158.65,911.65997,1011.02,1158.65,891.92999,1020.34,1157.6899,891.92999,1020.34,1157.6899,891.92999,1020.34,1157.6899,53.150002,58.330002,65.260002,53.150002,58.330002,65.260002,53.150002,58.330002,65.260002,52.970001,59.009998,67.139999,52.970001,59.009998,67.139999,52.970001,59.009998,67.139999,79039.32,86373.867,98395.133,79039.32,86373.867,98395.133,79039.32,86373.867,98395.133,78689.617,87396.438,100157.78,78689.617,87396.438,100157.78,78689.617,87396.438,100157.78,.63999999,.69999999,.75,.63999999,.69999999,.75,.63999999,.69999999,.75,.64999998,.69999999,.75,.64999998,.69999999,.75,.64999998,.69999999,.75,.66000003,.70999998,.75999999,.66000003,.70999998,.75999999,.66000003,.70999998,.75999999,.67000002,.70999998,.76999998,.67000002,.70999998,.76999998,.67000002,.70999998,.76999998,.57110965,.56185812,.57535219,.57110965,.56185812,.57535219,.57110965,.56185812,.57535219,.56951445,.55072981,.56564635,.56951445,.55072981,.56564635,.56951445,.55072981,.56564635,189.98169,68157.422,358.75784,25224.264,4777,4777,4777,94,94,94,76389,76389,76389,1512,1512,1512,6.2169313,6.2169313,6.2169313,167.9077,7854.3999,46.77808,4397.1396,,,,,,,,,,,,,,,,,,,,16.085106,15.990998,,,294.54785,626.81921,,,,,175.09772,380.31195,175.09772,380.31195,175.09772,380.31195,16.085106,15.990998,,,1,,2.3890648,2.3890648,2.3890648,.74797869,.74797869,.74797869,1,,1,,43.748165,,,8.1422749,8.1422749,8.1422749,1,,1,,2.3890646,2.3890646,2.3890646,.81268156,.81268156,.81268156,1,,1,,93.647156,,,19.327906,19.327906,19.327906,1,
16Apr2020,Iran,92,4869,184,460,9738,24345,1606,77995,3212,8030,155990,389975,52229,2296,5.728518,20897,93.95536,1509.4553,168.70255,6686.9453,39.637489,3646.6489,,,,,,,,,,,,,,,,,,,,,,,,17241.521,20754.141,14491.422,2738.0605,3295.8862,2301.3276,1177.006,1358.0652,999.16058,418.61493,484.54886,360.02258,219.79395,,,11632.355,,,229.33618,229.33618,229.33618,11593.269,11593.269,11593.269,92,,,4869,,,95.994125,95.994125,95.994125,4852.6392,4852.6392,4852.6392,13.066699,65812.031,56899.781,75996.102,7219424.5,8474215,6069505.5,219.79395,,,11632.355,,,229.33618,229.33618,229.33618,11593.269,11593.269,11593.269,13.066699,,,,,,,219.79395,,,11632.355,,,229.33618,229.33618,229.33618,11593.269,11593.269,11593.269,13.066699,,,,,,,.26073483,,,13.799108,,,.27205449,.27205449,.27205449,13.75274,13.75274,13.75274,.10913679,,,5.7759457,,,.1138749,.1138749,.1138749,5.7565374,5.7565374,5.7565374,1.9051487,78.070801,67.498466,90.151855,.33397228,,,,,,,,,366.98276,119074.13,324.4679,71316.078,3950.95,3575.1499,4326.46,3950.95,3575.1499,4326.46,3950.95,3575.1499,4326.46,3974.6001,3635.2,4423.8999,3974.6001,3635.2,4423.8999,3974.6001,3635.2,4423.8999,68.760002,61.869999,79.169998,68.760002,61.869999,79.169998,68.760002,61.869999,79.169998,69.410004,60.490002,78.980003,69.410004,60.490002,78.980003,69.410004,60.490002,78.980003,1488145.5,1350876,1633673.6,1488145.5,1350876,1633673.6,1488145.5,1350876,1633673.6,1498253.4,1366833,1669836.4,1498253.4,1366833,1669836.4,1498253.4,1366833,1669836.4,11706.08,10681.73,13502.99,11706.08,10681.73,13502.99,11706.08,10681.73,13502.99,11846.56,10717.44,13596.59,11846.56,10717.44,13596.59,11846.56,10717.44,13596.59,2154.6799,2387.1599,2736.23,2154.6799,2387.1599,2736.23,2154.6799,2387.1599,2736.23,2104.6599,2411.54,2731.6299,2104.6599,2411.54,2731.6299,2104.6599,2411.54,2731.6299,178.09,194.62,217.81,178.09,194.62,217.81,178.09,194.62,217.81,177.42,196.88,224.82001,177.42,196.88,224.82001,177.42,196.88,224.82001,889.96002,985.96002,1127.91,889.96002,985.96002,1127.91,889.96002,985.96002,1127.91,870.46997,995.23999,1127.41,870.46997,995.23999,1127.41,870.46997,995.23999,1127.41,50.84,55.560001,62.18,50.84,55.560001,62.18,50.84,55.560001,62.18,50.650002,56.200001,64.18,50.650002,56.200001,64.18,50.650002,56.200001,64.18,75089.953,82200.789,94442.703,75089.953,82200.789,94442.703,75089.953,82200.789,94442.703,75121.602,83180.023,95395.273,75121.602,83180.023,95395.273,75121.602,83180.023,95395.273,.63999999,.69999999,.75,.63999999,.69999999,.75,.63999999,.69999999,.75,.64999998,.69999999,.75,.64999998,.69999999,.75,.64999998,.69999999,.75,.66000003,.70999998,.75999999,.66000003,.70999998,.75999999,.66000003,.70999998,.75999999,.67000002,.70999998,.76999998,.67000002,.70999998,.76999998,.67000002,.70999998,.76999998,.58738708,.57921326,.58631456,.58738708,.57921326,.58631456,.58738708,.57921326,.58631456,.58590853,.56440717,.580881,.58590853,.56440717,.580881,.58590853,.56440717,.580881,189.98169,68157.422,358.75784,24668.189,4869,4869,4869,92,92,92,77995,77995,77995,1606,1606,1606,5.728518,5.728518,5.728518,167.9077,7854.3999,46.77808,4303.5835,,,,,,,,,,,,,,,,,,,,17.456522,16.01869,,,299.42606,620.63306,,,,,170.24548,376.65512,170.24548,376.65512,170.24548,376.65512,17.456522,16.01869,,,1,,2.3890646,2.3890646,2.3890646,.74739134,.74739134,.74739134,1,,1,,40.978848,,,7.2889667,7.2889667,7.2889667,1,,1,,2.3890646,2.3890646,2.3890646,.81145,.81145,.81145,1,,1,,92.56266,,,19.080011,19.080011,19.080011,1,
17Apr2020,Iran,89,4958,178,445,9916,24790,1499,79494,2998,7495,158988,397470,54064,1835,5.9372916,20472,90.928574,1458.7769,168.70255,6686.9453,39.637489,3527.7366,,,,,,,,,,,,,,,,,,,,,,,,16630.467,20052.576,13982.475,2687.5579,3240.5862,2259.6306,1149.624,1314.1489,982.79047,408.90738,467.78488,352.93188,212.62675,,,11844.982,,,223.45779,223.45779,223.45779,11816.727,11816.727,11816.727,89,,,4958,,,93.533592,93.533592,93.533592,4946.1729,4946.1729,4946.1729,13.110871,65582.477,57063.504,75989.555,7285007,8550205,6126569,212.62675,,,11844.982,,,223.45779,223.45779,223.45779,11816.727,11816.727,11816.727,13.110871,,,,,,,212.62675,,,11844.982,,,223.45779,223.45779,223.45779,11816.727,11816.727,11816.727,13.110871,,,,,,,.25223261,,,14.051341,,,.26508117,.26508117,.26508117,14.017821,14.017821,14.017821,.10557798,,,5.8815236,,,.11095604,.11095604,.11095604,5.8674936,5.8674936,5.8674936,1.7782179,77.798485,67.692688,90.144089,.32421276,,,,,,,,,366.98276,119074.13,324.4679,68990.555,4018.05,3638.2,4401.7798,4018.05,3638.2,4401.7798,4018.05,3638.2,4401.7798,4042.3501,3696.05,4500.8999,4042.3501,3696.05,4500.8999,4042.3501,3696.05,4500.8999,67.110001,60.439999,77.160004,67.110001,60.439999,77.160004,67.110001,60.439999,77.160004,67.75,59.080002,77,67.75,59.080002,77,67.75,59.080002,77,1499276.5,1360303.9,1645447.6,1499276.5,1360303.9,1645447.6,1499276.5,1360303.9,1645447.6,1509518.8,1377190.9,1681694.3,1509518.8,1377190.9,1681694.3,1509518.8,1377190.9,1681694.3,11131,10138.78,12815.68,11131,10138.78,12815.68,11131,10138.78,12815.68,11265.37,10233.52,12938.67,11265.37,10233.52,12938.67,11265.37,10233.52,12938.67,2090.6201,2311.8701,2639.8,2090.6201,2311.8701,2639.8,2090.6201,2311.8701,2639.8,2045.5,2335.8501,2638.0601,2045.5,2335.8501,2638.0601,2045.5,2335.8501,2638.0601,169.75999,185.27,208.07001,169.75999,185.27,208.07001,169.75999,185.27,208.07001,169.12,187.44,214.35001,169.12,187.44,214.35001,169.12,187.44,214.35001,867.42999,959.84003,1095.48,867.42999,959.84003,1095.48,867.42999,959.84003,1095.48,849.03998,969.03998,1095.6,849.03998,969.03998,1095.6,849.03998,969.03998,1095.6,48.459999,52.889999,59.400002,48.459999,52.889999,59.400002,48.459999,52.889999,59.400002,48.279999,53.5,61.189999,48.279999,53.5,61.189999,48.279999,53.5,61.189999,71332.719,78225.297,90095.352,71332.719,78225.297,90095.352,71332.719,78225.297,90095.352,71783.227,79163.031,90853.547,71783.227,79163.031,90853.547,71783.227,79163.031,90853.547,.63999999,.69999999,.75,.63999999,.69999999,.75,.63999999,.69999999,.75,.64999998,.69999999,.75,.64999998,.69999999,.75,.64999998,.69999999,.75,.66000003,.70999998,.75999999,.66000003,.70999998,.75999999,.66000003,.70999998,.75999999,.67000002,.70999998,.76999998,.67000002,.70999998,.76999998,.67000002,.70999998,.76999998,.60291082,.59612691,.60207498,.60291082,.59612691,.60207498,.60291082,.59612691,.60207498,.60140055,.57731849,.59511524,.60140055,.57731849,.59511524,.60140055,.57731849,.59511524,189.98169,68157.422,358.75784,24076.238,4958,4958,4958,89,89,89,79494,79494,79494,1499,1499,1499,5.9372916,5.9372916,5.9372916,167.9077,7854.3999,46.77808,4163.249,,,,,,,,,,,,,,,,,,,,16.842697,16.033482,,,308.43942,615.02893,,,,,165.86201,373.13535,165.86201,373.13535,165.86201,373.13535,16.842697,16.033482,,,1,,2.3890646,2.3890646,2.3890646,.75404495,.75404495,.75404495,1,,1,,43.75082,,,7.4256172,7.4256172,7.4256172,1,,1,,2.3890646,2.3890646,2.3890646,.81041753,.81041753,.81041753,1,,1,,91.642227,,,18.860247,18.860247,18.860247,1,
18Apr2020,Iran,73,5031,146,365,10062,25155,1374,80868,2748,6870,161736,404340,55987,1923,5.3129549,19850,89.035713,1408.7322,168.70255,6686.9453,39.637489,2893.5366,,,,,,,,,,,,,,,,,,,,,,,,16057.706,19379.139,13568.36,2626.7134,3170.0317,2219.5071,1125.1003,1276.3033,971.71643,400.13211,452.2049,348.71509,174.40172,,,12019.385,,,218.21516,218.21516,218.21516,12034.941,12034.941,12034.941,73,,,5031,,,91.339157,91.339157,91.339157,5037.5117,5037.5117,5037.5117,13.149151,65452.914,56957.664,76051.539,7350460,8626256,6183527,174.40172,,,12019.385,,,218.21516,218.21516,218.21516,12034.941,12034.941,12034.941,13.149151,,,,,,,174.40172,,,12019.385,,,218.21516,218.21516,218.21516,12034.941,12034.941,12034.941,13.149151,,,,,,,.20688742,,,14.258228,,,.25886196,.25886196,.25886196,14.276683,14.276683,14.276683,.086597666,,,5.9681215,,,.10835285,.10835285,.10835285,5.9758463,5.9758463,5.9758463,1.6299342,77.644791,67.567131,90.217621,.26645371,,,,,,,,,366.98276,119074.13,324.4679,56587.758,4083.4099,3699.3899,4475.02,4083.4099,3699.3899,4475.02,4083.4099,3699.3899,4475.02,4108.3599,3755.3501,4575.77,4108.3599,3755.3501,4575.77,4108.3599,3755.3501,4575.77,65.360001,58.93,75,65.360001,58.93,75,65.360001,58.93,75,66,57.599998,74.870003,66,57.599998,74.870003,66,57.599998,74.870003,1509860.8,1369193.5,1656580,1509860.8,1369193.5,1656580,1509860.8,1369193.5,1656580,1520231.6,1387063.6,1692886,1520231.6,1387063.6,1692886,1520231.6,1387063.6,1692886,10584.3,9623.2998,12197.24,10584.3,9623.2998,12197.24,10584.3,9623.2998,12197.24,10712.81,9744.4697,12312.58,10712.81,9744.4697,12312.58,10712.81,9744.4697,12312.58,2025.09,2234.73,2540.5,2025.09,2234.73,2540.5,2025.09,2234.73,2540.5,1986.98,2258.25,2541.9099,1986.98,2258.25,2541.9099,1986.98,2258.25,2541.9099,161.53999,176.31,199.06,161.53999,176.31,199.06,161.53999,176.31,199.06,161.12,178.39,204.28999,161.12,178.39,204.28999,161.12,178.39,204.28999,844.21997,932.84998,1061.71,844.21997,932.84998,1061.71,844.21997,932.84998,1061.71,827.79999,941.95001,1062.5699,827.79999,941.95001,1062.5699,827.79999,941.95001,1062.5699,46.110001,50.330002,56.82,46.110001,50.330002,56.82,46.110001,50.330002,56.82,45.990002,50.919998,58.310001,45.990002,50.919998,58.310001,45.990002,50.919998,58.310001,67762.141,74446.063,85654.508,67762.141,74446.063,85654.508,67762.141,74446.063,85654.508,68489.922,75342.93,86536.047,68489.922,75342.93,86536.047,68489.922,75342.93,86536.047,.73000002,.80000001,.87,.73000002,.80000001,.87,.73000002,.80000001,.87,.75,.80000001,.86000001,.75,.80000001,.86000001,.75,.80000001,.86000001,.75,.81999999,.88,.75,.81999999,.88,.75,.81999999,.88,.76999998,.81999999,.88,.76999998,.81999999,.88,.76999998,.81999999,.88,.61751842,.61236793,.6148932,.61751842,.61236793,.6148932,.61751842,.61236793,.6148932,.61608487,.59110451,.60807729,.61608487,.59110451,.60807729,.61608487,.59110451,.60807729,189.98169,68157.422,358.75784,23448.412,5031,5031,5031,73,73,73,80868,80868,80868,1374,1374,1374,5.3129549,5.3129549,5.3129549,167.9077,7854.3999,46.77808,3414.7998,,,,,,,,,,,,,,,,,,,,18.821918,16.073942,,,375.29971,611.55042,,,,,161.93849,369.75488,161.93849,369.75488,161.93849,369.75488,18.821918,16.073942,,,1,,2.3890646,2.3890646,2.3890646,.89534247,.89534247,.89534247,1,,1,,47.636765,,,7.7032752,7.7032752,7.7032752,1,,1,,2.3890648,2.3890648,2.3890648,.81164974,.81164974,.81164974,1,,1,,90.894547,,,18.670683,18.670683,18.670683,1,
19Apr2020,Iran,87,5118,174,435,10236,25590,1343,82211,2686,6715,164422,411055,57023,1036,6.478034,20070,88.1875,1357.9019,168.70255,6686.9453,39.637489,3448.4617,,,,,,,,,,,,,,,,,,,,,,,,15524.285,18721.547,13126.396,2546.1414,3070.5247,2152.8628,1103.2623,1246.7853,954.69824,392.22922,439.98669,343.94656,207.84862,,,12227.232,,,213.49905,213.49905,213.49905,12248.44,12248.44,12248.44,87,,,5118,,,89.365128,89.365128,89.365128,5126.877,5126.877,5126.877,13.181629,65418.051,56925.125,76175.789,7415878,8702432,6240452,207.84862,,,12227.232,,,213.49905,213.49905,213.49905,12248.44,12248.44,12248.44,13.181629,,,,,,,207.84862,,,12227.232,,,213.49905,213.49905,213.49905,12248.44,12248.44,12248.44,13.181629,,,,,,,.24656446,,,14.504792,,,.25326741,.25326741,.25326741,14.529951,14.529951,14.529951,.10320544,,,6.0713267,,,.10601112,.10601112,.10601112,6.0818577,6.0818577,6.0818577,1.5931598,77.603432,67.528534,90.365005,.31772366,,,,,,,,,366.98276,119074.13,324.4679,67440.203,4146.9502,3758.6399,4546.0801,4146.9502,3758.6399,4546.0801,4146.9502,3758.6399,4546.0801,4172.52,3813.04,4648.3999,4172.52,3813.04,4648.3999,4172.52,3813.04,4648.3999,63.529999,57.360001,72.709999,63.529999,57.360001,72.709999,63.529999,57.360001,72.709999,64.169998,56.060001,72.629997,64.169998,56.060001,72.629997,64.169998,56.060001,72.629997,1520013.6,1377713,1667182.6,1520013.6,1377713,1667182.6,1520013.6,1377713,1667182.6,1530506.9,1396568.1,1703538.1,1530506.9,1396568.1,1703538.1,1530506.9,1396568.1,1703538.1,10152.9,9253.8203,11635.23,10152.9,9253.8203,11635.23,10152.9,9253.8203,11635.23,10275.34,9370.8701,11778.71,10275.34,9370.8701,11778.71,10275.34,9370.8701,11778.71,1958.65,2156.47,2439.45,1958.65,2156.47,2439.45,1958.65,2156.47,2439.45,1927.91,2179.47,2452.04,1927.91,2179.47,2452.04,1927.91,2179.47,2452.04,153.64,167.77,190.39999,153.64,167.77,190.39999,153.64,167.77,190.39999,153.03999,169.75999,194.55,153.03999,169.75999,194.55,153.03999,169.75999,194.55,820.51001,905.21002,1026.91,820.51001,905.21002,1026.91,820.51001,905.21002,1026.91,806.23999,914.19,1028.62,806.23999,914.19,1028.62,806.23999,914.19,1028.62,43.849998,47.889999,54.349998,43.849998,47.889999,54.349998,43.849998,47.889999,54.349998,43.68,48.459999,55.529999,43.68,48.459999,55.529999,43.68,48.459999,55.529999,66032.063,72062.43,81820.953,66032.063,72062.43,81820.953,66032.063,72062.43,81820.953,66547.109,72914.922,83062.461,66547.109,72914.922,83062.461,66547.109,72914.922,83062.461,.73000002,.80000001,.87,.73000002,.80000001,.87,.73000002,.80000001,.87,.75,.80000001,.86000001,.75,.80000001,.86000001,.75,.80000001,.86000001,.75,.81999999,.88,.75,.81999999,.88,.75,.81999999,.88,.76999998,.81999999,.88,.76999998,.81999999,.88,.76999998,.81999999,.88,.62573254,.61985213,.62491238,.62573254,.61985213,.62491238,.62573254,.61985213,.62491238,.62450486,.59823686,.61662096,.62450486,.59823686,.61662096,.62450486,.59823686,.61662096,189.98169,68157.422,358.75784,22791.885,5118,5118,5118,87,87,87,82211,82211,82211,1343,1343,1343,6.478034,6.478034,6.478034,167.9077,7854.3999,46.77808,4069.6929,,,,,,,,,,,,,,,,,,,,15.436782,16.06311,,,314.73892,606.505,,,,,159.8127,366.53772,159.8127,366.53772,159.8127,366.53772,15.436782,16.06311,,,1,,2.3890646,2.3890646,2.3890646,.73022985,.73022985,.73022985,1,,1,,48.710388,,,7.5598664,7.5598664,7.5598664,1,,1,,2.3890646,2.3890646,2.3890646,.81026775,.81026775,.81026775,1,,1,,90.205421,,,18.489176,18.489176,18.489176,1,
20Apr2020,Iran,91,5209,182,455,10418,26045,1294,83505,2588,6470,167010,417525,59273,2250,7.0324574,19023,87.678574,1306.1339,168.70255,6686.9453,39.637489,3607.0115,,,,,,,,,,,,,,,,,,,,,,,,15030.295,18039.189,12725.108,2443.0066,2932.0688,2068.3245,1083.9504,1222.1626,939.98816,385.13602,428.78784,338.55347,217.40488,,,12444.638,,,209.21082,209.21082,209.21082,12457.651,12457.651,12457.651,91,,,5209,,,87.570183,87.570183,87.570183,5214.4473,5214.4473,5214.4473,13.207951,65472.777,56947.422,76770.57,7481351,8779203,6297399.5,217.40488,,,12444.638,,,209.21082,209.21082,209.21082,12457.651,12457.651,12457.651,13.207951,,,,,,,217.40488,,,12444.638,,,209.21082,209.21082,209.21082,12457.651,12457.651,12457.651,13.207951,,,,,,,.25790077,,,14.762693,,,.2481804,.2481804,.2481804,14.778131,14.778131,14.778131,.10795052,,,6.1792774,,,.10388183,.10388183,.10388183,6.1857395,6.1857395,6.1857395,1.5350326,77.66835,67.554985,91.070587,.33205384,,,,,,,,,366.98276,119074.13,324.4679,70540.906,4208.5801,3815.8899,4614.8901,4208.5801,3815.8899,4614.8901,4208.5801,3815.8899,4614.8901,4234.79,3869.05,4718.7002,4234.79,3869.05,4718.7002,4234.79,3869.05,4718.7002,61.639999,55.740002,70.309998,61.639999,55.740002,70.309998,61.639999,55.740002,70.309998,62.259998,54.580002,70.300003,62.259998,54.580002,70.300003,62.259998,54.580002,70.300003,1529848.8,1386023,1677361.4,1529848.8,1386023,1677361.4,1529848.8,1386023,1677361.4,1540458.1,1405820.1,1713774.8,1540458.1,1405820.1,1713774.8,1540458.1,1405820.1,1713774.8,9835.1299,9017.2197,11108.99,9835.1299,9017.2197,11108.99,9835.1299,9017.2197,11108.99,9951.2305,9112.9404,11328.19,9951.2305,9112.9404,11328.19,9951.2305,9112.9404,11328.19,1891.74,2077.8101,2337.74,1891.74,2077.8101,2337.74,1891.74,2077.8101,2337.74,1868.7,2100.23,2365.9399,1868.7,2100.23,2365.9399,1868.7,2100.23,2365.9399,146.16,159.78999,182.53999,146.16,159.78999,182.53999,146.16,159.78999,182.53999,145.63,161.7,185.33,145.63,161.7,185.33,145.63,161.7,185.33,796.46002,877.14001,991.42999,796.46002,877.14001,991.42999,796.46002,877.14001,991.42999,784.46002,885.96997,994.21997,784.46002,885.96997,994.21997,784.46002,885.96997,994.21997,41.720001,45.610001,52.110001,41.720001,45.610001,52.110001,41.720001,45.610001,52.110001,41.57,46.150002,52.900002,41.57,46.150002,52.900002,41.57,46.150002,52.900002,64293.121,69787.07,78157.109,64293.121,69787.07,78157.109,64293.121,69787.07,78157.109,64687.289,70596.391,79804.031,64687.289,70596.391,79804.031,64687.289,70596.391,79804.031,.73000002,.80000001,.87,.73000002,.80000001,.87,.73000002,.80000001,.87,.75,.80000001,.86000001,.75,.80000001,.86000001,.75,.80000001,.86000001,.75,.81999999,.88,.75,.81999999,.88,.75,.81999999,.88,.76999998,.81999999,.88,.76999998,.81999999,.88,.76999998,.81999999,.88,.62673295,.61815065,.63291079,.62673295,.61815065,.63291079,.62673295,.61815065,.63291079,.62565124,.59892857,.62057573,.62565124,.59892857,.62057573,.62565124,.59892857,.62057573,189.98169,68157.422,358.75784,22113.834,5209,5209,5209,91,91,91,83505,83505,83505,1294,1294,1294,7.0324574,7.0324574,7.0324574,167.9077,7854.3999,46.77808,4256.8052,,,,,,,,,,,,,,,,,,,,14.21978,16.030909,,,301.15598,601.17065,,,,,159.55759,363.50711,159.55759,363.50711,159.55759,363.50711,14.21978,16.030909,,,1,,2.3890646,2.3890646,2.3890646,.67736262,.67736262,.67736262,1,,1,,50.597202,,,7.600564,7.600564,7.600564,1,,1,,2.3890646,2.3890646,2.3890646,.80794394,.80794394,.80794394,1,,1,,89.591652,,,18.320444,18.320444,18.320444,1,
21Apr2020,Iran,88,5297,176,440,10594,26485,1297,84802,2594,6485,169604,424010,60965,1692,6.7848883,18540,87.321426,1258.2053,168.70255,6686.9453,39.637489,3488.0991,,,,,,,,,,,,,,,,,,,,,,,,14575.123,17388.125,12370.244,2317.9534,2765.3188,1967.3008,1067.0186,1205.3617,924.01331,378.7933,420.89297,334.02747,210.23769,,,12654.875,,,205.26576,205.26576,205.26576,12662.917,12662.917,12662.917,88,,,5297,,,85.918877,85.918877,85.918877,5300.3662,5300.3662,5300.3662,13.226996,65612.133,56996.227,77710.422,7546963,8856913,6354395.5,210.23769,,,12654.875,,,205.26576,205.26576,205.26576,12662.917,12662.917,12662.917,13.226996,,,,,,,210.23769,,,12654.875,,,205.26576,205.26576,205.26576,12662.917,12662.917,12662.917,13.226996,,,,,,,.24939854,,,15.012092,,,.24350049,.24350049,.24350049,15.021631,15.021631,15.021631,.10439171,,,6.283669,,,.10192294,.10192294,.10192294,6.287662,6.287662,6.287662,1.5385914,77.833664,67.612877,92.185501,.320425,,,,,,,,,366.98276,119074.13,324.4679,68215.383,4268.2798,3871.0901,4681.3799,4268.2798,3871.0901,4681.3799,4268.2798,3871.0901,4681.3799,4295.1001,3923.3501,4786.6001,4295.1001,3923.3501,4786.6001,4295.1001,3923.3501,4786.6001,59.700001,54.09,67.839996,59.700001,54.09,67.839996,59.700001,54.09,67.839996,60.310001,53.09,67.900002,60.310001,53.09,67.900002,60.310001,53.09,67.900002,1539404.6,1394170.4,1687157.5,1539404.6,1394170.4,1687157.5,1539404.6,1394170.4,1687157.5,1550124,1414856.3,1723641.8,1550124,1414856.3,1723641.8,1550124,1414856.3,1723641.8,9555.9004,8814.6299,10615.44,9555.9004,8814.6299,10615.44,9555.9004,8814.6299,10615.44,9665.8096,8882.2598,10907.21,9665.8096,8882.2598,10907.21,9665.8096,8882.2598,10907.21,1815.55,1999.5601,2237.76,1815.55,1999.5601,2237.76,1815.55,1999.5601,2237.76,1809.92,2021.38,2283.0901,1809.92,2021.38,2283.0901,1809.92,2021.38,2283.0901,139.50999,152.53999,175.33,139.50999,152.53999,175.33,139.50999,152.53999,175.33,139.69,154.35001,176.72,139.69,154.35001,176.72,139.69,154.35001,176.72,772.32001,848.89001,955.60999,772.32001,848.89001,955.60999,772.32001,848.89001,955.60999,762.65002,857.54999,962.04999,762.65002,857.54999,962.04999,762.65002,857.54999,962.04999,39.82,43.540001,50.040001,39.82,43.540001,50.040001,39.82,43.540001,50.040001,39.869999,44.060001,50.439999,39.869999,44.060001,50.439999,39.869999,44.060001,50.439999,62564.77,67601.508,74657.859,62564.77,67601.508,74657.859,62564.77,67601.508,74657.859,62862.371,68369.531,76917.211,62862.371,68369.531,76917.211,62862.371,68369.531,76917.211,.73000002,.80000001,.87,.73000002,.80000001,.87,.73000002,.80000001,.87,.75,.80000001,.86000001,.75,.80000001,.86000001,.75,.80000001,.86000001,.75,.81999999,.88,.75,.81999999,.88,.75,.81999999,.88,.76999998,.81999999,.88,.76999998,.81999999,.88,.76999998,.81999999,.88,.62474489,.61363894,.63906908,.62474489,.61363894,.63906908,.62474489,.61363894,.63906908,.62395191,.59770828,.62252402,.62395191,.59770828,.62252402,.62395191,.59770828,.62252402,189.98169,68157.422,358.75784,21417.844,5297,5297,5297,88,88,88,84802,84802,84802,1297,1297,1297,6.7848883,6.7848883,6.7848883,167.9077,7854.3999,46.77808,4116.4712,,,,,,,,,,,,,,,,,,,,14.738636,16.009439,,,312.08551,596.36804,,,,,160.06534,360.66159,160.06534,360.66159,160.06534,360.66159,14.738636,16.009439,,,1,,2.3890646,2.3890646,2.3890646,.6784091,.6784091,.6784091,1,,1,,50.587612,,,7.3676949,7.3676949,7.3676949,1,,1,,2.3890646,2.3890646,2.3890646,.80579191,.80579191,.80579191,1,,1,,88.99511,,,18.152927,18.152927,18.152927,1,
22Apr2020,Iran,94,5391,188,470,10782,26955,1194,85996,2388,5970,171992,429980,63113,2148,7.8726969,17492,86.714287,1215.4911,168.70255,6686.9453,39.637489,3725.9241,,,,,,,,,,,,,,,,,,,,,,,,14157.667,16770.48,12054.88,2171.9043,2572.7314,1849.3192,1052.332,1191.072,906.7254,373.14706,415.96539,328.46808,224.57208,,,12879.447,,,201.5925,201.5925,201.5925,12864.51,12864.51,12864.51,94,,,5391,,,84.381355,84.381355,84.381355,5384.7476,5384.7476,5384.7476,13.23676,65831.289,57051.086,78404.773,7612794.5,8935318,6411446.5,224.57208,,,12879.447,,,201.5925,201.5925,201.5925,12864.51,12864.51,12864.51,13.23676,,,,,,,224.57208,,,12879.447,,,201.5925,201.5925,201.5925,12864.51,12864.51,12864.51,13.23676,,,,,,,.26640299,,,15.278495,,,.23914303,.23914303,.23914303,15.260775,15.260775,15.260775,.11150932,,,6.3951783,,,.10009902,.10009902,.10009902,6.3877611,6.3877611,6.3877611,1.4164057,78.093643,67.677963,93.009186,.34113273,,,,,,,,,366.98276,119074.13,324.4679,72866.43,4326,3924.21,4745.5098,4326,3924.21,4745.5098,4326,3924.21,4745.5098,4353.4302,3975.9199,4852.0498,4353.4302,3975.9199,4852.0498,4353.4302,3975.9199,4852.0498,57.720001,52.41,65.32,57.720001,52.41,65.32,57.720001,52.41,65.32,58.330002,51.580002,65.540001,58.330002,51.580002,65.540001,58.330002,51.580002,65.540001,1548690.9,1402158.5,1696587.3,1548690.9,1402158.5,1696587.3,1548690.9,1402158.5,1696587.3,1559514.1,1423682.4,1733154.5,1559514.1,1423682.4,1733154.5,1559514.1,1423682.4,1733154.5,9286.1699,8617.5195,10162.62,9286.1699,8617.5195,10162.62,9286.1699,8617.5195,10162.62,9390.1797,8599.8096,10530.62,9390.1797,8599.8096,10530.62,9390.1797,8599.8096,10530.62,1752.4399,1922.58,2142.54,1752.4399,1922.58,2142.54,1752.4399,1922.58,2142.54,1750.4301,1943.76,2201.3101,1750.4301,1943.76,2201.3101,1750.4301,1943.76,2201.3101,133.75999,146.03999,166.7,133.75999,146.03999,166.7,133.75999,146.03999,166.7,134.41,147.77,168.74001,134.41,147.77,168.74001,134.41,147.77,168.74001,747.90997,820.71997,919.84003,747.90997,820.71997,919.84003,747.90997,820.71997,919.84003,740.98999,829.19,931.09998,740.98999,829.19,931.09998,740.98999,829.19,931.09998,38.18,41.68,47.580002,38.18,41.68,47.580002,38.18,41.68,47.580002,38.360001,42.18,48.16,38.360001,42.18,48.16,38.360001,42.18,48.16,60893.281,65494.578,71471.023,60893.281,65494.578,71471.023,60893.281,65494.578,71471.023,60819.352,66222.906,74141.773,60819.352,66222.906,74141.773,60819.352,66222.906,74141.773,.73000002,.80000001,.87,.73000002,.80000001,.87,.73000002,.80000001,.87,.75,.80000001,.86000001,.75,.80000001,.86000001,.75,.80000001,.86000001,.75,.81999999,.88,.75,.81999999,.88,.75,.81999999,.88,.76999998,.81999999,.88,.76999998,.81999999,.88,.76999998,.81999999,.88,.62156951,.60817963,.64274764,.62156951,.60817963,.64274764,.62156951,.60817963,.64274764,.62118089,.59978074,.62237549,.62118089,.59978074,.62237549,.62118089,.59978074,.62237549,189.98169,68157.422,358.75784,20707.504,5391,5391,5391,94,94,94,85996,85996,85996,1194,1194,1194,7.8726969,7.8726969,7.8726969,167.9077,7854.3999,46.77808,4397.1396,,,,,,,,,,,,,,,,,,,,12.702127,15.951772,,,293.14102,591.08081,,,,,160.88306,357.99603,160.88306,357.99603,160.88306,357.99603,12.702127,15.951772,,,1,,2.3890648,2.3890648,2.3890648,.61404258,.61404258,.61404258,1,,1,,55.135082,,,7.7773619,7.7773619,7.7773619,1,,1,,2.3890646,2.3890646,2.3890646,.80244851,.80244851,.80244851,1,,1,,88.524986,,,18.008871,18.008871,18.008871,1,
23Apr2020,Iran,90,5481,180,450,10962,27405,1030,87026,2060,5150,174052,435130,64843,1730,8.7378645,16702,85.589287,1178.7231,168.70255,6686.9453,39.637489,3567.374,,,,,,,,,,,,,,,,,,,,,,,,13776.428,16187.647,11719.021,2008.9174,2360.5281,1708.9006,1039.7657,1178.1368,896.36432,368.14499,410.70721,323.2251,215.01582,,,13094.463,,,198.12532,198.12532,198.12532,13062.635,13062.635,13062.635,90,,,5481,,,82.930077,82.930077,82.930077,5467.6777,5467.6777,5467.6777,13.234797,66125.602,57183.594,78703.656,7678920,9014021,6468630.5,215.01582,,,13094.463,,,198.12532,198.12532,198.12532,13062.635,13062.635,13062.635,13.234797,,,,,,,215.01582,,,13094.463,,,198.12532,198.12532,198.12532,13062.635,13062.635,13062.635,13.234797,,,,,,,.25506669,,,15.533562,,,.23503001,.23503001,.23503001,15.495805,15.495805,15.495805,.10676425,,,6.5019426,,,.098377414,.098377414,.098377414,6.4861388,6.4861388,6.4861388,1.2218575,78.44278,67.835152,93.363739,.32516274,,,,,,,,,366.98276,119074.13,324.4679,69765.734,4381.75,3975.25,4807.25,4381.75,3975.25,4807.25,4381.75,3975.25,4807.25,4409.7598,4026.75,4915.0298,4409.7598,4026.75,4915.0298,4409.7598,4026.75,4915.0298,55.740002,50.720001,62.779999,55.740002,50.720001,62.779999,55.740002,50.720001,62.779999,56.330002,50.07,63.360001,56.330002,50.07,63.360001,56.330002,50.07,63.360001,1557708.8,1409979.9,1705659.4,1557708.8,1409979.9,1705659.4,1557708.8,1409979.9,1705659.4,1568630.5,1432296.3,1742319.9,1568630.5,1432296.3,1742319.9,1568630.5,1432296.3,1742319.9,9017.9199,8405.0996,9827.5596,9017.9199,8405.0996,9827.5596,9017.9199,8405.0996,9827.5596,9116.2998,8333.3604,10163.2,9116.2998,8333.3604,10163.2,9116.2998,8333.3604,10163.2,1691.37,1847.61,2053.99,1691.37,1847.61,2053.99,1691.37,1847.61,2053.99,1686.04,1868.13,2120.6699,1686.04,1868.13,2120.6699,1686.04,1868.13,2120.6699,128.81,140.23,158.59,128.81,140.23,158.59,128.81,140.23,158.59,129.44,141.89,161.33,129.44,141.89,161.33,129.44,141.89,161.33,721.56,792.87,884.46002,721.56,792.87,884.46002,721.56,792.87,884.46002,719.65002,801.15002,901.21002,719.65002,801.15002,901.21002,719.65002,801.15002,901.21002,36.759998,40.02,45.259998,36.759998,40.02,45.259998,36.759998,40.02,45.259998,36.939999,40.5,46.049999,36.939999,40.5,46.049999,36.939999,40.5,46.049999,59228.328,63458.801,68865.922,59228.328,63458.801,68865.922,59228.328,63458.801,68865.922,58716.141,64148.859,71470.227,58716.141,64148.859,71470.227,58716.141,64148.859,71470.227,.73000002,.80000001,.87,.73000002,.80000001,.87,.73000002,.80000001,.87,.75,.80000001,.86000001,.75,.80000001,.86000001,.75,.80000001,.86000001,.75,.81999999,.88,.75,.81999999,.88,.75,.81999999,.88,.76999998,.81999999,.88,.76999998,.81999999,.88,.76999998,.81999999,.88,.61810267,.60344321,.63881576,.61810267,.60344321,.63881576,.61810267,.60344321,.63881576,.61790425,.60083807,.62342566,.61790425,.60083807,.62342566,.61790425,.60083807,.62342566,189.98169,68157.422,358.75784,19997.162,5481,5481,5481,90,90,90,87026,87026,87026,1030,1030,1030,8.7378645,8.7378645,8.7378645,167.9077,7854.3999,46.77808,4210.0273,,,,,,,,,,,,,,,,,,,,11.444445,15.87776,,,307.5383,586.42499,,,,,161.78543,355.49924,161.78543,355.49924,161.78543,355.49924,11.444445,15.87776,,,1,,2.3890648,2.3890648,2.3890648,.61933333,.61933333,.61933333,1,,1,,64.199615,,,8.7552624,8.7552624,8.7552624,1,,1,,2.3890646,2.3890646,2.3890646,.79944354,.79944354,.79944354,1,,1,,88.237076,,,17.899349,17.899349,17.899349,1,
24Apr2020,Iran,93,5574,186,465,11148,27870,1168,88194,2336,5840,176388,440970,66599,1756,7.9623289,16021,84.258926,1148.0356,168.70255,6686.9453,39.637489,3686.2866,,,,,,,,,,,,,,,,,,,,,,,,13429.6,15640.354,11444.854,1849.0751,2153.4661,1575.8022,1029.2078,1172.4314,888.03503,363.73477,406.04294,320.62952,222.18301,,,13316.646,,,194.8029,194.8029,194.8029,13257.438,13257.438,13257.438,93,,,5574,,,81.539406,81.539406,81.539406,5549.2168,5549.2168,5549.2168,13.219378,66490.633,57394.332,79012.305,7745410.5,9093034,6526024.5,222.18301,,,13316.646,,,194.8029,194.8029,194.8029,13257.438,13257.438,13257.438,13.219378,,,,,,,222.18301,,,13316.646,,,194.8029,194.8029,194.8029,13257.438,13257.438,13257.438,13.219378,,,,,,,.26356891,,,15.797131,,,.23108873,.23108873,.23108873,15.726893,15.726893,15.726893,.11032306,,,6.6122656,,,.096727699,.096727699,.096727699,6.5828662,6.5828662,6.5828662,1.3855627,78.875809,68.085136,93.729874,.33415687,,,,,,,,,366.98276,119074.13,324.4679,72091.258,4435.5098,4024.24,4866.6201,4435.5098,4024.24,4866.6201,4435.5098,4024.24,4866.6201,4464.1001,4075.8401,4975.5498,4464.1001,4075.8401,4975.5498,4464.1001,4075.8401,4975.5498,53.759998,48.990002,60.25,53.759998,48.990002,60.25,53.759998,48.990002,60.25,54.34,48.57,61.220001,54.34,48.57,61.220001,54.34,48.57,61.220001,1566459.9,1417627.3,1714382,1566459.9,1417627.3,1714382,1566459.9,1417627.3,1714382,1577474.5,1440695.9,1751144,1577474.5,1440695.9,1751144,1577474.5,1440695.9,1751144,8751.0801,8166.75,9554.1699,8751.0801,8166.75,9554.1699,8751.0801,8166.75,9554.1699,8844.0703,8104.27,9808.1602,8844.0703,8104.27,9808.1602,8844.0703,8104.27,9808.1602,1630.9301,1775.21,1973,1630.9301,1775.21,1973,1630.9301,1775.21,1973,1621.9,1795.0601,2041.67,1621.9,1795.0601,2041.67,1621.9,1795.0601,2041.67,124.43,135.00999,151.34,124.43,135.00999,151.34,124.43,135.00999,151.34,125,136.58,154.42999,125,136.58,154.42999,125,136.58,154.42999,697.51001,765.56,850.92999,697.51001,765.56,850.92999,697.51001,765.56,850.92999,697.65002,773.63,871.95001,697.65002,773.63,871.95001,697.65002,773.63,871.95001,35.509998,38.529999,43.189999,35.509998,38.529999,43.189999,35.509998,38.529999,43.189999,35.68,38.98,44.080002,35.68,38.98,44.080002,35.68,38.98,44.080002,57435.879,61489.43,66891.523,57435.879,61489.43,66891.523,57435.879,61489.43,66891.523,56993.059,62142.551,68897.148,56993.059,62142.551,68897.148,56993.059,62142.551,68897.148,.73000002,.80000001,.87,.73000002,.80000001,.87,.73000002,.80000001,.87,.75,.80000001,.86000001,.75,.80000001,.86000001,.75,.80000001,.86000001,.75,.81999999,.88,.75,.81999999,.88,.75,.81999999,.88,.76999998,.81999999,.88,.76999998,.81999999,.88,.76999998,.81999999,.88,.61432415,.59987146,.6306147,.61432415,.59987146,.6306147,.61432415,.59987146,.6306147,.61442298,.59931368,.62417418,.61442298,.59931368,.62417418,.61442298,.59931368,.62417418,189.98169,68157.422,358.75784,19286.82,5574,5574,5574,93,93,93,88194,88194,88194,1168,1168,1168,7.9623289,7.9623289,7.9623289,167.9077,7854.3999,46.77808,4350.3613,,,,,,,,,,,,,,,,,,,,12.55914,15.82239,,,299.26065,581.63373,,,,,162.78052,353.16345,162.78052,353.16345,162.78052,353.16345,12.55914,15.82239,,,1,,2.3890646,2.3890646,2.3890646,.5780645,.5780645,.5780645,1,,1,,56.92691,,,7.492363,7.492363,7.492363,1,,1,,2.3890648,2.3890648,2.3890648,.79574984,.79574984,.79574984,1,,1,,87.822418,,,17.761524,17.761524,17.761524,1,
25Apr2020,Iran,76,5650,152,380,11300,28250,1134,89328,2268,5670,178656,446640,68193,1594,6.7019401,15485,82.348213,1122.25,168.70255,6686.9453,39.637489,3012.4492,,,,,,,,,,,,,,,,,,,,,,,,13115.14,15128.703,11246.216,1705.2144,1967.0154,1462.2191,1020.5533,1169.9574,877.97583,359.86392,403.38437,316.47723,181.56891,,,13498.215,,,191.56795,191.56795,191.56795,13449.006,13449.006,13449.006,76,,,5650,,,80.185333,80.185333,80.185333,5629.4023,5629.4023,5629.4023,13.191057,66921.945,57682.559,79318.781,7812332.5,9172353,6583707,181.56891,,,13498.215,,,191.56795,191.56795,191.56795,13449.006,13449.006,13449.006,13.191057,,,,,,,181.56891,,,13498.215,,,191.56795,191.56795,191.56795,13449.006,13449.006,13449.006,13.191057,,,,,,,.21538965,,,16.01252,,,.2272512,.2272512,.2272512,15.954144,15.954144,15.954144,.090156473,,,6.7024221,,,.095121413,.095121413,.095121413,6.6779876,6.6779876,6.6779876,1.3452295,79.387459,68.427055,94.093445,.27131444,,,,,,,,,366.98276,119074.13,324.4679,58913.281,4487.3198,4071.22,4923.6499,4487.3198,4071.22,4923.6499,4487.3198,4071.22,4923.6499,4516.4702,4123.23,5033.6401,4516.4702,4123.23,5033.6401,4516.4702,4123.23,5033.6401,51.810001,47.130001,57.810001,51.810001,47.130001,57.810001,51.810001,47.130001,57.810001,52.369999,47.09,59.139999,52.369999,47.09,59.139999,52.369999,47.09,59.139999,1574947.5,1425097,1722764.6,1574947.5,1425097,1722764.6,1574947.5,1425097,1722764.6,1586050,1448881.4,1759634.6,1586050,1448881.4,1759634.6,1586050,1448881.4,1759634.6,8487.6904,7920.1602,9312.3896,8487.6904,7920.1602,9312.3896,8487.6904,7920.1602,9312.3896,8575.5098,7846.9702,9549.8496,8575.5098,7846.9702,9549.8496,8575.5098,7846.9702,9549.8496,1571.29,1705.78,1898.84,1571.29,1705.78,1898.84,1571.29,1705.78,1898.84,1560.61,1724.9301,1961.48,1560.61,1724.9301,1961.48,1560.61,1724.9301,1961.48,120.41,130.25,144.45,120.41,130.25,144.45,120.41,130.25,144.45,120.98,131.74001,148.42,120.98,131.74001,148.42,120.98,131.74001,148.42,675.87,738.92999,818.23999,675.87,738.92999,818.23999,675.87,738.92999,818.23999,675.04999,746.78003,843.04999,675.04999,746.78003,843.04999,675.04999,746.78003,843.04999,34.369999,37.169998,41.23,34.369999,37.169998,41.23,34.369999,37.169998,41.23,34.529999,37.599998,42.360001,34.529999,37.599998,42.360001,34.529999,37.599998,42.360001,55635.699,59583.391,65104.02,55635.699,59583.391,65104.02,55635.699,59583.391,65104.02,55181.539,60200.828,66963.273,55181.539,60200.828,66963.273,55181.539,60200.828,66963.273,.73000002,.80000001,.87,.73000002,.80000001,.87,.73000002,.80000001,.87,.75,.80000001,.86000001,.75,.80000001,.86000001,.75,.80000001,.86000001,.75,.81999999,.88,.75,.81999999,.88,.75,.81999999,.88,.76999998,.81999999,.88,.76999998,.81999999,.88,.76999998,.81999999,.88,.61041343,.59506375,.62078589,.61041343,.59506375,.62078589,.61041343,.59506375,.62078589,.61069256,.60010421,.61927676,.61069256,.60010421,.61927676,.61069256,.60010421,.61927676,189.98169,68157.422,358.75784,18587.244,5650,5650,5650,76,76,76,89328,89328,89328,1134,1134,1134,6.7019401,6.7019401,6.7019401,167.9077,7854.3999,46.77808,3555.134,,,,,,,,,,,,,,,,,,,,14.921053,15.810266,,,368.57602,578.76782,,,,,163.82339,350.97733,163.82339,350.97733,163.82339,350.97733,14.921053,15.810266,,,1,,2.3890646,2.3890646,2.3890646,.68171054,.68171054,.68171054,1,,1,,59.014061,,,7.484736,7.484736,7.484736,1,,1,,2.3890646,2.3890646,2.3890646,.79421592,.79421592,.79421592,1,,1,,87.456703,,,17.631062,17.631062,17.631062,1,
26Apr2020,Iran,60,5710,120,300,11420,28550,1153,90481,2306,5765,180962,452405,69657,1464,5.2038159,15114,80.098213,1098.75,168.70255,6686.9453,39.637489,2378.2493,,,,,,,,,,,,,,,,,,,,,,,,12830.843,14702.239,11030.071,1591.1714,1823.246,1367.8551,1013.7048,1165.8878,870.27228,356.48035,401.65219,312.98071,143.34387,,,13641.56,,,188.36678,188.36678,188.36678,13637.373,13637.373,13637.373,60,,,5710,,,78.845406,78.845406,78.845406,5708.2476,5708.2476,5708.2476,13.15429,67415.344,57953.25,79619.195,7879748,9251972,6641660.5,143.34387,,,13641.56,,,188.36678,188.36678,188.36678,13637.373,13637.373,13637.373,13.15429,,,,,,,143.34387,,,13641.56,,,188.36678,188.36678,188.36678,13637.373,13637.373,13637.373,13.15429,,,,,,,.17004447,,,16.182564,,,.22345375,.22345375,.22345375,16.177599,16.177599,16.177599,.071176164,,,6.7735982,,,.093531892,.093531892,.093531892,6.7715197,6.7715197,6.7715197,1.3677686,79.972763,68.748169,94.449821,.21262796,,,,,,,,,366.98276,119074.13,324.4679,46510.484,4537.2202,4116.2598,4978.3599,4537.2202,4116.2598,4978.3599,4537.2202,4116.2598,4978.3599,4566.9102,4168.9399,5089.3301,4566.9102,4168.9399,5089.3301,4566.9102,4168.9399,5089.3301,49.900002,45.580002,55.439999,49.900002,45.580002,55.439999,49.900002,45.580002,55.439999,50.439999,45.509998,57.080002,50.439999,45.509998,57.080002,50.439999,45.509998,57.080002,1583177.3,1432389.3,1730817.9,1583177.3,1432389.3,1730817.9,1583177.3,1432389.3,1730817.9,1594362.5,1456855.1,1767801.5,1594362.5,1456855.1,1767801.5,1594362.5,1456855.1,1767801.5,8229.6797,7665.0801,9082.7197,8229.6797,7665.0801,9082.7197,8229.6797,7665.0801,9082.7197,8312.5195,7583.3301,9295.0303,8312.5195,7583.3301,9295.0303,8312.5195,7583.3301,9295.0303,1513.41,1639.5,1827.1,1513.41,1639.5,1827.1,1513.41,1639.5,1827.1,1502.34,1657.96,1882.99,1502.34,1657.96,1882.99,1502.34,1657.96,1882.99,116.76,125.84,138.05,116.76,125.84,138.05,116.76,125.84,138.05,117.01,127.26,142.81,117.01,127.26,142.81,117.01,127.26,142.81,654.64001,713.08002,787.28003,654.64001,713.08002,787.28003,654.64001,713.08002,787.28003,652.19,720.70001,814.60999,652.19,720.70001,814.60999,652.19,720.70001,814.60999,33.32,35.919998,39.400002,33.32,35.919998,39.400002,33.32,35.919998,39.400002,33.389999,36.32,40.759998,33.389999,36.32,40.759998,33.389999,36.32,40.759998,53807.34,57738.441,63456.379,53807.34,57738.441,63456.379,53807.34,57738.441,63456.379,53317.328,58321.41,65130.32,53317.328,58321.41,65130.32,53317.328,58321.41,65130.32,.73000002,.80000001,.87,.73000002,.80000001,.87,.73000002,.80000001,.87,.75,.80000001,.86000001,.75,.80000001,.86000001,.75,.80000001,.86000001,.75,.81999999,.88,.75,.81999999,.88,.75,.81999999,.88,.76999998,.81999999,.88,.76999998,.81999999,.88,.76999998,.81999999,.88,.60634196,.59464484,.61038983,.60634196,.59464484,.61038983,.60634196,.59464484,.61038983,.60679555,.60013211,.61409163,.60679555,.60013211,.61409163,.60679555,.60013211,.61409163,189.98169,68157.422,358.75784,17902.018,5710,5710,5710,60,60,60,90481,90481,90481,1153,1153,1153,5.2038159,5.2038159,5.2038159,167.9077,7854.3999,46.77808,2806.6848,,,,,,,,,,,,,,,,,,,,19.216667,15.84606,,,470.30502,577.62811,,,,,164.92343,348.93109,164.92343,348.93109,164.92343,348.93109,19.216667,15.84606,,,1,,2.3890646,2.3890646,2.3890646,.83166671,.83166671,.83166671,1,,1,,58.469509,,,7.1376233,7.1376233,7.1376233,1,,1,,2.3890648,2.3890648,2.3890648,.79460949,.79460949,.79460949,1,,1,,87.087318,,,17.497345,17.497345,17.497345,1,
27Apr2020,Iran,96,5806,192,480,11612,29030,991,91472,1982,4955,182944,457360,70933,1276,9.6871843,14733,77.66964,1075.9731,168.70255,6686.9453,39.637489,3805.199,,,,,,,,,,,,,,,,,,,,,,,,12574.62,14311.622,10840.627,1515.3785,1724.7062,1306.4135,1008.568,1164.6387,871.98792,353.535,399.27383,312.31848,229.3502,,,13870.909,,,185.14874,185.14874,185.14874,13822.521,13822.521,13822.521,96,,,5806,,,77.498421,77.498421,77.498421,5785.7461,5785.7461,5785.7461,13.118563,67967.055,58124.242,79911.906,7947715,9331884,6699784.5,229.3502,,,13870.909,,,185.14874,185.14874,185.14874,13822.521,13822.521,13822.521,13.118563,,,,,,,229.3502,,,13870.909,,,185.14874,185.14874,185.14874,13822.521,13822.521,13822.521,13.118563,,,,,,,.27207112,,,16.454636,,,.21963629,.21963629,.21963629,16.397234,16.397234,16.397234,.11388186,,,6.8874803,,,.09193401,.09193401,.09193401,6.8634539,6.8634539,6.8634539,1.175593,80.627243,68.951012,94.79705,.3374432,,,,,,,,,366.98276,119074.13,324.4679,74416.781,4585.25,4159.4302,5030.8198,4585.25,4159.4302,5030.8198,4585.25,4159.4302,5030.8198,4615.48,4213.04,5142.7002,4615.48,4213.04,5142.7002,4615.48,4213.04,5142.7002,48.040001,44.049999,53.25,48.040001,44.049999,53.25,48.040001,44.049999,53.25,48.57,43.880001,55.049999,48.57,43.880001,55.049999,48.57,43.880001,55.049999,1591155.5,1439505.9,1738553.6,1591155.5,1439505.9,1738553.6,1591155.5,1439505.9,1738553.6,1602418.9,1464621.1,1775655.3,1602418.9,1464621.1,1775655.3,1602418.9,1464621.1,1775655.3,7978.29,7409.77,8857.4404,7978.29,7409.77,8857.4404,7978.29,7409.77,8857.4404,8056.3198,7308.8301,9061.3701,8056.3198,7308.8301,9061.3701,8056.3198,7308.8301,9061.3701,1457.8199,1576.45,1761.4399,1457.8199,1576.45,1761.4399,1457.8199,1576.45,1761.4399,1447.13,1594.2,1807.23,1447.13,1594.2,1807.23,1447.13,1594.2,1807.23,113.39,121.72,132.12,113.39,121.72,132.12,113.39,121.72,132.12,112.7,123.06,137.5,112.7,123.06,137.5,112.7,123.06,137.5,634.02002,688.07001,758.66998,634.02002,688.07001,758.66998,634.02002,688.07001,758.66998,630.10999,695.46997,786.73999,630.10999,695.46997,786.73999,630.10999,695.46997,786.73999,32.360001,34.740002,37.709999,32.360001,34.740002,37.709999,32.360001,34.740002,37.709999,32.16,35.119999,39.240002,32.16,35.119999,39.240002,32.16,35.119999,39.240002,52006.289,55952.68,61864.77,52006.289,55952.68,61864.77,52006.289,55952.68,61864.77,51443.52,56502.359,63356.57,51443.52,56502.359,63356.57,51443.52,56502.359,63356.57,.73000002,.80000001,.87,.73000002,.80000001,.87,.73000002,.80000001,.87,.75,.80000001,.86000001,.75,.80000001,.86000001,.75,.80000001,.86000001,.75,.81999999,.88,.75,.81999999,.88,.75,.81999999,.88,.76999998,.81999999,.88,.76999998,.81999999,.88,.76999998,.81999999,.88,.60213405,.5944854,.60118949,.60213405,.5944854,.60118949,.60213405,.5944854,.60118949,.60288072,.60036969,.60752404,.60288072,.60036969,.60752404,.60288072,.60036969,.60752404,189.98169,68157.422,358.75784,17234.727,5806,5806,5806,96,96,96,91472,91472,91472,991,991,991,9.6871843,9.6871843,9.6871843,167.9077,7854.3999,46.77808,4490.6958,,,,,,,,,,,,,,,,,,,,10.322917,15.754737,,,296.34616,572.97723,,,,,166.07597,347.01608,166.07597,347.01608,166.07597,347.01608,10.322917,15.754737,,,1,,2.3890646,2.3890646,2.3890646,.5004167,.5004167,.5004167,1,,1,,68.584312,,,8.0507469,8.0507469,8.0507469,1,,1,,2.3890646,2.3890646,2.3890646,.78974336,.78974336,.78974336,1,,1,,86.886864,,,17.395,17.395,17.395,1,
28Apr2020,Iran,71,5877,142,355,11754,29385,1112,92584,2224,5560,185168,462920,72439,1506,6.384892,14268,74.964287,1055.1339,168.70255,6686.9453,39.637489,2814.2617,,,,,,,,,,,,,,,,,,,,,,,,12344.677,13932.292,10674.494,1478.2279,1668.3387,1278.2299,1005.05,1164.5383,874.49695,350.9639,397.6315,311.46149,169.6236,,,14040.533,,,181.8437,181.8437,181.8437,14004.365,14004.365,14004.365,71,,,5877,,,76.115021,76.115021,76.115021,5861.8613,5861.8613,5861.8613,13.09849,68573.586,58568.926,80198.609,8016288.5,9412082,6758353.5,169.6236,,,14040.533,,,181.8437,181.8437,181.8437,14004.365,14004.365,14004.365,13.09849,,,,,,,169.6236,,,14040.533,,,181.8437,181.8437,181.8437,14004.365,14004.365,14004.365,13.09849,,,,,,,.20121928,,,16.655855,,,.21571563,.21571563,.21571563,16.612949,16.612949,16.612949,.084225126,,,6.9717054,,,.090292923,.090292923,.090292923,6.9537468,6.9537468,6.9537468,1.3191316,81.346748,69.478523,95.137161,.24735996,,,,,,,,,366.98276,119074.13,324.4679,55037.41,4631.4902,4200.8101,5081.0898,4631.4902,4200.8101,5081.0898,4631.4902,4200.8101,5081.0898,4662.2202,4255.5698,5193.7998,4662.2202,4255.5698,5193.7998,4662.2202,4255.5698,5193.7998,46.240002,42.57,51.209999,46.240002,42.57,51.209999,46.240002,42.57,51.209999,46.75,42.290001,53.049999,46.75,42.290001,53.049999,46.75,42.290001,53.049999,1598889.6,1446450.3,1745983.6,1598889.6,1446450.3,1745983.6,1598889.6,1446450.3,1745983.6,1610226.4,1472184.1,1783207.3,1610226.4,1472184.1,1783207.3,1610226.4,1472184.1,1783207.3,7734.1299,7149.77,8637.1504,7734.1299,7149.77,8637.1504,7734.1299,7149.77,8637.1504,7807.5298,7043.52,8853.0801,7807.5298,7043.52,8853.0801,7807.5298,7043.52,8853.0801,1404.45,1516.59,1700,1404.45,1516.59,1700,1404.45,1516.59,1700,1394.46,1533.64,1734.27,1394.46,1533.64,1734.27,1394.46,1533.64,1734.27,109.98,117.81,128.11,109.98,117.81,128.11,109.98,117.81,128.11,109.14,119.08,132.45,109.14,119.08,132.45,109.14,119.08,132.45,614.13,663.95001,732.21002,614.13,663.95001,732.21002,614.13,663.95001,732.21002,608.88,671.10999,758.16998,608.88,671.10999,758.16998,608.88,671.10999,758.16998,31.389999,33.619999,36.57,31.389999,33.619999,36.57,31.389999,33.619999,36.57,31.15,33.990002,37.799999,31.15,33.990002,37.799999,31.15,33.990002,37.799999,50255.68,54224.309,60313.301,50255.68,54224.309,60313.301,50255.68,54224.309,60313.301,49561.59,54741.891,61873.922,49561.59,54741.891,61873.922,49561.59,54741.891,61873.922,.73000002,.80000001,.87,.73000002,.80000001,.87,.73000002,.80000001,.87,.75,.80000001,.86000001,.75,.80000001,.86000001,.75,.80000001,.86000001,.75,.81999999,.88,.75,.81999999,.88,.75,.81999999,.88,.76999998,.81999999,.88,.76999998,.81999999,.88,.76999998,.81999999,.88,.59786946,.59540379,.59290385,.59786946,.59540379,.59290385,.59786946,.59540379,.59290385,.59878093,.60041004,.59922647,.59878093,.60041004,.59922647,.59878093,.60041004,.59922647,189.98169,68157.422,358.75784,16588.963,5877,5877,5877,71,71,71,92584,92584,92584,1112,1112,1112,6.384892,6.384892,6.384892,167.9077,7854.3999,46.77808,3321.2437,,,,,,,,,,,,,,,,,,,,15.661972,15.753615,,,404.26913,570.93903,,,,,167.26059,345.22141,167.26059,345.22141,167.26059,345.22141,15.661972,15.753615,,,1,,2.3890648,2.3890648,2.3890648,.65126765,.65126765,.65126765,1,,1,,61.666893,,,6.955153,6.955153,6.955153,1,,1,,2.3890648,2.3890648,2.3890648,.7880705,.7880705,.7880705,1,,1,,86.583954,,,17.269611,17.269611,17.269611,1,
29Apr2020,Iran,80,5957,160,400,11914,29785,1073,93657,2146,5365,187314,468285,73791,1352,7.4557314,13909,72.491074,1038.3036,168.70255,6686.9453,39.637489,3170.999,,,,,,,,,,,,,,,,,,,,,,,,12139.477,13775.796,10515.183,1473.0042,1671.5552,1275.9124,1003.0645,1165.4883,872.87494,348.6788,396.12921,309.5658,191.12517,,,14231.658,,,178.35313,178.35313,178.35313,14182.719,14182.719,14182.719,80,,,5957,,,74.653954,74.653954,74.653954,5936.5151,5936.5151,5936.5151,13.112272,69231.836,59229.266,80481.313,8085520.5,9492564,6817583,191.12517,,,14231.658,,,178.35313,178.35313,178.35313,14182.719,14182.719,14182.719,13.112272,,,,,,,191.12517,,,14231.658,,,178.35313,178.35313,178.35313,14182.719,14182.719,14182.719,13.112272,,,,,,,.22672595,,,16.882582,,,.21157487,.21157487,.21157487,16.824526,16.824526,16.824526,.094901554,,,7.066607,,,.088559709,.088559709,.088559709,7.0423064,7.0423064,7.0423064,1.2728671,82.127609,70.261864,95.472519,.27606544,,,,,,,,,366.98276,119074.13,324.4679,62013.98,4675.9902,4240.5,5129.2402,4675.9902,4240.5,5129.2402,4675.9902,4240.5,5129.2402,4707.2202,4296.6001,5242.73,4707.2202,4296.6001,5242.73,4707.2202,4296.6001,5242.73,44.5,41.110001,49.34,44.5,41.110001,49.34,44.5,41.110001,49.34,44.990002,40.759998,51.02,44.990002,40.759998,51.02,44.990002,40.759998,51.02,1606387,1453226.1,1753119.8,1606387,1453226.1,1753119.8,1606387,1453226.1,1753119.8,1617792.8,1479549,1790468.8,1617792.8,1479549,1790468.8,1617792.8,1479549,1790468.8,7497.3999,6869.7002,8422.0596,7497.3999,6869.7002,8422.0596,7497.3999,6869.7002,8422.0596,7566.3398,6787.5298,8638.0195,7566.3398,6787.5298,8638.0195,7566.3398,6787.5298,8638.0195,1353.9301,1459.8101,1640.51,1353.9301,1459.8101,1640.51,1353.9301,1459.8101,1640.51,1344.61,1476.16,1664.13,1344.61,1476.16,1664.13,1344.61,1476.16,1664.13,106.49,114.09,124.43,106.49,114.09,124.43,106.49,114.09,124.43,105.68,115.29,128.02,105.68,115.29,128.02,105.68,115.29,128.02,595,640.71997,707.65002,595,640.71997,707.65002,595,640.71997,707.65002,588.5,647.64001,730.32001,588.5,647.64001,730.32001,588.5,647.64001,730.32001,30.389999,32.560001,35.509998,30.389999,32.560001,35.509998,30.389999,32.560001,35.509998,30.16,32.900002,36.540001,30.16,32.900002,36.540001,30.16,32.900002,36.540001,48418.328,52551.602,58801.059,48418.328,52551.602,58801.059,48418.328,52551.602,58801.059,47748.891,53038.211,60427.129,47748.891,53038.211,60427.129,47748.891,53038.211,60427.129,.73000002,.80000001,.87,.73000002,.80000001,.87,.73000002,.80000001,.87,.75,.80000001,.86000001,.75,.80000001,.86000001,.75,.80000001,.86000001,.75,.81999999,.88,.75,.81999999,.88,.75,.81999999,.88,.76999998,.81999999,.88,.76999998,.81999999,.88,.76999998,.81999999,.88,.59353912,.59842497,.58584243,.59353912,.59842497,.58584243,.59353912,.59842497,.58584243,.59460717,.60051298,.59064466,.59460717,.60051298,.59064466,.59460717,.60051298,.59064466,189.98169,68157.422,358.75784,15964.724,5957,5957,5957,80,80,80,93657,93657,93657,1073,1073,1073,7.4557314,7.4557314,7.4557314,167.9077,7854.3999,46.77808,3742.2463,,,,,,,,,,,,,,,,,,,,13.4125,15.722176,,,362.23297,568.13623,,,,,168.4809,343.53943,168.4809,343.53943,168.4809,343.53943,13.4125,15.722176,,,1,,2.3890646,2.3890646,2.3890646,.55624998,.55624998,.55624998,1,,1,,64.521751,,,6.9873252,6.9873252,6.9873252,1,,1,,2.3890646,2.3890646,2.3890646,.78495723,.78495723,.78495723,1,,1,,86.331192,,,17.15181,17.15181,17.15181,1,
30Apr2020,Iran,71,6028,142,355,12056,30140,983,94640,1966,4915,189280,473200,75103,1312,7.2227874,13509,70.276787,1035.1786,168.70255,6686.9453,39.637489,2814.2617,,,,,,,,,,,,,,,,,,,,,,,,11957.74,13617.325,10321.028,1483.4963,1689.3871,1280.4432,1002.5302,1167.3923,872.37628,346.59082,394.67267,307.62485,169.6236,,,14401.282,,,174.58434,174.58434,174.58434,14357.303,14357.303,14357.303,71,,,6028,,,73.076439,73.076439,73.076439,6009.5913,6009.5913,6009.5913,13.178343,69938.945,59990,80762.031,8155459,9573326,6877573,169.6236,,,14401.282,,,174.58434,174.58434,174.58434,14357.303,14357.303,14357.303,13.178343,,,,,,,169.6236,,,14401.282,,,174.58434,174.58434,174.58434,14357.303,14357.303,14357.303,13.178343,,,,,,,.20121928,,,17.083799,,,.20710406,.20710406,.20710406,17.03163,17.03163,17.03163,.084225126,,,7.1508322,,,.08668834,.08668834,.08668834,7.1289945,7.1289945,7.1289945,1.1661029,82.966431,71.164307,95.805527,.24253096,,,,,,,,,366.98276,119074.13,324.4679,55037.41,4718.8301,4278.5898,5175.3599,4718.8301,4278.5898,5175.3599,4718.8301,4278.5898,5175.3599,4750.5298,4336.2002,5289.5601,4750.5298,4336.2002,5289.5601,4750.5298,4336.2002,5289.5601,42.84,39.68,47.549999,42.84,39.68,47.549999,42.84,39.68,47.549999,43.310001,39.299999,49.029999,43.310001,39.299999,49.029999,43.310001,39.299999,49.029999,1613655.1,1459837.8,1759973.4,1613655.1,1459837.8,1759973.4,1613655.1,1459837.8,1759973.4,1625125.5,1486720.9,1797450.6,1625125.5,1486720.9,1797450.6,1625125.5,1486720.9,1797450.6,7268.0601,6600.4702,8217.8896,7268.0601,6600.4702,8217.8896,7268.0601,6600.4702,8217.8896,7332.7002,6536.8198,8370.4297,7332.7002,6536.8198,8370.4297,7332.7002,6536.8198,8370.4297,1305.86,1405.97,1568.5699,1305.86,1405.97,1568.5699,1305.86,1405.97,1568.5699,1298.52,1421.63,1596.77,1298.52,1421.63,1596.77,1298.52,1421.63,1596.77,103.08,110.52,121.23,103.08,110.52,121.23,103.08,110.52,121.23,102.14,111.65,124.48,102.14,111.65,124.48,102.14,111.65,124.48,575.56,618.38,684.75,575.56,618.38,684.75,575.56,618.38,684.75,568.95001,625.04999,703.23999,568.95001,625.04999,703.23999,568.95001,625.04999,703.23999,29.42,31.540001,34.599998,29.42,31.540001,34.599998,29.42,31.540001,34.599998,29.15,31.870001,35.529999,29.15,31.870001,35.529999,29.15,31.870001,35.529999,46511.84,50932.762,57335.871,46511.84,50932.762,57335.871,46511.84,50932.762,57335.871,46002.988,51389.531,58592.359,46002.988,51389.531,58592.359,46002.988,51389.531,58592.359,.73000002,.80000001,.87,.73000002,.80000001,.87,.73000002,.80000001,.87,.75,.80000001,.86000001,.75,.80000001,.86000001,.75,.80000001,.86000001,.75,.81999999,.88,.75,.81999999,.88,.75,.81999999,.88,.76999998,.81999999,.88,.76999998,.81999999,.88,.76999998,.81999999,.88,.58942825,.60116929,.57861567,.58942825,.60116929,.57861567,.58942825,.60116929,.57861567,.59064192,.60120976,.58575249,.59064192,.60120976,.58575249,.59064192,.60120976,.58575249,189.98169,68157.422,358.75784,15369.187,6028,6028,6028,71,71,71,94640,94640,94640,983,983,983,7.2227874,7.2227874,7.2227874,167.9077,7854.3999,46.77808,3321.2437,,,,,,,,,,,,,,,,,,,,13.845071,15.700067,,,412.31848,566.3009,,,,,169.65593,341.96085,169.65593,341.96085,169.65593,341.96085,13.845071,15.700067,,,1,,2.3890648,2.3890648,2.3890648,.60338026,.60338026,.60338026,1,,1,,71.148468,,,7.393754,7.393754,7.393754,1,,1,,2.3890648,2.3890648,2.3890648,.78281856,.78281856,.78281856,1,,1,,86.173492,,,17.050455,17.050455,17.050455,1,
01May2020,Iran,63,6091,126,315,12182,30455,1006,95646,2012,5030,191292,478230,76318,1215,6.2624254,13237,68.401787,1052.3214,168.70255,6686.9453,39.637489,2497.1619,,,,,,,,,,,,,,,,,,,,,,,,11798.427,13447.934,10137.22,1497.9199,1707.3402,1287.0143,1003.3689,1176.5073,872.71802,344.62598,393.18936,305.65924,150.51108,,,14551.793,,,170.45462,170.45462,170.45462,14527.757,14527.757,14527.757,63,,,6091,,,71.347847,71.347847,71.347847,6080.9395,6080.9395,6080.9395,13.31084,70692.164,60751.676,81327.844,8226151.5,9654653,6938324.5,150.51108,,,14551.793,,,170.45462,170.45462,170.45462,14527.757,14527.757,14527.757,13.31084,,,,,,,150.51108,,,14551.793,,,170.45462,170.45462,170.45462,14527.757,14527.757,14527.757,13.31084,,,,,,,.17854668,,,17.262346,,,.20220511,.20220511,.20220511,17.233833,17.233833,17.233833,.074734971,,,7.2255669,,,.084637776,.084637776,.084637776,7.2136326,7.2136326,7.2136326,1.193387,83.859947,72.067856,96.47673,.21291055,,,,,,,,,366.98276,119074.13,324.4679,48836.012,4760.0698,4315.1802,5219.52,4760.0698,4315.1802,5219.52,4760.0698,4315.1802,5219.52,4792.23,4374.4302,5334.3901,4792.23,4374.4302,5334.3901,4792.23,4374.4302,5334.3901,41.240002,38.25,45.939999,41.240002,38.25,45.939999,41.240002,38.25,45.939999,41.700001,37.91,47.110001,41.700001,37.91,47.110001,41.700001,37.91,47.110001,1620701,1466288.9,1766555.6,1620701,1466288.9,1766555.6,1620701,1466288.9,1766555.6,1632231.9,1493704.9,1804163.6,1632231.9,1493704.9,1804163.6,1632231.9,1493704.9,1804163.6,7045.9399,6339.1001,8034.3901,7045.9399,6339.1001,8034.3901,7045.9399,6339.1001,8034.3901,7106.4399,6291.5601,8111.25,7106.4399,6291.5601,8111.25,7106.4399,6291.5601,8111.25,1260.6801,1354.91,1498.1899,1260.6801,1354.91,1498.1899,1260.6801,1354.91,1498.1899,1254.91,1369.87,1532.12,1254.91,1369.87,1532.12,1254.91,1369.87,1532.12,99.660004,107.09,118.18,99.660004,107.09,118.18,99.660004,107.09,118.18,98.650002,108.16,121.06,98.650002,108.16,121.06,98.650002,108.16,121.06,556.17999,596.90997,662.40002,556.17999,596.90997,662.40002,556.17999,596.90997,662.40002,550.21997,603.33002,676.96002,550.21997,603.33002,676.96002,550.21997,603.33002,676.96002,28.440001,30.559999,33.73,28.440001,30.559999,33.73,28.440001,30.559999,33.73,28.15,30.870001,34.549999,28.15,30.870001,34.549999,28.15,30.870001,34.549999,44672.609,49366.051,56043.539,44672.609,49366.051,56043.539,44672.609,49366.051,56043.539,44276.801,49794.078,56773.781,44276.801,49794.078,56773.781,44276.801,49794.078,56773.781,.73000002,.80000001,.87,.73000002,.80000001,.87,.73000002,.80000001,.87,.75,.80000001,.86000001,.75,.80000001,.86000001,.75,.80000001,.86000001,.75,.81999999,.88,.75,.81999999,.88,.75,.81999999,.88,.76999998,.81999999,.88,.76999998,.81999999,.88,.76999998,.81999999,.88,.58530164,.60339797,.57179201,.58530164,.60339797,.57179201,.58530164,.60339797,.57179201,.58679169,.60255325,.58079827,.58679169,.60255325,.58079827,.58679169,.60255325,.58079827,189.98169,68157.422,358.75784,14795.174,6091,6091,6091,63,63,63,95646,95646,95646,1006,1006,1006,6.2624254,6.2624254,6.2624254,167.9077,7854.3999,46.77808,2947.019,,,,,,,,,,,,,,,,,,,,15.968254,15.70284,,,469.68082,565.30157,,,,,170.85208,340.47842,170.85208,340.47842,170.85208,340.47842,15.968254,15.70284,,,1,,2.3890648,2.3890648,2.3890648,.65460318,.65460318,.65460318,1,,1,,70.270538,,,7.0039163,7.0039163,7.0039163,1,,1,,2.3890648,2.3890648,2.3890648,.78149235,.78149235,.78149235,1,,1,,86.006226,,,16.944786,16.944786,16.944786,1,
02May2020,Iran,65,6156,130,325,12312,30780,802,96448,1604,4010,192896,482240,77350,1032,8.1047382,12942,67.01786,1090.0803,168.70255,6686.9453,39.637489,2576.4368,,,,,,,,,,,,,,,,,,,,,,,,11660.713,13298.502,10019.356,1510.5632,1722.7273,1297.937,1005.5045,1190.9105,873.46594,342.73593,394.17398,303.39114,155.2892,,,14707.082,,,165.89301,165.89301,165.89301,14693.65,14693.65,14693.65,65,,,6156,,,69.438477,69.438477,69.438477,6150.3779,6150.3779,6150.3779,13.515452,71488.813,61332.359,82082.945,8297640,9736736,6999657,155.2892,,,14707.082,,,165.89301,165.89301,165.89301,14693.65,14693.65,14693.65,13.515452,,,,,,,155.2892,,,14707.082,,,165.89301,165.89301,165.89301,14693.65,14693.65,14693.65,13.515452,,,,,,,.18421483,,,17.446562,,,.19679381,.19679381,.19679381,17.430628,17.430628,17.430628,.077107511,,,7.3026748,,,.08237274,.08237274,.08237274,7.2960052,7.2960052,7.2960052,.95138806,84.804993,72.756706,97.37249,.21722168,,,,,,,,,366.98276,119074.13,324.4679,50386.359,4799.79,4350.3501,5261.8101,4799.79,4350.3501,5261.8101,4799.79,4350.3501,5261.8101,4832.3901,4411.3501,5377.2998,4832.3901,4411.3501,5377.2998,4832.3901,4411.3501,5377.2998,39.720001,36.889999,44.369999,39.720001,36.889999,44.369999,39.720001,36.889999,44.369999,40.16,36.580002,45.25,40.16,36.580002,45.25,40.16,36.580002,45.25,1627531.9,1472583.6,1772877.5,1627531.9,1472583.6,1772877.5,1627531.9,1472583.6,1772877.5,1639119.3,1500505.8,1810618.1,1639119.3,1500505.8,1810618.1,1639119.3,1500505.8,1810618.1,6830.8301,6083.5898,7830.52,6830.8301,6083.5898,7830.52,6830.8301,6083.5898,7830.52,6887.3501,6055.4702,7860.2402,6887.3501,6055.4702,7860.2402,6887.3501,6055.4702,7860.2402,1218.14,1306.4301,1430.61,1218.14,1306.4301,1430.61,1218.14,1306.4301,1430.61,1213.1899,1320.72,1473.67,1213.1899,1320.72,1473.67,1213.1899,1320.72,1473.67,96.32,103.78,115.22,96.32,103.78,115.22,96.32,103.78,115.22,95.029999,104.78,118.01,95.029999,104.78,118.01,95.029999,104.78,118.01,537.59003,576.28003,640.62,537.59003,576.28003,640.62,537.59003,576.28003,640.62,532.27002,582.46002,651.48999,532.27002,582.46002,651.48999,532.27002,582.46002,651.48999,27.49,29.620001,32.889999,27.49,29.620001,32.889999,27.49,29.620001,32.889999,27.120001,29.91,33.68,27.120001,29.91,33.68,27.120001,29.91,33.68,42882.371,47853.621,54797.43,42882.371,47853.621,54797.43,42882.371,47853.621,54797.43,42608.121,48256.309,55015.93,42608.121,48256.309,55015.93,42608.121,48256.309,55015.93,1.3099999,1.34,1.37,1.3099999,1.34,1.37,1.3099999,1.34,1.37,1.3099999,1.34,1.37,1.3099999,1.34,1.37,1.3099999,1.34,1.37,1.34,1.37,1.4,1.34,1.37,1.4,1.34,1.37,1.4,1.34,1.37,1.4,1.34,1.37,1.4,1.34,1.37,1.4,.58148134,.60638535,.56662899,.58148134,.60638535,.56662899,.58148134,.60638535,.56662899,.58309799,.60408193,.57568216,.58309799,.60408193,.57568216,.58309799,.60408193,.57568216,189.98169,68157.422,358.75784,14249.862,6156,6156,6156,65,65,65,96448,96448,96448,802,802,802,8.1047382,8.1047382,8.1047382,167.9077,7854.3999,46.77808,3040.5752,,,,,,,,,,,,,,,,,,,,12.338462,15.667316,,,460.35919,564.19348,,,,,171.97456,339.08398,171.97456,339.08398,171.97456,339.08398,12.338462,15.667316,,,1,,2.3890646,2.3890646,2.3890646,.61107695,.61107695,.61107695,1,,1,,89.138168,,,8.5172443,8.5172443,8.5172443,1,,1,,2.3890646,2.3890646,2.3890646,.77969301,.77969301,.77969301,1,,1,,86.032265,,,16.874708,16.874708,16.874708,1,
03May2020,Iran,47,6203,94,235,12406,31015,976,97424,1952,4880,194848,487120,78422,1072,4.8155737,12799,65.848213,1149.7322,168.70255,6686.9453,39.637489,1862.962,,,,,,,,,,,,,,,,,,,,,,,,11543.973,13221.653,9919.6943,1518.7408,1739.4589,1305.0486,1008.8631,1201.5515,874.3067,340.88336,395.07465,300.97678,112.28604,,,14819.368,,,160.84206,160.84206,160.84206,14854.492,14854.492,14854.492,47,,,6203,,,67.32428,67.32428,67.32428,6217.7021,6217.7021,6217.7021,13.787246,72326.391,61983.68,83323.031,8369966.5,9820059,7061640.5,112.28604,,,14819.368,,,160.84206,160.84206,160.84206,14854.492,14854.492,14854.492,13.787246,,,,,,,112.28604,,,14819.368,,,160.84206,160.84206,160.84206,14854.492,14854.492,14854.492,13.787246,,,,,,,.13320149,,,17.579763,,,.19080201,.19080201,.19080201,17.621429,17.621429,17.621429,.055754662,,,7.3584294,,,.079864733,.079864733,.079864733,7.3758698,7.3758698,7.3758698,1.157799,85.798592,73.529343,98.843567,.15524906,,,,,,,,,366.98276,119074.13,324.4679,36433.215,4838.0498,4384.2002,5302.2998,4838.0498,4384.2002,5302.2998,4838.0498,4384.2002,5302.2998,4871.0801,4447.0298,5418.3799,4871.0801,4447.0298,5418.3799,4871.0801,4447.0298,5418.3799,38.27,35.580002,42.77,38.27,35.580002,42.77,38.27,35.580002,42.77,38.689999,35.299999,43.450001,38.689999,35.299999,43.450001,38.689999,35.299999,43.450001,1634429.1,1478978.6,1779237.9,1634429.1,1478978.6,1779237.9,1634429.1,1478978.6,1779237.9,1646073.4,1507393,1817114.3,1646073.4,1507393,1817114.3,1646073.4,1507393,1817114.3,6897.3198,6118.1499,7888.8501,6897.3198,6118.1499,7888.8501,6897.3198,6118.1499,7888.8501,6954.1499,6100.5098,7937.6899,6954.1499,6100.5098,7937.6899,6954.1499,6100.5098,7937.6899,1177.9399,1260.38,1365.79,1177.9399,1260.38,1365.79,1177.9399,1260.38,1365.79,1172.9,1274.01,1418.25,1172.9,1274.01,1418.25,1172.9,1274.01,1418.25,93.019997,100.63,112.39,93.019997,100.63,112.39,93.019997,100.63,112.39,91.620003,101.58,115.32,91.620003,101.58,115.32,91.620003,101.58,115.32,519.72998,556.47998,614.39001,519.72998,556.47998,614.39001,519.72998,556.47998,614.39001,516.28998,562.41998,626.82001,516.28998,562.41998,626.82001,516.28998,562.41998,626.82001,26.549999,28.719999,32.080002,26.549999,28.719999,32.080002,26.549999,28.719999,32.080002,26.15,28.99,32.919998,26.15,28.99,32.919998,26.15,28.99,32.919998,45139.41,50225.41,57264.602,45139.41,50225.41,57264.602,45139.41,50225.41,57264.602,44808.512,50654.91,57542.84,44808.512,50654.91,57542.84,44808.512,50654.91,57542.84,1.3099999,1.34,1.37,1.3099999,1.34,1.37,1.3099999,1.34,1.37,1.3099999,1.34,1.37,1.3099999,1.34,1.37,1.3099999,1.34,1.37,1.34,1.37,1.4,1.34,1.37,1.4,1.34,1.37,1.4,1.34,1.37,1.4,1.34,1.37,1.4,1.34,1.37,1.4,.5548532,.58154839,.54215759,.5548532,.58154839,.54215759,.5548532,.58154839,.54215759,.5563584,.57864016,.54738849,.5563584,.57864016,.54738849,.5563584,.57864016,.54738849,189.98169,68157.422,358.75784,13729.663,6203,6203,6203,47,47,47,97424,97424,97424,976,976,976,4.8155737,4.8155737,4.8155737,167.9077,7854.3999,46.77808,2198.5698,,,,,,,,,,,,,,,,,,,,20.765957,15.705949,,,644.12628,564.79913,,,,,180.22784,337.82809,180.22784,337.82809,180.22784,337.82809,20.765957,15.705949,,,1,,2.3890648,2.3890648,2.3890648,.81425536,.81425536,.81425536,1,,1,,74.104912,,,7.066926,7.066926,7.066926,1,,1,,2.3890648,2.3890648,2.3890648,.77995324,.77995324,.77995324,1,,1,,85.912781,,,16.776453,16.776453,16.776453,1,
04May2020,Iran,74,6277,148,370,12554,31385,1223,98647,2446,6115,197294,493235,79379,957,6.0506949,12991,64.866074,1221.1072,168.70255,6686.9453,39.637489,2933.1743,,,,,,,,,,,,,,,,,,,,,,,,11447.691,13183.742,9841.6885,1523.2953,1754.3041,1309.5913,1013.3734,1206.1318,876.33734,339.04391,394.98529,298.59167,176.79079,,,14996.159,,,155.26167,155.26167,155.26167,15009.754,15009.754,15009.754,74,,,6277,,,64.98848,64.98848,64.98848,6282.6904,6282.6904,6282.6904,14.11137,73202.625,62704.996,84647.414,8443169,9904707,7124345.5,176.79079,,,14996.159,,,155.26167,155.26167,155.26167,15009.754,15009.754,15009.754,14.11137,,,,,,,176.79079,,,14996.159,,,155.26167,155.26167,155.26167,15009.754,15009.754,15009.754,14.11137,,,,,,,.20972151,,,17.789484,,,.18418218,.18418218,.18418218,17.805613,17.805613,17.805613,.08778394,,,7.4462132,,,.077093847,.077093847,.077093847,7.4529638,7.4529638,7.4529638,1.4508075,86.838036,74.385017,100.41464,.24150881,,,,,,,,,366.98276,119074.13,324.4679,57362.934,4874.9302,4416.7998,5341.0801,4874.9302,4416.7998,5341.0801,4874.9302,4416.7998,5341.0801,4908.3701,4481.5298,5457.7202,4908.3701,4481.5298,5457.7202,4908.3701,4481.5298,5457.7202,36.880001,34.34,40.900002,36.880001,34.34,40.900002,36.880001,34.34,40.900002,37.290001,34.169998,41.720001,37.290001,34.169998,41.720001,37.290001,34.169998,41.720001,1641684.9,1485851,1785943.5,1641684.9,1485851,1785943.5,1641684.9,1485851,1785943.5,1653390,1514646,1823961.9,1653390,1514646,1823961.9,1653390,1514646,1823961.9,7255.73,6441.6499,8274.1797,7255.73,6441.6499,8274.1797,7255.73,6441.6499,8274.1797,7316.6699,6435.3301,8308.2803,7316.6699,6435.3301,8308.2803,7316.6699,6435.3301,8308.2803,1138.26,1216.83,1307.9301,1138.26,1216.83,1307.9301,1138.26,1216.83,1307.9301,1133.47,1229.8101,1365.47,1133.47,1229.8101,1365.47,1133.47,1229.8101,1365.47,89.959999,98.120003,110.17,89.959999,98.120003,110.17,89.959999,98.120003,110.17,88.839996,99.019997,112.97,88.839996,99.019997,112.97,88.839996,99.019997,112.97,502.47,537.54999,588.64001,502.47,537.54999,588.64001,502.47,537.54999,588.64001,501.16,543.23999,603.51001,501.16,543.23999,603.51001,501.16,543.23999,603.51001,25.67,28,31.450001,25.67,28,31.450001,25.67,28,31.450001,25.35,28.26,32.25,25.35,28.26,32.25,25.35,28.26,32.25,47284.789,52566.23,59709.578,47284.789,52566.23,59709.578,47284.789,52566.23,59709.578,46968.871,53021.238,60032.352,46968.871,53021.238,60032.352,46968.871,53021.238,60032.352,1.3099999,1.34,1.37,1.3099999,1.34,1.37,1.3099999,1.34,1.37,1.3099999,1.34,1.37,1.3099999,1.34,1.37,1.3099999,1.34,1.37,1.34,1.37,1.4,1.34,1.37,1.4,1.34,1.37,1.4,1.34,1.37,1.4,1.34,1.37,1.4,1.34,1.37,1.4,.50828797,.53309321,.49430883,.50828797,.53309321,.49430883,.50828797,.53309321,.49430883,.5096581,.53097504,.50214964,.5096581,.53097504,.50214964,.5096581,.53097504,.50214964,189.98169,68157.422,358.75784,13230.989,6277,6277,6277,74,74,74,98647,98647,98647,1223,1223,1223,6.0506949,6.0506949,6.0506949,167.9077,7854.3999,46.77808,3461.5779,,,,,,,,,,,,,,,,,,,,16.527027,15.715629,,,414.06357,563.02209,,,,,196.73888,336.76068,196.73888,336.76068,196.73888,336.76068,16.527027,15.715629,,,1,,2.3890648,2.3890648,2.3890648,.4983784,.4983784,.4983784,1,,1,,59.854969,,,5.9327312,5.9327312,5.9327312,1,,1,,2.3890648,2.3890648,2.3890648,.7766338,.7766338,.7766338,1,,1,,85.589722,,,16.642015,16.642015,16.642015,1,
05May2020,Iran,63,6340,126,315,12680,31700,1323,99970,2646,6615,199940,499850,80475,1096,4.7619047,13155,63.75,1297.7678,168.70255,6686.9453,39.637489,2497.1619,,,,,,,,,,,,,,,,,,,,,,,,11371.407,13135.341,9747.9932,1524.2766,1760.7225,1306.6666,1018.9676,1210.8618,879.56689,337.35864,393.17569,296.38663,150.51108,,,15146.67,,,149.28519,149.28519,149.28519,15159.039,15159.039,15159.039,63,,,6340,,,62.486877,62.486877,62.486877,6345.1772,6345.1772,6345.1772,14.466351,74115.297,63495.797,85939.93,8517285,9990647,7187841.5,150.51108,,,15146.67,,,149.28519,149.28519,149.28519,15159.039,15159.039,15159.039,14.466351,,,,,,,150.51108,,,15146.67,,,149.28519,149.28519,149.28519,15159.039,15159.039,15159.039,14.466351,,,,,,,.17854668,,,17.968031,,,.17709245,.17709245,.17709245,17.982704,17.982704,17.982704,.074734971,,,7.5209479,,,.074126273,.074126273,.074126273,7.5270901,7.5270901,7.5270901,1.5694344,87.920708,75.32312,101.94791,.20307694,,,,,,,,,366.98276,119074.13,324.4679,48836.012,4910.4902,4448.2402,5378.23,4910.4902,4448.2402,5378.23,4910.4902,4448.2402,5378.23,4944.3198,4514.9102,5495.3999,4944.3198,4514.9102,5495.3999,4944.3198,4514.9102,5495.3999,35.560001,33.169998,39.09,35.560001,33.169998,39.09,35.560001,33.169998,39.09,35.950001,33.029999,40.09,35.950001,33.029999,40.09,35.950001,33.029999,40.09,1649375.1,1493878.1,1793072.1,1649375.1,1493878.1,1793072.1,1649375.1,1493878.1,1793072.1,1661146.3,1522338.9,1831240,1661146.3,1522338.9,1831240,1661146.3,1522338.9,1831240,7690.27,6836.8198,8755.0703,7690.27,6836.8198,8755.0703,7690.27,6836.8198,8755.0703,7756.23,6844.3501,8766.54,7756.23,6844.3501,8766.54,7756.23,6844.3501,8766.54,1099.9,1176.42,1259.5,1099.9,1176.42,1259.5,1099.9,1176.42,1259.5,1094.73,1188.78,1316.11,1094.73,1188.78,1316.11,1094.73,1188.78,1316.11,88.150002,96.779999,109.15,88.150002,96.779999,109.15,88.150002,96.779999,109.15,87.220001,97.650002,111.31,87.220001,97.650002,111.31,87.220001,97.650002,111.31,486.01001,519.67999,564.28998,486.01001,519.67999,564.28998,486.01001,519.67999,564.28998,485.59,525.14001,582.34998,485.59,525.14001,582.34998,485.59,525.14001,582.34998,25.16,27.620001,31.16,25.16,27.620001,31.16,25.16,27.620001,31.16,24.889999,27.870001,31.77,24.889999,27.870001,31.77,24.889999,27.870001,31.77,49300.32,54931.34,62230.762,49300.32,54931.34,62230.762,49300.32,54931.34,62230.762,49146.801,55411.828,62541.43,49146.801,55411.828,62541.43,49146.801,55411.828,62541.43,1.3099999,1.34,1.37,1.3099999,1.34,1.37,1.3099999,1.34,1.37,1.3099999,1.34,1.37,1.3099999,1.34,1.37,1.3099999,1.34,1.37,1.34,1.37,1.4,1.34,1.37,1.4,1.34,1.37,1.4,1.34,1.37,1.4,1.34,1.37,1.4,1.34,1.37,1.4,.46240249,.48516706,.44648415,.46240249,.48516706,.44648415,.46240249,.48516706,.44648415,.46349838,.48258781,.45730698,.46349838,.48258781,.45730698,.46349838,.48258781,.45730698,189.98169,68157.422,358.75784,12757.43,6340,6340,6340,63,63,63,99970,99970,99970,1323,1323,1323,4.7619047,4.7619047,4.7619047,167.9077,7854.3999,46.77808,2947.019,,,,,,,,,,,,,,,,,,,,21,15.768139,,,492.42419,562.32062,,,,,216.26181,335.88809,216.26181,335.88809,216.26181,335.88809,21,15.768139,,,1,,2.3890648,2.3890648,2.3890648,.56444448,.56444448,.56444448,1,,1,,56.020634,,,5.8127513,5.8127513,5.8127513,1,,1,,2.3890646,2.3890646,2.3890646,.77452528,.77452528,.77452528,1,,1,,85.19841,,,16.498701,16.498701,16.498701,1,
06May2020,Iran,78,6418,156,390,12836,32090,1680,101650,3360,8400,203300,508250,81587,1112,4.6428571,13645,62.3125,1373.375,168.70255,6686.9453,39.637489,3091.7241,,,,,,,,,,,,,,,,,,,,,,,,11314.714,13116.635,9658.2051,1523.7899,1766.4604,1300.7024,1025.5774,1215.5586,883.98401,336.23624,391.75302,294.7663,186.34705,,,15333.017,,,143.30948,143.30948,143.30948,15302.349,15302.349,15302.349,78,,,6418,,,59.985603,59.985603,59.985603,6405.1631,6405.1631,6405.1631,14.828748,75062.227,64355.684,87190.156,8592347,10077837,7252197,186.34705,,,15333.017,,,143.30948,143.30948,143.30948,15302.349,15302.349,15302.349,14.828748,,,,,,,186.34705,,,15333.017,,,143.30948,143.30948,143.30948,15302.349,15302.349,15302.349,14.828748,,,,,,,.2210578,,,18.189089,,,.17000367,.17000367,.17000367,18.152708,18.152708,18.152708,.092529014,,,7.6134772,,,.071159087,.071159087,.071159087,7.598249,7.598249,7.598249,1.9929327,89.044029,76.343178,103.43102,.24825676,,,,,,,,,366.98276,119074.13,324.4679,60463.633,4944.8101,4478.6001,5413.8198,4944.8101,4478.6001,5413.8198,4944.8101,4478.6001,5413.8198,4979,4547.2402,5531.5098,4979,4547.2402,5531.5098,4979,4547.2402,5531.5098,34.32,32.060001,37.369999,34.32,32.060001,37.369999,34.32,32.060001,37.369999,34.689999,31.93,38.599998,34.689999,31.93,38.599998,34.689999,31.93,38.599998,1657502,1502362.5,1800623.6,1657502,1502362.5,1800623.6,1657502,1502362.5,1800623.6,1669344,1530475.4,1838948.6,1669344,1530475.4,1838948.6,1669344,1530475.4,1838948.6,8126.7598,7229.0601,9210.2305,8126.7598,7229.0601,9210.2305,8126.7598,7229.0601,9210.2305,8197.6699,7253.8901,9232.2803,8197.6699,7253.8901,9232.2803,8197.6699,7253.8901,9232.2803,1064.8199,1140.16,1225.13,1064.8199,1140.16,1225.13,1064.8199,1140.16,1225.13,1060.41,1151.96,1276.9301,1060.41,1151.96,1276.9301,1060.41,1151.96,1276.9301,87.790001,96.830002,109.6,87.790001,96.830002,109.6,87.790001,96.830002,109.6,86.93,97.68,111.18,86.93,97.68,111.18,86.93,97.68,111.18,470.64999,503.17999,541.65002,470.64999,503.17999,541.65002,470.64999,503.17999,541.65002,470.06,508.41,562.66998,470.06,508.41,562.66998,470.06,508.41,562.66998,25.049999,27.639999,31.290001,25.049999,27.639999,31.290001,25.049999,27.639999,31.290001,24.809999,27.879999,31.73,24.809999,27.879999,31.73,24.809999,27.879999,31.73,51368.488,57368.32,64785.051,51368.488,57368.32,64785.051,51368.488,57368.32,64785.051,51391.359,57874.98,65118.691,51391.359,57874.98,65118.691,51391.359,57874.98,65118.691,1.3099999,1.34,1.37,1.3099999,1.34,1.37,1.3099999,1.34,1.37,1.3099999,1.34,1.37,1.3099999,1.34,1.37,1.3099999,1.34,1.37,1.34,1.37,1.4,1.34,1.37,1.4,1.34,1.37,1.4,1.34,1.37,1.4,1.34,1.37,1.4,1.34,1.37,1.4,.42230853,.44348782,.40574446,.42230853,.44348782,.40574446,.42230853,.44348782,.40574446,.42316902,.44017762,.41809821,.42316902,.44017762,.41809821,.42316902,.44017762,.41809821,189.98169,68157.422,358.75784,12312.569,6418,6418,6418,78,78,78,101650,101650,101650,1680,1680,1680,4.6428571,4.6428571,4.6428571,167.9077,7854.3999,46.77808,3648.6902,,,,,,,,,,,,,,,,,,,,21.538462,15.838267,,,402.80878,560.38202,,,,,236.7937,335.20035,236.7937,335.20035,236.7937,335.20035,21.538462,15.838267,,,1,,2.3890648,2.3890648,2.3890648,.44,.44,.44,1,,1,,44.679897,,,4.837357,4.837357,4.837357,1,,1,,2.3890646,2.3890646,2.3890646,.77045965,.77045965,.77045965,1,,1,,84.528748,,,16.305971,16.305971,16.305971,1,
07May2020,Iran,68,6486,136,340,12972,32430,1485,103135,2970,7425,206270,515675,82744,1157,4.5791245,13905,60.535713,1439.3125,168.70255,6686.9453,39.637489,2695.3494,,,,,,,,,,,,,,,,,,,,,,,,11277.273,13112.509,9619.3496,1517.71,1764.6982,1294.5844,1033.1387,1220.1625,888.13232,336.07837,391.12177,294.1283,162.45639,,,15495.474,,,137.70343,137.70343,137.70343,15440.052,15440.052,15440.052,68,,,6486,,,57.639057,57.639057,57.639057,6462.8022,6462.8022,6462.8022,15.17775,76041.5,65276.281,88537.984,8668388,10166375,7317473.5,162.45639,,,15495.474,,,137.70343,137.70343,137.70343,15440.052,15440.052,15440.052,15.17775,,,,,,,162.45639,,,15495.474,,,137.70343,137.70343,137.70343,15440.052,15440.052,15440.052,15.17775,,,,,,,.19271706,,,18.381805,,,.16335337,.16335337,.16335337,18.316061,18.316061,18.316061,.080666319,,,7.6941433,,,.068375453,.068375453,.068375453,7.6666245,7.6666245,7.6666245,1.7616102,90.205704,77.435257,105.0299,.21364175,,,,,,,,,366.98276,119074.13,324.4679,52711.883,4977.96,4507.9702,5447.9702,4977.96,4507.9702,5447.9702,4977.96,4507.9702,5447.9702,5012.5098,4578.5898,5566.1499,5012.5098,4578.5898,5566.1499,5012.5098,4578.5898,5566.1499,33.150002,31,35.75,33.150002,31,35.75,33.150002,31,35.75,33.509998,30.889999,37.209999,33.509998,30.889999,37.209999,33.509998,30.889999,37.209999,1666053.9,1511295.1,1808583.6,1666053.9,1511295.1,1808583.6,1666053.9,1511295.1,1808583.6,1677971.5,1539046.4,1847073.9,1677971.5,1539046.4,1847073.9,1677971.5,1539046.4,1847073.9,8551.8701,7642.3999,9645.7998,8551.8701,7642.3999,9645.7998,8551.8701,7642.3999,9645.7998,8627.5,7651.02,9691.46,8627.5,7651.02,9691.46,8627.5,7651.02,9691.46,1034.58,1109.0601,1198.52,1034.58,1109.0601,1198.52,1034.58,1109.0601,1198.52,1031.01,1120.35,1245.63,1031.01,1120.35,1245.63,1031.01,1120.35,1245.63,88.779999,98.169998,111.28,88.779999,98.169998,111.28,88.779999,98.169998,111.28,87.940002,99.029999,112.47,87.940002,99.029999,112.47,87.940002,99.029999,112.47,456.45999,488.35001,521.83002,456.45999,488.35001,521.83002,456.45999,488.35001,521.83002,456.16,493.38,544.82001,456.16,493.38,544.82001,456.16,493.38,544.82001,25.34,28.02,31.77,25.34,28.02,31.77,25.34,28.02,31.77,25.1,28.27,32.099998,25.1,28.27,32.099998,25.1,28.27,32.099998,53575.93,59908.078,67394.289,53575.93,59908.078,67394.289,53575.93,59908.078,67394.289,53734.219,60442.102,67859.133,53734.219,60442.102,67859.133,53734.219,60442.102,67859.133,1.3099999,1.34,1.37,1.3099999,1.34,1.37,1.3099999,1.34,1.37,1.3099999,1.34,1.37,1.3099999,1.34,1.37,1.3099999,1.34,1.37,1.34,1.37,1.4,1.34,1.37,1.4,1.34,1.37,1.4,1.34,1.37,1.4,1.34,1.37,1.4,1.34,1.37,1.4,.38763452,.40563175,.37062764,.38763452,.40563175,.37062764,.38763452,.40563175,.37062764,.38840914,.40373701,.38394627,.38840914,.40373701,.38394627,.38840914,.40373701,.38394627,189.98169,68157.422,358.75784,11892.823,6486,6486,6486,68,68,68,103135,103135,103135,1485,1485,1485,4.5791245,4.5791245,4.5791245,167.9077,7854.3999,46.77808,3180.9094,,,,,,,,,,,,,,,,,,,,21.838236,15.901172,,,468.0733,559.41418,,,,,257.97495,334.68607,257.97495,334.68607,257.97495,334.68607,21.838236,15.901172,,,1,,2.3890646,2.3890646,2.3890646,.48750001,.48750001,.48750001,1,,1,,51.206398,,,5.7588353,5.7588353,5.7588353,1,,1,,2.3890648,2.3890648,2.3890648,.76749307,.76749307,.76749307,1,,1,,84.048943,,,16.154108,16.154108,16.154108,1,
08May2020,Iran,55,6541,110,275,13082,32705,1556,104691,3112,7780,209382,523455,83837,1093,3.5347044,14313,58.357143,1496.6161,168.70255,6686.9453,39.637489,2180.062,,,,,,,,,,,,,,,,,,,,,,,,11258.809,13122.441,9596.7607,1508.5229,1758.2238,1285.8318,1041.5936,1224.6482,890.75275,337.13727,391.49823,294.23721,131.39856,,,15626.872,,,132.7802,132.7802,132.7802,15572.832,15572.832,15572.832,55,,,6541,,,55.578316,55.578316,55.578316,6518.3804,6518.3804,6518.3804,15.498702,77051.344,66288.18,89894.18,8745440,10256269,7383761.5,131.39856,,,15626.872,,,132.7802,132.7802,132.7802,15572.832,15572.832,15572.832,15.498702,,,,,,,131.39856,,,15626.872,,,132.7802,132.7802,132.7802,15572.832,15572.832,15572.832,15.498702,,,,,,,.15587409,,,18.53768,,,.15751308,.15751308,.15751308,18.473576,18.473576,18.473576,.065244816,,,7.7593884,,,.065930858,.065930858,.065930858,7.7325554,7.7325554,7.7325554,1.8458352,91.403656,78.635643,106.63871,.17053376,,,,,,,,,366.98276,119074.13,324.4679,42634.613,5010.0601,4536.4502,5480.7798,5010.0601,4536.4502,5480.7798,5010.0601,4536.4502,5480.7798,5044.9399,4609.04,5599.4399,5044.9399,4609.04,5599.4399,5044.9399,4609.04,5599.4399,32.09,30,34.369999,32.09,30,34.369999,32.09,30,34.369999,32.43,29.959999,35.919998,32.43,29.959999,35.919998,32.43,29.959999,35.919998,1675026.1,1520673.5,1816945.6,1675026.1,1520673.5,1816945.6,1675026.1,1520673.5,1816945.6,1687024,1548049.5,1855609.4,1687024,1548049.5,1855609.4,1687024,1548049.5,1855609.4,8972.3203,8061.1299,10078.6,8972.3203,8061.1299,10078.6,8972.3203,8061.1299,10078.6,9052.5801,8042.73,10146.81,9052.5801,8042.73,10146.81,9052.5801,8042.73,10146.81,1009.93,1083.88,1177.58,1009.93,1083.88,1177.58,1009.93,1083.88,1177.58,1005.45,1094.74,1220.66,1005.45,1094.74,1220.66,1005.45,1094.74,1220.66,90.790001,100.58,113.99,90.790001,100.58,113.99,90.790001,100.58,113.99,90.010002,101.47,114.94,90.010002,101.47,114.94,90.010002,101.47,114.94,444.01001,475.45001,506.48001,444.01001,475.45001,506.48001,444.01001,475.45001,506.48001,443.85999,480.29001,530.78998,443.85999,480.29001,530.78998,443.85999,480.29001,530.78998,25.91,28.709999,32.540001,25.91,28.709999,32.540001,25.91,28.709999,32.540001,25.690001,28.959999,32.810001,25.690001,28.959999,32.810001,25.690001,28.959999,32.810001,56248.539,62568.922,70130.867,56248.539,62568.922,70130.867,56248.539,62568.922,70130.867,56193.941,63131.738,70733.211,56193.941,63131.738,70733.211,56193.941,63131.738,70733.211,1.3099999,1.34,1.37,1.3099999,1.34,1.37,1.3099999,1.34,1.37,1.3099999,1.34,1.37,1.3099999,1.34,1.37,1.3099999,1.34,1.37,1.34,1.37,1.4,1.34,1.37,1.4,1.34,1.37,1.4,1.34,1.37,1.4,1.34,1.37,1.4,1.34,1.37,1.4,.35765553,.37215626,.3410196,.35765553,.37215626,.3410196,.35765553,.37215626,.3410196,.35824043,.37251031,.35400289,.35824043,.37251031,.35400289,.35824043,.37251031,.35400289,189.98169,68157.422,358.75784,11512.539,6541,6541,6541,55,55,55,104691,104691,104691,1556,1556,1556,3.5347044,3.5347044,3.5347044,167.9077,7854.3999,46.77808,2572.7944,,,,,,,,,,,,,,,,,,,,28.290909,16.00535,,,586.3941,559.64111,,,,,279.59863,334.33255,279.59863,334.33255,279.59863,334.33255,28.290909,16.00535,,,1,,2.3890648,2.3890648,2.3890648,.58345455,.58345455,.58345455,1,,1,,49.51886,,,5.7662725,5.7662725,5.7662725,1,,1,,2.3890648,2.3890648,2.3890648,.7659471,.7659471,.7659471,1,,1,,83.535736,,,15.999715,15.999715,15.999715,1,
09May2020,Iran,48,6589,96,240,13178,32945,1529,106220,3058,7645,212440,531100,85064,1227,3.1393068,14567,56.205357,1546.4286,168.70255,6686.9453,39.637489,1902.5995,,,,,,,,,,,,,,,,,,,,,,,,11259.099,13145.99,9589.4238,1501.0321,1752.5874,1278.4357,1050.8888,1229.042,897.5675,339.44449,392.88336,295.67435,114.6751,,,15741.547,,,128.80974,128.80974,128.80974,15701.642,15701.642,15701.642,48,,,6589,,,53.916389,53.916389,53.916389,6572.2969,6572.2969,6572.2969,15.785075,78090.094,67542.766,91584.305,8823530,10347853,7451304.5,114.6751,,,15741.547,,,128.80974,128.80974,128.80974,15701.642,15701.642,15701.642,15.785075,,,,,,,114.6751,,,15741.547,,,128.80974,128.80974,128.80974,15701.642,15701.642,15701.642,15.785075,,,,,,,.13603556,,,18.673716,,,.15280306,.15280306,.15280306,18.626377,18.626377,18.626377,.056940932,,,7.816329,,,.063959368,.063959368,.063959368,7.796515,7.796515,7.796515,1.8138059,92.635887,80.123917,108.64365,.14684974,,,,,,,,,366.98276,119074.13,324.4679,37208.391,5041.2002,4564.1499,5512.3799,5041.2002,4564.1499,5512.3799,5041.2002,4564.1499,5512.3799,5076.4102,4638.7202,5631.52,5076.4102,4638.7202,5631.52,5076.4102,4638.7202,5631.52,31.15,29.09,33.279999,31.15,29.09,33.279999,31.15,29.09,33.279999,31.469999,28.99,34.82,31.469999,28.99,34.82,31.469999,28.99,34.82,1684424,1530504.5,1825713.3,1684424,1530504.5,1825713.3,1684424,1530504.5,1825713.3,1696506.9,1557491.6,1864558.9,1696506.9,1557491.6,1864558.9,1696506.9,1557491.6,1864558.9,9397.8701,8488.5898,10524.88,9397.8701,8488.5898,10524.88,9397.8701,8488.5898,10524.88,9482.8096,8438.8799,10624.39,9482.8096,8438.8799,10624.39,9482.8096,8438.8799,10624.39,990.85999,1065.08,1162.79,990.85999,1065.08,1162.79,990.85999,1065.08,1162.79,985.47998,1075.59,1202.51,985.47998,1075.59,1202.51,985.47998,1075.59,1202.51,93.349998,103.83,117.54,93.349998,103.83,117.54,93.349998,103.83,117.54,92.919998,104.75,118.32,92.919998,104.75,118.32,92.919998,104.75,118.32,433.51999,464.63,496.66,433.51999,464.63,496.66,433.51999,464.63,496.66,432.73001,469.32001,519.96002,432.73001,469.32001,519.96002,432.73001,469.32001,519.96002,26.639999,29.639999,33.549999,26.639999,29.639999,33.549999,26.639999,29.639999,33.549999,26.52,29.9,33.77,26.52,29.9,33.77,26.52,29.9,33.77,59069.078,65361.711,73109.109,59069.078,65361.711,73109.109,59069.078,65361.711,73109.109,58781.43,65954.938,73801.781,58781.43,65954.938,73801.781,58781.43,65954.938,73801.781,1.3099999,1.34,1.37,1.3099999,1.34,1.37,1.3099999,1.34,1.37,1.3099999,1.34,1.37,1.3099999,1.34,1.37,1.3099999,1.34,1.37,1.34,1.37,1.4,1.34,1.37,1.4,1.34,1.37,1.4,1.34,1.37,1.4,1.34,1.37,1.4,1.34,1.37,1.4,.33145809,.34269533,.31620312,.33145809,.34269533,.31620312,.33145809,.34269533,.31620312,.33186367,.34352902,.32773647,.33186367,.34352902,.32773647,.33186367,.34352902,.32773647,189.98169,68157.422,358.75784,11175.307,6589,6589,6589,48,48,48,106220,106220,106220,1529,1529,1529,3.1393068,3.1393068,3.1393068,167.9077,7854.3999,46.77808,2245.3479,,,,,,,,,,,,,,,,,,,,31.854166,16.120808,,,680.96814,560.52496,,,,,301.69727,334.13153,301.69727,334.13153,301.69727,334.13153,31.854166,16.120808,,,1,,2.3890646,2.3890646,2.3890646,.64895833,.64895833,.64895833,1,,1,,51.072659,,,6.1464162,6.1464162,6.1464162,1,,1,,2.3890646,2.3890646,2.3890646,.76509339,.76509339,.76509339,1,,1,,83.068443,,,15.85788,15.85788,15.85788,1,
10May2020,Iran,51,6640,102,255,13280,33200,1383,107603,2766,6915,215206,538015,86143,1079,3.6876357,14820,54.160713,1592.875,168.70255,6686.9453,39.637489,2021.512,,,,,,,,,,,,,,,,,,,,,,,,11277.974,13189.941,9595.8223,1499.8804,1754.1569,1276.1677,1060.9763,1233.3744,907.68719,343.02151,395.26083,299.17044,121.8423,,,15863.39,,,126.03761,126.03761,126.03761,15827.68,15827.68,15827.68,51,,,6640,,,52.756046,52.756046,52.756046,6625.0527,6625.0527,6625.0527,16.038748,79156.234,68862.508,93252.828,8902686,10441106,7520167,121.8423,,,15863.39,,,126.03761,126.03761,126.03761,15827.68,15827.68,15827.68,16.038748,,,,,,,121.8423,,,15863.39,,,126.03761,126.03761,126.03761,15827.68,15827.68,15827.68,16.038748,,,,,,,.14453779,,,18.818254,,,.14951456,.14951456,.14951456,18.775892,18.775892,18.775892,.060499739,,,7.8768291,,,.062582888,.062582888,.062582888,7.8590975,7.8590975,7.8590975,1.6406106,93.90062,81.689484,110.62298,.15392634,,,,,,,,,366.98276,119074.13,324.4679,39533.914,5071.5298,4591.2202,5542.9302,5071.5298,4591.2202,5542.9302,5071.5298,4591.2202,5542.9302,5107.0498,4667.7402,5662.54,5107.0498,4667.7402,5662.54,5107.0498,4667.7402,5662.54,30.33,28.299999,32.57,30.33,28.299999,32.57,30.33,28.299999,32.57,30.639999,28.219999,34,30.639999,28.219999,34,30.639999,28.219999,34,1694260,1540802.9,1834898,1694260,1540802.9,1834898,1694260,1540802.9,1834898,1706432.6,1567387,1873934.6,1706432.6,1567387,1873934.6,1706432.6,1567387,1873934.6,9836.0498,8897.96,10993.04,9836.0498,8897.96,10993.04,9836.0498,8897.96,10993.04,9925.8096,8847.0098,11119.93,9925.8096,8847.0098,11119.93,9925.8096,8847.0098,11119.93,977.97998,1052.84,1154.4,977.97998,1052.84,1154.4,977.97998,1052.84,1154.4,971.84998,1063.08,1191.39,971.84998,1063.08,1191.39,971.84998,1063.08,1191.39,96.5,107.73,121.78,96.5,107.73,121.78,96.5,107.73,121.78,96.459999,108.68,122.39,96.459999,108.68,122.39,96.459999,108.68,122.39,425.07001,455.98999,489.67001,425.07001,455.98999,489.67001,425.07001,455.98999,489.67001,424.48001,460.54001,511.45999,424.48001,460.54001,511.45999,424.48001,460.54001,511.45999,27.540001,30.75,34.759998,27.540001,30.75,34.759998,27.540001,30.75,34.759998,27.530001,31.02,34.939999,27.530001,31.02,34.939999,27.530001,31.02,34.939999,61836.852,68293.742,76248.477,61836.852,68293.742,76248.477,61836.852,68293.742,76248.477,61503.922,68919.047,77130.703,61503.922,68919.047,77130.703,61503.922,68919.047,77130.703,1.3099999,1.34,1.37,1.3099999,1.34,1.37,1.3099999,1.34,1.37,1.3099999,1.34,1.37,1.3099999,1.34,1.37,1.3099999,1.34,1.37,1.34,1.37,1.4,1.34,1.37,1.4,1.34,1.37,1.4,1.34,1.37,1.4,1.34,1.37,1.4,1.34,1.37,1.4,.30835548,.31805041,.29627836,.30835548,.31805041,.29627836,.30835548,.31805041,.29627836,.30869019,.31897783,.30575734,.30869019,.31897783,.30575734,.30869019,.31897783,.30575734,189.98169,68157.422,358.75784,10881.125,6640,6640,6640,51,51,51,107603,107603,107603,1383,1383,1383,3.6876357,3.6876357,3.6876357,167.9077,7854.3999,46.77808,2385.6821,,,,,,,,,,,,,,,,,,,,27.117647,16.205271,,,649.66138,561.20959,,,,,324.30103,334.07278,324.30103,334.07278,324.30103,334.07278,27.117647,16.205271,,,1,,2.3890648,2.3890648,2.3890648,.59470588,.59470588,.59470588,1,,1,,57.235165,,,7.1121111,7.1121111,7.1121111,1,,1,,2.3890648,2.3890648,2.3890648,.76378459,.76378459,.76378459,1,,1,,82.736412,,,15.745472,15.745472,15.745472,1,
11May2020,Iran,45,6685,90,225,13370,33425,1683,109286,3366,8415,218572,546430,87422,1279,2.6737969,15179,52.57143,1641.2589,168.70255,6686.9453,39.637489,1783.687,,,,,,,,,,,,,,,,,,,,,,,,11315.183,13340.106,9618.0205,1509.9182,1780.1278,1283.4459,1071.8127,1237.6764,919.34546,347.92371,398.65146,304.04327,107.50791,,,15970.897,,,124.70773,124.70773,124.70773,15952.388,15952.388,15952.388,45,,,6685,,,52.199394,52.199394,52.199394,6677.2524,6677.2524,6677.2524,16.268698,80248.422,70246.531,94882.008,8982934,10535988,7590413.5,107.50791,,,15970.897,,,124.70773,124.70773,124.70773,15952.388,15952.388,15952.388,16.268698,,,,,,,107.50791,,,15970.897,,,124.70773,124.70773,124.70773,15952.388,15952.388,15952.388,16.268698,,,,,,,.12753335,,,18.945787,,,.14793696,.14793696,.14793696,18.92383,18.92383,18.92383,.053382125,,,7.9302111,,,.061922543,.061922543,.061922543,7.92102,7.92102,7.92102,1.9964914,95.196251,83.331314,112.55563,.13396887,,,,,,,,,366.98276,119074.13,324.4679,34882.867,5101.1899,4617.7798,5572.5898,5101.1899,4617.7798,5572.5898,5101.1899,4617.7798,5572.5898,5137.0098,4696.2202,5692.6602,5137.0098,4696.2202,5692.6602,5137.0098,4696.2202,5692.6602,29.66,27.65,32.02,29.66,27.65,32.02,29.66,27.65,32.02,29.959999,27.58,33.330002,29.959999,27.58,33.330002,29.959999,27.58,33.330002,1704551.6,1551587.6,1844516.9,1704551.6,1551587.6,1844516.9,1704551.6,1551587.6,1844516.9,1716819,1577754.4,1883753.5,1716819,1577754.4,1883753.5,1716819,1577754.4,1883753.5,10291.59,9323.9004,11478.82,10291.59,9323.9004,11478.82,10291.59,9323.9004,11478.82,10386.37,9271.8398,11635.4,10386.37,9271.8398,11635.4,10386.37,9271.8398,11635.4,971.35999,1047.11,1152.38,971.35999,1047.11,1152.38,971.35999,1047.11,1152.38,964.51001,1057.17,1188.9399,964.51001,1057.17,1188.9399,964.51001,1057.17,1188.9399,100.13,112.11,126.26,100.13,112.11,126.26,100.13,112.11,126.26,100.49,113.11,127.08,100.49,113.11,127.08,100.49,113.11,127.08,418.69,449.54001,484.84,418.69,449.54001,484.84,418.69,449.54001,484.84,418.10001,453.98001,505.31,418.10001,453.98001,505.31,418.10001,453.98001,505.31,28.58,32.009998,36.040001,28.58,32.009998,36.040001,28.58,32.009998,36.040001,28.68,32.290001,36.279999,28.68,32.290001,36.279999,28.68,32.290001,36.279999,64710.219,71370.898,79534.727,64710.219,71370.898,79534.727,64710.219,71370.898,79534.727,64367.238,72030.063,80622.367,64367.238,72030.063,80622.367,64367.238,72030.063,80622.367,1.3099999,1.34,1.37,1.3099999,1.34,1.37,1.3099999,1.34,1.37,1.3099999,1.34,1.37,1.3099999,1.34,1.37,1.3099999,1.34,1.37,1.34,1.37,1.4,1.34,1.37,1.4,1.34,1.37,1.4,1.34,1.37,1.4,1.34,1.37,1.4,1.34,1.37,1.4,.28819647,.29654971,.27894852,.28819647,.29654971,.27894852,.28819647,.29654971,.27894852,.28845495,.29745984,.28645343,.28845495,.29745984,.28645343,.28845495,.29745984,.28645343,189.98169,68157.422,358.75784,10640.758,6685,6685,6685,45,45,45,109286,109286,109286,1683,1683,1683,2.6737969,2.6737969,2.6737969,167.9077,7854.3999,46.77808,2105.0137,,,,,,,,,,,,,,,,,,,,37.400002,16.347942,,,746.44202,562.45642,,,,,346.9855,334.14786,346.9855,334.14786,346.9855,334.14786,37.400002,16.347942,,,1,,2.3890648,2.3890648,2.3890648,.65911108,.65911108,.65911108,1,,1,,47.68177,,,6.1150265,6.1150265,6.1150265,1,,1,,2.3890648,2.3890648,2.3890648,.76308,.76308,.76308,1,,1,,82.196564,,,15.597163,15.597163,15.597163,1,
12May2020,Iran,48,6733,96,240,13466,33665,1481,110767,2962,7405,221534,553835,88357,935,3.2410533,15677,51.63393,1694.9019,168.70255,6686.9453,39.637489,1902.5995,,,,,,,,,,,,,,,,,,,,,,,,11370.177,13485.57,9655.5957,1532.868,1818.0543,1301.7172,1083.3558,1246.3474,931.01813,354.04132,402.92722,310.31696,114.6751,,,16085.572,,,124.88646,124.88646,124.88646,16077.273,16077.273,16077.273,48,,,6733,,,52.274204,52.274204,52.274204,6729.5264,6729.5264,6729.5264,16.488564,81365.398,71693.883,96271.883,9064300,10632260,7662107,114.6751,,,16085.572,,,124.88646,124.88646,124.88646,16077.273,16077.273,16077.273,16.488564,,,,,,,114.6751,,,16085.572,,,124.88646,124.88646,124.88646,16077.273,16077.273,16077.273,16.488564,,,,,,,.13603556,,,19.081823,,,.14814898,.14814898,.14814898,19.071978,19.071978,19.071978,.056940932,,,7.9871521,,,.06201129,.06201129,.06201129,7.9830313,7.9830313,7.9830313,1.756865,96.521286,85.048264,114.20438,.14093842,,,,,,,,,366.98276,119074.13,324.4679,37208.391,5130.3301,4643.98,5601.5098,5130.3301,4643.98,5601.5098,5130.3301,4643.98,5601.5098,5166.4502,4724.3301,5722.0498,5166.4502,4724.3301,5722.0498,5166.4502,4724.3301,5722.0498,29.139999,27.139999,31.620001,29.139999,27.139999,31.620001,29.139999,27.139999,31.620001,29.43,27.040001,32.82,29.43,27.040001,32.82,29.43,27.040001,32.82,1715318.9,1562880.5,1854674.3,1715318.9,1562880.5,1854674.3,1715318.9,1562880.5,1854674.3,1727686.4,1588615.4,1894035.4,1727686.4,1588615.4,1894035.4,1727686.4,1588615.4,1894035.4,10767.22,9761.0195,11984.92,10767.22,9761.0195,11984.92,10767.22,9761.0195,11984.92,10867.28,9716.1201,12173.65,10867.28,9716.1201,12173.65,10867.28,9716.1201,12173.65,970.46002,1047.6899,1156.58,970.46002,1047.6899,1156.58,970.46002,1047.6899,1156.58,961.48999,1057.65,1193.73,961.48999,1057.65,1193.73,961.48999,1057.65,1193.73,104.96,116.91,131.17999,104.96,116.91,131.17999,104.96,116.91,131.17999,104.91,117.96,132.25,104.91,117.96,132.25,104.91,117.96,132.25,414.37,445.26999,482.17999,414.37,445.26999,482.17999,414.37,445.26999,482.17999,413.44,449.63,501.5,413.44,449.63,501.5,413.44,449.63,501.5,29.969999,33.380001,37.450001,29.969999,33.380001,37.450001,29.969999,33.380001,37.450001,29.950001,33.68,37.759998,29.950001,33.68,37.759998,29.950001,33.68,37.759998,67682.617,74598.781,82973.203,67682.617,74598.781,82973.203,67682.617,74598.781,82973.203,67376.906,75293.609,84283.148,67376.906,75293.609,84283.148,67376.906,75293.609,84283.148,1.3099999,1.34,1.37,1.3099999,1.34,1.37,1.3099999,1.34,1.37,1.3099999,1.34,1.37,1.3099999,1.34,1.37,1.3099999,1.34,1.37,1.34,1.37,1.4,1.34,1.37,1.4,1.34,1.37,1.4,1.34,1.37,1.4,1.34,1.37,1.4,1.34,1.37,1.4,.27063626,.27804473,.26383156,.27063626,.27804473,.26383156,.27063626,.27804473,.26383156,.27081293,.2783004,.26959866,.27081293,.2783004,.26959866,.27081293,.2783004,.26959866,189.98169,68157.422,358.75784,10454.203,6733,6733,6733,48,48,48,110767,110767,110767,1481,1481,1481,3.2410533,3.2410533,3.2410533,167.9077,7854.3999,46.77808,2245.3479,,,,,,,,,,,,,,,,,,,,30.854166,16.451359,,,709.52979,563.505,,,,,369.49966,334.34863,369.49966,334.34863,369.49966,334.34863,30.854166,16.451359,,,1,,2.3890646,2.3890646,2.3890646,.60708332,.60708332,.60708332,1,,1,,54.939499,,,7.270236,7.270236,7.270236,1,,1,,2.3890646,2.3890646,2.3890646,.76196796,.76196796,.76196796,1,,1,,81.83213,,,15.485829,15.485829,15.485829,1,
13May2020,Iran,50,6783,100,250,13566,33915,1958,112725,3916,9790,225450,563625,89428,1071,2.5536261,16514,51.339287,1753.7858,168.70255,6686.9453,39.637489,1981.8745,,,,,,,,,,,,,,,,,,,,,,,,11442.1,13552.376,9707.8477,1567.741,1856.8807,1330.1222,1095.5645,1257.9194,939.91711,360.82135,408.11218,316.13541,119.45323,,,16205.025,,,126.22999,126.22999,126.22999,16203.504,16203.504,16203.504,50,,,6783,,,52.836575,52.836575,52.836575,6782.3633,6782.3633,6782.3633,16.713623,82505.875,72811.273,97155.641,9146806,10729416,7734918.5,119.45323,,,16205.025,,,126.22999,126.22999,126.22999,16203.504,16203.504,16203.504,16.713623,,,,,,,119.45323,,,16205.025,,,126.22999,126.22999,126.22999,16203.504,16203.504,16203.504,16.713623,,,,,,,.14170372,,,19.223526,,,.14974278,.14974278,.14974278,19.221722,19.221722,19.221722,.059313472,,,8.0464659,,,.062678412,.062678412,.062678412,8.0457096,8.0457096,8.0457096,2.3227155,97.874199,86.373787,115.25276,.14478149,,,,,,,,,366.98276,119074.13,324.4679,38758.738,5159.1099,4669.96,5629.8799,5159.1099,4669.96,5629.8799,5159.1099,4669.96,5629.8799,5195.5098,4752.1899,5750.8901,5195.5098,4752.1899,5750.8901,5195.5098,4752.1899,5750.8901,28.780001,26.77,31.370001,28.780001,26.77,31.370001,28.780001,26.77,31.370001,29.059999,26.639999,32.48,29.059999,26.639999,32.48,29.059999,26.639999,32.48,1726583.5,1574705.5,1865373,1726583.5,1574705.5,1865373,1726583.5,1574705.5,1865373,1739056.5,1599863.3,1904801.9,1739056.5,1599863.3,1904801.9,1739056.5,1599863.3,1904801.9,11264.61,10213.8,12512.96,11264.61,10213.8,12512.96,11264.61,10213.8,12512.96,11370.2,10181.47,12736.47,11370.2,10181.47,12736.47,11370.2,10181.47,12736.47,974.81,1054.33,1166.74,974.81,1054.33,1166.74,974.81,1054.33,1166.74,964.51001,1064.27,1199.78,964.51001,1064.27,1199.78,964.51001,1064.27,1199.78,110.17,122.05,136.63,110.17,122.05,136.63,110.17,122.05,136.63,109.67,123.16,137.86,109.67,123.16,137.86,109.67,123.16,137.86,412.06,443.14001,481.63,412.06,443.14001,481.63,412.06,443.14001,481.63,410.60001,447.45001,499.98001,410.60001,447.45001,499.98001,410.60001,447.45001,499.98001,31.450001,34.849998,39.009998,31.450001,34.849998,39.009998,31.450001,34.849998,39.009998,31.309999,35.16,39.360001,31.309999,35.16,39.360001,31.309999,35.16,39.360001,70746.82,77983.133,86569.383,70746.82,77983.133,86569.383,70746.82,77983.133,86569.383,70538.648,78715.508,88119.57,70538.648,78715.508,88119.57,70538.648,78715.508,88119.57,1.3099999,1.34,1.37,1.3099999,1.34,1.37,1.3099999,1.34,1.37,1.3099999,1.34,1.37,1.3099999,1.34,1.37,1.3099999,1.34,1.37,1.34,1.37,1.4,1.34,1.37,1.4,1.34,1.37,1.4,1.34,1.37,1.4,1.34,1.37,1.4,1.34,1.37,1.4,.25549042,.26209638,.25070009,.25549042,.26209638,.25070009,.25549042,.26209638,.25070009,.25558037,.26165181,.25501573,.25558037,.26165181,.25501573,.25558037,.26165181,.25501573,189.98169,68157.422,358.75784,10325.051,6783,6783,6783,50,50,50,112725,112725,112725,1958,1958,1958,2.5536261,2.5536261,2.5536261,167.9077,7854.3999,46.77808,2338.9041,,,,,,,,,,,,,,,,,,,,39.16,16.618753,,,690.69604,564.44257,,,,,391.40411,334.66693,391.40411,334.66693,391.40411,334.66693,39.16,16.618753,,,1,,2.3890646,2.3890646,2.3890646,.57560003,.57560003,.57560003,1,,1,,42.137833,,,5.7531209,5.7531209,5.7531209,1,,1,,2.3890646,2.3890646,2.3890646,.76059413,.76059413,.76059413,1,,1,,81.142654,,,15.316775,15.316775,15.316775,1,
14May2020,Iran,71,6854,142,355,13708,34270,1808,114533,3616,9040,229066,572665,90539,1111,3.9269912,17140,51.910713,1818.7144,168.70255,6686.9453,39.637489,2814.2617,,,,,,,,,,,,,,,,,,,,,,,,11529.808,13626.036,9788.6035,1611.7756,1904.8118,1368.3693,1108.4004,1276.9237,949.89856,367.6395,414.79117,321.92014,169.6236,,,16374.649,,,128.35645,128.35645,128.35645,16331.86,16331.86,16331.86,71,,,6854,,,53.726654,53.726654,53.726654,6836.0898,6836.0898,6836.0898,16.95784,83668.484,73259.016,98064.68,9230474,10827480,7808177.5,169.6236,,,16374.649,,,128.35645,128.35645,128.35645,16331.86,16331.86,16331.86,16.95784,,,,,,,169.6236,,,16374.649,,,128.35645,128.35645,128.35645,16331.86,16331.86,16331.86,16.95784,,,,,,,.20121928,,,19.424746,,,.15226533,.15226533,.15226533,19.373987,19.373987,19.373987,.084225126,,,8.1306906,,,.063734286,.063734286,.063734286,8.1094446,8.1094446,8.1094446,2.1447752,99.253365,86.90493,116.33113,.20273297,,,,,,,,,366.98276,119074.13,324.4679,55037.41,5187.6802,4695.8901,5657.8501,5187.6802,4695.8901,5657.8501,5187.6802,4695.8901,5657.8501,5224.3501,4779.96,5779.3398,5224.3501,4779.96,5779.3398,5224.3501,4779.96,5779.3398,28.57,26.540001,31.26,28.57,26.540001,31.26,28.57,26.540001,31.26,28.85,26.379999,32.310001,28.85,26.379999,32.310001,28.85,26.379999,32.310001,1738368.4,1587087.3,1876579.1,1738368.4,1587087.3,1876579.1,1738368.4,1587087.3,1876579.1,1750952.9,1611332.1,1916167.8,1750952.9,1611332.1,1916167.8,1750952.9,1611332.1,1916167.8,11784.92,10685.71,13064.08,11784.92,10685.71,13064.08,11784.92,10685.71,13064.08,11896.32,10669.07,13328.18,11896.32,10669.07,13328.18,11896.32,10669.07,13328.18,984.66998,1066.6801,1182.5601,984.66998,1066.6801,1182.5601,984.66998,1066.6801,1182.5601,973.26001,1076.6801,1211.92,973.26001,1076.6801,1211.92,973.26001,1076.6801,1211.92,115.39,127.51,142.47,115.39,127.51,142.47,115.39,127.51,142.47,114.75,128.67,144.06,114.75,128.67,144.06,114.75,128.67,144.06,411.70999,443.09,483.14001,411.70999,443.09,483.14001,411.70999,443.09,483.14001,409.76001,447.35999,500.67999,409.76001,447.35999,500.67999,409.76001,447.35999,500.67999,32.939999,36.41,40.68,32.939999,36.41,40.68,32.939999,36.41,40.68,32.759998,36.740002,41.130001,32.759998,36.740002,41.130001,32.759998,36.740002,41.130001,73959.008,81529.969,90328.969,73959.008,81529.969,90328.969,73959.008,81529.969,90328.969,73853.742,82301.867,92149.391,73853.742,82301.867,92149.391,73853.742,82301.867,92149.391,1.3,1.34,1.37,1.3,1.34,1.37,1.3,1.34,1.37,1.3099999,1.34,1.37,1.3099999,1.34,1.37,1.3099999,1.34,1.37,1.34,1.37,1.4,1.34,1.37,1.4,1.34,1.37,1.4,1.34,1.37,1.4,1.34,1.37,1.4,1.34,1.37,1.4,.24242845,.2483691,.23928206,.24242845,.2483691,.23928206,.24242845,.2483691,.23928206,.24251197,.24725677,.24241871,.24251197,.24725677,.24241871,.24251197,.24725677,.24241871,189.98169,68157.422,358.75784,10249.712,6854,6854,6854,71,71,71,114533,114533,114533,1808,1808,1808,3.9269912,3.9269912,3.9269912,167.9077,7854.3999,46.77808,3321.2437,,,,,,,,,,,,,,,,,,,,25.464788,16.710388,,,493.2597,563.70514,,,,,412.49283,335.09552,412.49283,335.09552,412.49283,335.09552,25.464788,16.710388,,,1,,2.3890648,2.3890648,2.3890648,.40239435,.40239435,.40239435,1,,1,,46.276817,,,6.518208,6.518208,6.518208,1,,1,,2.3890648,2.3890648,2.3890648,.75688362,.75688362,.75688362,1,,1,,80.592262,,,15.177882,15.177882,15.177882,1,
15May2020,Iran,48,6902,96,240,13804,34510,2102,116635,4204,10510,233270,583175,91836,1297,2.2835395,17897,53.05357,1889.8303,168.70255,6686.9453,39.637489,1902.5995,,,,,,,,,,,,,,,,,,,,,,,,11631.888,13704.564,9886.5762,1660.5364,1956.4259,1411.3805,1121.8287,1297.2198,960.9527,373.97507,423.38791,327.44559,114.6751,,,16489.324,,,130.87714,130.87714,130.87714,16462.738,16462.738,16462.738,48,,,6902,,,54.78175,54.78175,54.78175,6890.8716,6890.8716,6890.8716,17.231358,84851.758,73747.211,99603.156,9315326,10927084,7881924.5,114.6751,,,16489.324,,,130.87714,130.87714,130.87714,16462.738,16462.738,16462.738,17.231358,,,,,,,114.6751,,,16489.324,,,130.87714,130.87714,130.87714,16462.738,16462.738,16462.738,17.231358,,,,,,,.13603556,,,19.560781,,,.15525554,.15525554,.15525554,19.529242,19.529242,19.529242,.056940932,,,8.1876316,,,.064985916,.064985916,.064985916,8.1744299,8.1744299,8.1744299,2.4935384,100.65704,87.484062,118.15618,.13514759,,,,,,,,,366.98276,119074.13,324.4679,37208.391,5216.1899,4721.8999,5685.6099,5216.1899,4721.8999,5685.6099,5216.1899,4721.8999,5685.6099,5253.1401,4807.7798,5807.5801,5253.1401,4807.7798,5807.5801,5253.1401,4807.7798,5807.5801,28.51,26.459999,31.309999,28.51,26.459999,31.309999,28.51,26.459999,31.309999,28.790001,26.280001,32.330002,28.790001,26.280001,32.330002,28.790001,26.280001,32.330002,1750697.5,1600051.9,1888316.6,1750697.5,1600051.9,1888316.6,1750697.5,1600051.9,1888316.6,1763399.5,1623350,1928122.6,1763399.5,1623350,1928122.6,1763399.5,1623350,1928122.6,12329.16,11179.31,13662.5,12329.16,11179.31,13662.5,12329.16,11179.31,13662.5,12446.66,11177.95,13954.74,12446.66,11177.95,13954.74,12446.66,11177.95,13954.74,999.08002,1084.4399,1203.74,999.08002,1084.4399,1203.74,999.08002,1084.4399,1203.74,987.39001,1094.5601,1229.8,987.39001,1094.5601,1229.8,987.39001,1094.5601,1229.8,120.77,133.27,148.63,120.77,133.27,148.63,120.77,133.27,148.63,120.11,134.5,150.59,120.11,134.5,150.59,120.11,134.5,150.59,413.19,445.04001,486.64001,413.19,445.04001,486.64001,413.19,445.04001,486.64001,410.85999,449.31,503.13,410.85999,449.31,503.13,410.85999,449.31,503.13,34.48,38.049999,42.439999,34.48,38.049999,42.439999,34.48,38.049999,42.439999,34.290001,38.400002,43,34.290001,38.400002,43,34.290001,38.400002,43,77324.922,85245.703,94428.563,77324.922,85245.703,94428.563,77324.922,85245.703,94428.563,77321.797,86059.148,96435.188,77321.797,86059.148,96435.188,77321.797,86059.148,96435.188,1.3,1.34,1.37,1.3,1.34,1.37,1.3,1.34,1.37,1.3099999,1.34,1.36,1.3099999,1.34,1.36,1.3099999,1.34,1.36,1.34,1.37,1.4,1.34,1.37,1.4,1.34,1.37,1.4,1.34,1.37,1.4,1.34,1.37,1.4,1.34,1.37,1.4,.23124041,.23668724,.22916743,.23124041,.23668724,.22916743,.23124041,.23668724,.22916743,.23130704,.23510572,.23167756,.23130704,.23510572,.23167756,.23130704,.23510572,.23167756,189.98169,68157.422,358.75784,10228.187,6902,6902,6902,48,48,48,116635,116635,116635,2102,2102,2102,2.2835395,2.2835395,2.2835395,167.9077,7854.3999,46.77808,2245.3479,,,,,,,,,,,,,,,,,,,,43.791668,16.898726,,,739.93182,564.93073,,,,,432.45038,335.62762,432.45038,335.62762,432.45038,335.62762,43.791668,16.898726,,,1,,2.3890646,2.3890646,2.3890646,.59395832,.59395832,.59395832,1,,1,,40.367153,,,5.8654423,5.8654423,5.8654423,1,,1,,2.3890646,2.3890646,2.3890646,.75575048,.75575048,.75575048,1,,1,,79.867332,,,15.010053,15.010053,15.010053,1,
16May2020,Iran,35,6937,70,175,13874,34685,1757,118392,3514,8785,236784,591960,93147,1311,1.9920319,18308,54.392857,1960.9731,168.70255,6686.9453,39.637489,1387.3121,,,,,,,,,,,,,,,,,,,,,,,,11746.668,13786.379,10001.533,1707.9723,2004.5475,1454.2288,1135.8153,1317.0276,973.07172,379.58578,431.05145,332.47302,83.617264,,,16572.941,,,133.37808,133.37808,133.37808,16596.115,16596.115,16596.115,35,,,6937,,,55.828583,55.828583,55.828583,6946.7002,6946.7002,6946.7002,17.538979,86054.094,74622.516,101107.12,9401380,11028191,7956547,83.617264,,,16572.941,,,133.37808,133.37808,133.37808,16596.115,16596.115,16596.115,17.538979,,,,,,,83.617264,,,16572.941,,,133.37808,133.37808,133.37808,16596.115,16596.115,16596.115,17.538979,,,,,,,.099192604,,,19.659973,,,.15822235,.15822235,.15822235,19.687464,19.687464,19.687464,.04151943,,,8.2291508,,,.066227742,.066227742,.066227742,8.2406578,8.2406578,8.2406578,2.0842755,102.08334,88.522408,119.94028,.097168259,,,,,,,,,366.98276,119074.13,324.4679,27131.117,5244.79,4748.1499,5713.2998,5244.79,4748.1499,5713.2998,5244.79,4748.1499,5713.2998,5282.0098,4835.79,5835.7598,5282.0098,4835.79,5835.7598,5282.0098,4835.79,5835.7598,28.6,26.5,31.5,28.6,26.5,31.5,28.6,26.5,31.5,28.879999,26.290001,32.509998,28.879999,26.290001,32.509998,28.879999,26.290001,32.509998,1763595.9,1613626.5,1900884.1,1763595.9,1613626.5,1900884.1,1763595.9,1613626.5,1900884.1,1776421.8,1635943,1940636.8,1776421.8,1635943,1940636.8,1776421.8,1635943,1940636.8,12898.36,11695.55,14322.64,12898.36,11695.55,14322.64,12898.36,11695.55,14322.64,13022.27,11710.36,14610.37,13022.27,11710.36,14610.37,13022.27,11710.36,14610.37,1017.59,1107.29,1230.25,1017.59,1107.29,1230.25,1017.59,1107.29,1230.25,1006.58,1117.61,1253.58,1006.58,1117.61,1253.58,1006.58,1117.61,1253.58,126.38,139.33,155.08,126.38,139.33,155.08,126.38,139.33,155.08,125.76,140.62,157.45,125.76,140.62,157.45,125.76,140.62,157.45,416.29001,448.92001,492.07001,416.29001,448.92001,492.07001,416.29001,448.92001,492.07001,413.81,453.20999,507.20001,413.81,453.20999,507.20001,413.81,453.20999,507.20001,36.09,39.779999,44.279999,36.09,39.779999,44.279999,36.09,39.779999,44.279999,35.91,40.16,44.959999,35.91,40.16,44.959999,35.91,40.16,44.959999,80855.219,89145.789,98952.844,80855.219,89145.789,98952.844,80855.219,89145.789,98952.844,80960.008,90006.023,100928.75,80960.008,90006.023,100928.75,80960.008,90006.023,100928.75,1.4,1.5,1.6,1.4,1.5,1.6,1.4,1.5,1.6,1.4299999,1.5,1.59,1.4299999,1.5,1.59,1.4299999,1.5,1.59,1.4299999,1.53,1.64,1.4299999,1.53,1.64,1.4299999,1.53,1.64,1.46,1.54,1.63,1.46,1.54,1.63,1.46,1.54,1.63,.22173361,.22658192,.21993153,.22173361,.22658192,.21993153,.22173361,.22658192,.21993153,.22177394,.22450207,.22251317,.22177394,.22450207,.22251317,.22177394,.22450207,.22251317,189.98169,68157.422,358.75784,10260.475,6937,6937,6937,35,35,35,118392,118392,118392,1757,1757,1757,1.9920319,1.9920319,1.9920319,167.9077,7854.3999,46.77808,1637.2328,,,,,,,,,,,,,,,,,,,,50.200001,17.066744,,,1029.1427,567.27289,,,,,450.99161,336.25671,450.99161,336.25671,450.99161,336.25671,50.200001,17.066744,,,1,,2.3890648,2.3890648,2.3890648,.81714284,.81714284,.81714284,1,,1,,48.977856,,,7.3411269,7.3411269,7.3411269,1,,1,,2.3890646,2.3890646,2.3890646,.75606024,.75606024,.75606024,1,,1,,79.408913,,,14.896242,14.896242,14.896242,1,
17May2020,Iran,51,6988,102,255,13976,34940,1806,120198,3612,9030,240396,600990,94464,1317,2.8239202,18746,55.830357,2026.7678,168.70255,6686.9453,39.637489,2021.512,,,,,,,,,,,,,,,,,,,,,,,,11872.206,13869.762,10131.882,1747.405,2041.4143,1491.2562,1150.327,1336.1873,986.24945,384.22495,437.19925,336.74747,121.8423,,,16694.783,,,135.41422,135.41422,135.41422,16731.529,16731.529,16731.529,51,,,6988,,,56.680851,56.680851,56.680851,7003.3809,7003.3809,7003.3809,17.880022,87273.828,75353.398,102572.93,9488654,11130764,8031900.5,121.8423,,,16694.783,,,135.41422,135.41422,135.41422,16731.529,16731.529,16731.529,17.880022,,,,,,,121.8423,,,16694.783,,,135.41422,135.41422,135.41422,16731.529,16731.529,16731.529,17.880022,,,,,,,.14453779,,,19.804512,,,.16063774,.16063774,.16063774,19.848103,19.848103,19.848103,.060499739,,,8.2896509,,,.067238756,.067238756,.067238756,8.3078966,8.3078966,8.3078966,2.1424026,103.53027,89.389435,121.67913,.1396092,,,,,,,,,366.98276,119074.13,324.4679,39533.914,5273.6299,4774.7598,5741.0801,5273.6299,4774.7598,5741.0801,5273.6299,4774.7598,5741.0801,5311.1299,4864.1401,5864.0498,5311.1299,4864.1401,5864.0498,5311.1299,4864.1401,5864.0498,28.84,26.68,31.84,28.84,26.68,31.84,28.84,26.68,31.84,29.120001,26.43,32.73,29.120001,26.43,32.73,29.120001,26.43,32.73,1777227.1,1628050.4,1914855.6,1777227.1,1628050.4,1914855.6,1777227.1,1628050.4,1914855.6,1790185.9,1649276.4,1953846.5,1790185.9,1649276.4,1953846.5,1790185.9,1649276.4,1953846.5,13631.19,12351.71,15095.31,13631.19,12351.71,15095.31,13631.19,12351.71,15095.31,13764.1,12420.25,15405.23,13764.1,12420.25,15405.23,13764.1,12420.25,15405.23,1038.24,1134.95,1265.17,1038.24,1134.95,1265.17,1038.24,1134.95,1265.17,1030.53,1145.52,1283.08,1030.53,1145.52,1283.08,1030.53,1145.52,1283.08,132.17,145.71001,161.86,132.17,145.71001,161.86,132.17,145.71001,161.86,131.74001,147.08,164.67999,131.74001,147.08,164.67999,131.74001,147.08,164.67999,420.98999,454.67999,499.35999,420.98999,454.67999,499.35999,420.98999,454.67999,499.35999,418.35001,459.01001,513.34998,418.35001,459.01001,513.34998,418.35001,459.01001,513.34998,37.740002,41.610001,46.220001,37.740002,41.610001,46.220001,37.740002,41.610001,46.220001,37.619999,42,47.029999,37.619999,42,47.029999,37.619999,42,47.029999,86170.211,95156.297,104964.29,86170.211,95156.297,104964.29,86170.211,95156.297,104964.29,86885.063,96089.008,107300.77,86885.063,96089.008,107300.77,86885.063,96089.008,107300.77,1.4,1.5,1.6,1.4,1.5,1.6,1.4,1.5,1.6,1.4299999,1.5,1.59,1.4299999,1.5,1.59,1.4299999,1.5,1.59,1.4299999,1.53,1.64,1.4299999,1.53,1.64,1.4299999,1.53,1.64,1.46,1.54,1.63,1.46,1.54,1.63,1.46,1.54,1.63,.2115736,.21600248,.21092644,.2115736,.21600248,.21092644,.2115736,.21600248,.21092644,.21156488,.21279766,.21246031,.21156488,.21279766,.21246031,.21156488,.21279766,.21246031,189.98169,68157.422,358.75784,10346.576,6988,6988,6988,51,51,51,120198,120198,120198,1806,1806,1806,2.8239202,2.8239202,2.8239202,167.9077,7854.3999,46.77808,2385.6821,,,,,,,,,,,,,,,,,,,,35.411766,17.20063,,,716.28516,568.36041,,,,,472.64877,337.00262,472.64877,337.00262,472.64877,337.00262,35.411766,17.20063,,,1,,2.3890648,2.3890648,2.3890648,.56549019,.56549019,.56549019,1,,1,,48.324379,,,7.5477247,7.5477247,7.5477247,1,,1,,2.3890646,2.3890646,2.3890646,.75466943,.75466943,.75466943,1,,1,,78.941864,,,14.78583,14.78583,14.78583,1,
18May2020,Iran,69,7057,138,345,14114,35285,2294,122492,4588,11470,244984,612460,95661,1197,3.0078466,19774,57.0625,2085.6606,168.70255,6686.9453,39.637489,2734.9868,,,,,,,,,,,,,,,,,,,,,,,,12006.432,13952.996,10275.003,1774.2573,2061.9119,1518.3944,1165.3344,1356.8427,1000.3576,387.62778,441.5943,339.93921,164.84546,,,16859.629,,,136.51773,136.51773,136.51773,16868.047,16868.047,16868.047,69,,,7057,,,57.14275,57.14275,57.14275,7060.5234,7060.5234,7060.5234,18.249743,88509.32,76068.672,103996.99,9577163,11234761,8107969.5,164.84546,,,16859.629,,,136.51773,136.51773,136.51773,16868.047,16868.047,16868.047,18.249743,,,,,,,164.84546,,,16859.629,,,136.51773,136.51773,136.51773,16868.047,16868.047,16868.047,18.249743,,,,,,,.19555113,,,20.000063,,,.1619468,.1619468,.1619468,20.01005,20.01005,20.01005,.081852593,,,8.3715029,,,.067786701,.067786701,.067786701,8.3756828,8.3756828,8.3756828,2.721302,104.9959,90.237938,123.36845,.18624644,,,,,,,,,366.98276,119074.13,324.4679,53487.059,5302.8501,4801.8901,5769.1099,5302.8501,4801.8901,5769.1099,5302.8501,4801.8901,5769.1099,5340.6299,4892.9502,5892.5898,5340.6299,4892.9502,5892.5898,5340.6299,4892.9502,5892.5898,29.219999,26.98,32.310001,29.219999,26.98,32.310001,29.219999,26.98,32.310001,29.49,26.709999,33.110001,29.49,26.709999,33.110001,29.49,26.709999,33.110001,1791774.5,1643589.1,1929700.1,1791774.5,1643589.1,1929700.1,1791774.5,1643589.1,1929700.1,1804877.4,1663537,1967905.3,1804877.4,1663537,1967905.3,1804877.4,1663537,1967905.3,14547.43,13144.89,16028,14547.43,13144.89,16028,14547.43,13144.89,16028,14691.44,13273.07,16390.58,14691.44,13273.07,16390.58,14691.44,13273.07,16390.58,1060.73,1167.29,1304.87,1060.73,1167.29,1304.87,1060.73,1167.29,1304.87,1059.13,1178.16,1317.65,1059.13,1178.16,1317.65,1059.13,1178.16,1317.65,138.46001,152.67,169.12,138.46001,152.67,169.12,138.46001,152.67,169.12,138.28,154.12,172.52,138.28,154.12,172.52,138.28,154.12,172.52,427.45001,462.26999,508.47,427.45001,462.26999,508.47,427.45001,462.26999,508.47,424.39001,466.66,521.48999,424.39001,466.66,521.48999,424.39001,466.66,521.48999,39.540001,43.599998,48.299999,39.540001,43.599998,48.299999,39.540001,43.599998,48.299999,39.490002,44.009998,49.27,39.490002,44.009998,49.27,39.490002,44.009998,49.27,91598.672,101481.21,111397.12,91598.672,101481.21,111397.12,91598.672,101481.21,111397.12,92349.938,102489.46,114173.34,92349.938,102489.46,114173.34,92349.938,102489.46,114173.34,1.4,1.5,1.6,1.4,1.5,1.6,1.4,1.5,1.6,1.4299999,1.5,1.59,1.4299999,1.5,1.59,1.4299999,1.5,1.59,1.4299999,1.53,1.64,1.4299999,1.53,1.64,1.4299999,1.53,1.64,1.46,1.54,1.63,1.46,1.54,1.63,1.46,1.54,1.63,.20086022,.20525086,.20158474,.20086022,.20525086,.20158474,.20086022,.20525086,.20158474,.20072913,.20123452,.20200628,.20072913,.20123452,.20200628,.20072913,.20123452,.20200628,189.98169,68157.422,358.75784,10482.904,7057,7057,7057,69,69,69,122492,122492,122492,2294,2294,2294,3.0078466,3.0078466,3.0078466,167.9077,7854.3999,46.77808,3227.6875,,,,,,,,,,,,,,,,,,,,33.246376,17.357517,,,536.92303,568.05304,,,,,497.85867,337.88895,497.85867,337.88895,497.85867,337.88895,33.246376,17.357517,,,1,,2.3890646,2.3890646,2.3890646,.42347825,.42347825,.42347825,1,,1,,38.582966,,,6.3415127,6.3415127,6.3415127,1,,1,,2.3890646,2.3890646,2.3890646,.75143123,.75143123,.75143123,1,,1,,78.186028,,,14.627686,14.627686,14.627686,1,
19May2020,Iran,62,7119,124,310,14238,35595,2111,124603,4222,10555,249206,623015,97173,1512,2.9369967,20311,57.86607,2128.5803,168.70255,6686.9453,39.637489,2457.5244,,,,,,,,,,,,,,,,,,,,,,,,12147.523,14034.713,10426.248,1789.5562,2067.5745,1535.9803,1180.8102,1377.6263,1015.8649,389.78366,445.34204,342.03918,148.12201,,,17007.752,,,136.42082,136.42082,136.42082,17004.469,17004.469,17004.469,62,,,7119,,,57.102188,57.102188,57.102188,7117.626,7117.626,7117.626,18.641743,89758.914,76838.781,105375.69,9666922,11340136,8184808,148.12201,,,17007.752,,,136.42082,136.42082,136.42082,17004.469,17004.469,17004.469,18.641743,,,,,,,148.12201,,,17007.752,,,136.42082,136.42082,136.42082,17004.469,17004.469,17004.469,18.641743,,,,,,,.17571262,,,20.175776,,,.16183184,.16183184,.16183184,20.171881,20.171881,20.171881,.073548704,,,8.4450521,,,.067738578,.067738578,.067738578,8.4434223,8.4434223,8.4434223,2.5042148,106.47826,91.151497,125.00395,.16502206,,,,,,,,,366.98276,119074.13,324.4679,48060.836,5332.5801,4829.6602,5797.52,5332.5801,4829.6602,5797.52,5332.5801,4829.6602,5797.52,5370.6401,4922.3501,5921.54,5370.6401,4922.3501,5921.54,5370.6401,4922.3501,5921.54,29.73,27.41,32.91,29.73,27.41,32.91,29.73,27.41,32.91,30.01,27.120001,33.639999,30.01,27.120001,33.639999,30.01,27.120001,33.639999,1807326.8,1660366.3,1945385,1807326.8,1660366.3,1945385,1807326.8,1660366.3,1945385,1820585.8,1678816,1982890,1820585.8,1678816,1982890,1820585.8,1678816,1982890,15552.27,14004.33,17066.26,15552.27,14004.33,17066.26,15552.27,14004.33,17066.26,15708.38,14111.55,17511.881,15708.38,14111.55,17511.881,15708.38,14111.55,17511.881,1090.38,1204.49,1342.64,1090.38,1204.49,1342.64,1090.38,1204.49,1342.64,1092.64,1215.74,1357.66,1092.64,1215.74,1357.66,1092.64,1215.74,1357.66,145.50999,160.5,177.13,145.50999,160.5,177.13,145.50999,160.5,177.13,145.74001,162.03999,181.27,145.74001,162.03999,181.27,145.74001,162.03999,181.27,435.73999,471.76999,519.95001,435.73999,471.76999,519.95001,435.73999,471.76999,519.95001,432.35001,476.23999,531.71997,432.35001,476.23999,531.71997,432.35001,476.23999,531.71997,41.560001,45.84,50.59,41.560001,45.84,50.59,41.560001,45.84,50.59,41.619999,46.279999,51.77,41.619999,46.279999,51.77,41.619999,46.279999,51.77,97286.32,108171.11,118956.11,97286.32,108171.11,118956.11,97286.32,108171.11,118956.11,97942.469,109259.39,122088.94,97942.469,109259.39,122088.94,97942.469,109259.39,122088.94,1.4,1.5,1.6,1.4,1.5,1.6,1.4,1.5,1.6,1.4299999,1.5,1.59,1.4299999,1.5,1.59,1.4299999,1.5,1.59,1.4299999,1.53,1.64,1.4299999,1.53,1.64,1.4299999,1.53,1.64,1.46,1.54,1.63,1.46,1.54,1.63,1.46,1.54,1.63,.19116181,.19572517,.19283663,.19116181,.19572517,.19283663,.19116181,.19572517,.19283663,.19104452,.192183,.19209816,.19104452,.192183,.19209816,.19104452,.192183,.19209816,189.98169,68157.422,358.75784,10665.87,7119,7119,7119,62,62,62,124603,124603,124603,2111,2111,2111,2.9369967,2.9369967,2.9369967,167.9077,7854.3999,46.77808,2900.241,,,,,,,,,,,,,,,,,,,,34.048386,17.50288,,,605.97961,568.3833,,,,,523.11707,338.92163,523.11707,338.92163,523.11707,338.92163,34.048386,17.50288,,,1,,2.3890646,2.3890646,2.3890646,.47951612,.47951612,.47951612,1,,1,,42.519619,,,7.3672523,7.3672523,7.3672523,1,,1,,2.3890648,2.3890648,2.3890648,.74906307,.74906307,.74906307,1,,1,,77.581779,,,14.504681,14.504681,14.504681,1,
20May2020,Iran,64,7183,128,320,14366,35915,2346,126949,4692,11730,253898,634745,98808,1635,2.7280478,20958,58.357143,2154.3572,168.70255,6686.9453,39.637489,2536.7993,,,,,,,,,,,,,,,,,,,,,,,,12294.019,14113.975,10543.701,1791.2343,2056.4014,1536.2137,1196.729,1403.5275,1035.0914,391.37408,447.49423,344.30142,152.90013,,,17160.652,,,135.42215,135.42215,135.42215,17139.891,17139.891,17139.891,64,,,7183,,,56.68417,56.68417,56.68417,7174.3101,7174.3101,7174.3101,19.050343,91020.836,77666.953,106705.44,9757943,11446842,8262475,152.90013,,,17160.652,,,135.42215,135.42215,135.42215,17139.891,17139.891,17139.891,19.050343,,,,,,,152.90013,,,17160.652,,,135.42215,135.42215,135.42215,17139.891,17139.891,17139.891,19.050343,,,,,,,.18138076,,,20.357157,,,.16064715,.16064715,.16064715,20.332527,20.332527,20.332527,.075921245,,,8.5209732,,,.067242697,.067242697,.067242697,8.5106649,8.5106649,8.5106649,2.7829881,107.97524,92.133934,126.5814,.16798367,,,,,,,,,366.98276,119074.13,324.4679,49611.184,5362.9502,4860.7998,5826.4502,5362.9502,4860.7998,5826.4502,5362.9502,4860.7998,5826.4502,5401.2998,4952.4902,5951.02,5401.2998,4952.4902,5951.02,5401.2998,4952.4902,5951.02,30.370001,27.93,33.700001,30.370001,27.93,33.700001,30.370001,27.93,33.700001,30.66,27.67,34.330002,30.66,27.67,34.330002,30.66,27.67,34.330002,1823942.3,1678052.3,1961952.5,1823942.3,1678052.3,1961952.5,1823942.3,1678052.3,1961952.5,1837370,1695174.5,1998853.1,1837370,1695174.5,1998853.1,1837370,1695174.5,1998853.1,16615.43,14890.58,18298.66,16615.43,14890.58,18298.66,16615.43,14890.58,18298.66,16784.311,14991.54,18820.381,16784.311,14991.54,18820.381,16784.311,14991.54,18820.381,1134.84,1247,1386.3101,1134.84,1247,1386.3101,1134.84,1247,1386.3101,1131.64,1258.71,1403.86,1131.64,1258.71,1403.86,1131.64,1258.71,1403.86,153.47,169.38,186.7,153.47,169.38,186.7,153.47,169.38,186.7,154.27,171.03,191.10001,154.27,171.03,191.10001,154.27,171.03,191.10001,445.76001,483.29001,534.91998,445.76001,483.29001,534.91998,445.76001,483.29001,534.91998,442.41,487.88,544.26001,442.41,487.88,544.26001,442.41,487.88,544.26001,43.830002,48.380001,53.32,43.830002,48.380001,53.32,43.830002,48.380001,53.32,44.060001,48.84,54.580002,44.060001,48.84,54.580002,44.060001,48.84,54.580002,103202.23,115278.81,127156,103202.23,115278.81,127156,103202.23,115278.81,127156,103859.87,116452.11,130415.24,103859.87,116452.11,130415.24,103859.87,116452.11,130415.24,1.4,1.5,1.6,1.4,1.5,1.6,1.4,1.5,1.6,1.4299999,1.5,1.59,1.4299999,1.5,1.59,1.4299999,1.5,1.59,1.4299999,1.53,1.64,1.4299999,1.53,1.64,1.4299999,1.53,1.64,1.46,1.54,1.63,1.46,1.54,1.63,1.46,1.54,1.63,.18278192,.18756825,.18416649,.18278192,.18756825,.18416649,.18278192,.18756825,.18416649,.18267059,.18457076,.18240865,.18267059,.18457076,.18240865,.18267059,.18457076,.18240865,189.98169,68157.422,358.75784,10895.476,7183,7183,7183,64,64,64,126949,126949,126949,2346,2346,2346,2.7280478,2.7280478,2.7280478,167.9077,7854.3999,46.77808,2993.7971,,,,,,,,,,,,,,,,,,,,36.65625,17.673534,,,595.29602,568.62311,,,,,547.1001,340.10052,547.1001,340.10052,547.1001,340.10052,36.65625,17.673534,,,1,,2.3890646,2.3890646,2.3890646,.47453126,.47453126,.47453126,1,,1,,38.798309,,,7.0824509,7.0824509,7.0824509,1,,1,,2.3890648,2.3890648,2.3890648,.74661702,.74661702,.74661702,1,,1,,76.865067,,,14.367519,14.367519,14.367519,1,
21May2020,Iran,66,7249,132,330,14498,36245,2392,129341,4784,11960,258682,646705,100564,1756,2.7591972,21528,58.160713,2164.241,168.70255,6686.9453,39.637489,2616.0742,,,,,,,,,,,,,,,,,,,,,,,,12444.838,14264.889,10655.898,1778.208,2038.27,1522.5914,1213.0675,1429.0977,1055.3164,393.24384,451.43033,347.01022,157.67827,,,17318.33,,,133.92377,133.92377,133.92377,17273.814,17273.814,17273.814,66,,,7249,,,56.056988,56.056988,56.056988,7230.3672,7230.3672,7230.3672,19.471819,92293.289,78737.82,107982.66,9850236,11554824,8341213,157.67827,,,17318.33,,,133.92377,133.92377,133.92377,17273.814,17273.814,17273.814,19.471819,,,,,,,157.67827,,,17318.33,,,133.92377,133.92377,133.92377,17273.814,17273.814,17273.814,19.471819,,,,,,,.18704891,,,20.544205,,,.15886967,.15886967,.15886967,20.491398,20.491398,20.491398,.078293785,,,8.599267,,,.066498689,.066498689,.066498689,8.5771637,8.5771637,8.5771637,2.8375564,109.4847,93.404266,128.09653,.17084478,,,,,,,,,366.98276,119074.13,324.4679,51161.535,5394.1099,4892.9902,5856.0498,5394.1099,4892.9902,5856.0498,5394.1099,4892.9902,5856.0498,5432.7402,4983.48,5981.1899,5432.7402,4983.48,5981.1899,5432.7402,4983.48,5981.1899,31.15,28.5,34.700001,31.15,28.5,34.700001,31.15,28.5,34.700001,31.450001,28.35,35.169998,31.450001,28.35,35.169998,31.450001,28.35,35.169998,1841676.9,1696573.6,1979443.8,1841676.9,1696573.6,1979443.8,1841676.9,1696573.6,1979443.8,1855286.9,1712732,2015845.1,1855286.9,1712732,2015845.1,1855286.9,1712732,2015845.1,17734.641,15816.8,19598.99,17734.641,15816.8,19598.99,17734.641,15816.8,19598.99,17916.93,15907.17,19998.15,17916.93,15907.17,19998.15,17916.93,15907.17,19998.15,1179.37,1295.36,1436.7,1179.37,1295.36,1436.7,1179.37,1295.36,1436.7,1176.55,1307.59,1457.0699,1176.55,1307.59,1457.0699,1176.55,1307.59,1457.0699,162.28,179.34,197.21001,162.28,179.34,197.21001,162.28,179.34,197.21001,163.5,181.11,202.05,163.5,181.11,202.05,163.5,181.11,202.05,455.56,497,552.03003,455.56,497,552.03003,455.56,497,552.03003,454.73999,501.73001,559.35999,454.73999,501.73001,559.35999,454.73999,501.73001,559.35999,46.349998,51.220001,56.330002,46.349998,51.220001,56.330002,46.349998,51.220001,56.330002,46.689999,51.720001,57.709999,46.689999,51.720001,57.709999,46.689999,51.720001,57.709999,109459.04,122848.57,135906.94,109459.04,122848.57,135906.94,109459.04,122848.57,135906.94,110038.5,124112.29,138424.16,110038.5,124112.29,138424.16,110038.5,124112.29,138424.16,1.4,1.5,1.6,1.4,1.5,1.6,1.4,1.5,1.6,1.4299999,1.5,1.59,1.4299999,1.5,1.59,1.4299999,1.5,1.59,1.4299999,1.53,1.64,1.4299999,1.53,1.64,1.4299999,1.53,1.64,1.46,1.54,1.63,1.46,1.54,1.63,1.46,1.54,1.63,.17564495,.18018815,.17704993,.17564495,.18018815,.17704993,.17564495,.18018815,.17704993,.17553231,.17822152,.17586626,.17553231,.17822152,.17586626,.17553231,.17822152,.17586626,189.98169,68157.422,358.75784,11175.307,7249,7249,7249,66,66,66,129341,129341,129341,2392,2392,2392,2.7591972,2.7591972,2.7591972,167.9077,7854.3999,46.77808,3087.3533,,,,,,,,,,,,,,,,,,,,36.242424,17.8426,,,585.3266,568.77515,,,,,569.33038,341.42368,569.33038,341.42368,569.33038,341.42368,36.242424,17.8426,,,1,,2.3890648,2.3890648,2.3890648,.47196969,.47196969,.47196969,1,,1,,38.584152,,,7.4141474,7.4141474,7.4141474,1,,1,,2.3890648,2.3890648,2.3890648,.7441178,.7441178,.7441178,1,,1,,76.157104,,,14.238926,14.238926,14.238926,1,
22May2020,Iran,51,7300,102,255,14600,36500,2311,131652,4622,11555,263304,658260,102276,1712,2.2068369,22076,57.25,2153.8215,168.70255,6686.9453,39.637489,2021.512,,,,,,,,,,,,,,,,,,,,,,,,12599.317,14471.244,10776.446,1755.4059,2016.213,1501.4335,1229.8054,1454.0648,1076.5266,396.08432,456.67877,350.81918,121.8423,,,17440.172,,,132.32024,132.32024,132.32024,17406.135,17406.135,17406.135,51,,,7300,,,55.385792,55.385792,55.385792,7285.7529,7285.7529,7285.7529,19.904257,93574.336,79983.391,109203.82,9943810,11664028,8421196,121.8423,,,17440.172,,,132.32024,132.32024,132.32024,17406.135,17406.135,17406.135,19.904257,,,,,,,121.8423,,,17440.172,,,132.32024,132.32024,132.32024,17406.135,17406.135,17406.135,19.904257,,,,,,,.14453779,,,20.688744,,,.15696745,.15696745,.15696745,20.648365,20.648365,20.648365,.060499739,,,8.6597672,,,.065702468,.065702468,.065702468,8.6428661,8.6428661,8.6428661,2.7414687,111.00438,94.881851,129.54515,.1302091,,,,,,,,,366.98276,119074.13,324.4679,39533.914,5426.1899,4926.2402,5886.46,5426.1899,4926.2402,5886.46,5426.1899,4926.2402,5886.46,5465.1201,5015.4702,6012.1802,5465.1201,5015.4702,6012.1802,5465.1201,5015.4702,6012.1802,32.080002,29.16,35.77,32.080002,29.16,35.77,32.080002,29.16,35.77,32.380001,29.18,36.169998,32.380001,29.18,36.169998,32.380001,29.18,36.169998,1860593.9,1716497.6,1997903.5,1860593.9,1716497.6,1997903.5,1860593.9,1716497.6,1997903.5,1874400.3,1731391.8,2033922.3,1874400.3,1731391.8,2033922.3,1874400.3,1731391.8,2033922.3,18916.949,16760.811,21008.01,18916.949,16760.811,21008.01,18916.949,16760.811,21008.01,19113.359,16857.439,21340.08,19113.359,16857.439,21340.08,19113.359,16857.439,21340.08,1228.99,1350.05,1494.55,1228.99,1350.05,1494.55,1228.99,1350.05,1494.55,1227.6,1362.88,1518.0699,1227.6,1362.88,1518.0699,1227.6,1362.88,1518.0699,171.77,190.35001,209.03999,171.77,190.35001,209.03999,171.77,190.35001,209.03999,173.03,192.25,214.21001,173.03,192.25,214.21001,173.03,192.25,214.21001,469.35001,513.03998,569,469.35001,513.03998,569,469.35001,513.03998,569,469.54999,517.94,577.25,469.54999,517.94,577.25,469.54999,517.94,577.25,49.060001,54.369999,59.700001,49.060001,54.369999,59.700001,49.060001,54.369999,59.700001,49.419998,54.91,61.18,49.419998,54.91,61.18,49.419998,54.91,61.18,116104.41,130918.49,145579.61,116104.41,130918.49,145579.61,116104.41,130918.49,145579.61,116532.76,132278.39,147678.77,116532.76,132278.39,147678.77,116532.76,132278.39,147678.77,1.4,1.5,1.6,1.4,1.5,1.6,1.4,1.5,1.6,1.4299999,1.5,1.59,1.4299999,1.5,1.59,1.4299999,1.5,1.59,1.4299999,1.53,1.64,1.4299999,1.53,1.64,1.4299999,1.53,1.64,1.46,1.54,1.63,1.46,1.54,1.63,1.46,1.54,1.63,.16958338,.17397727,.17026839,.16958338,.17397727,.17026839,.16958338,.17397727,.17026839,.1694103,.17309865,.16949326,.1694103,.17309865,.16949326,.1694103,.17309865,.16949326,189.98169,68157.422,358.75784,11508.952,7300,7300,7300,51,51,51,131652,131652,131652,2311,2311,2311,2.2068369,2.2068369,2.2068369,167.9077,7854.3999,46.77808,2385.6821,,,,,,,,,,,,,,,,,,,,45.313725,18.034521,,,767.99548,570.16699,,,,,589.68042,342.89139,589.68042,342.89139,589.68042,342.89139,45.313725,18.034521,,,1,,2.3890648,2.3890648,2.3890648,.62901962,.62901962,.62901962,1,,1,,40.490841,,,8.1856117,8.1856117,8.1856117,1,,1,,2.3890646,2.3890646,2.3890646,.74331367,.74331367,.74331367,1,,1,,75.531021,,,14.132667,14.132667,14.132667,1,
23May2020,Iran,59,7359,118,295,14718,36795,1869,133521,3738,9345,267042,667605,104072,1796,3.1567683,22090,56.196426,2137.6875,168.70255,6686.9453,39.637489,2338.6118,,,,,,,,,,,,,,,,,,,,,,,,12757.247,14722.294,10905.433,1731.3903,1998.0828,1480.0653,1246.923,1475.3645,1098.7073,400.10626,463.0249,355.98141,140.95482,,,17581.127,,,130.98982,130.98982,130.98982,17537.125,17537.125,17537.125,59,,,7359,,,54.828918,54.828918,54.828918,7340.5815,7340.5815,7340.5815,20.346392,94861.938,81215.172,110280.65,10038672,11774309,8502411,140.95482,,,17581.127,,,130.98982,130.98982,130.98982,17537.125,17537.125,17537.125,20.346392,,,,,,,140.95482,,,17581.127,,,130.98982,130.98982,130.98982,17537.125,17537.125,17537.125,20.346392,,,,,,,.16721039,,,20.855953,,,.15538923,.15538923,.15538923,20.803755,20.803755,20.803755,.069989897,,,8.7297564,,,.06504187,.06504187,.06504187,8.7079077,8.7079077,8.7079077,2.2171376,112.53181,96.343079,130.82256,.14858943,,,,,,,,,366.98276,119074.13,324.4679,45735.313,5459.3301,4960.7202,5917.8301,5459.3301,4960.7202,5917.8301,5459.3301,4960.7202,5917.8301,5498.5801,5048.6099,6044.1401,5498.5801,5048.6099,6044.1401,5498.5801,5048.6099,6044.1401,33.150002,30.17,36.880001,33.150002,30.17,36.880001,33.150002,30.17,36.880001,33.459999,30.16,37.349998,33.459999,30.16,37.349998,33.459999,30.16,37.349998,1880764.9,1737920.5,2017381.1,1880764.9,1737920.5,2017381.1,1880764.9,1737920.5,2017381.1,1894782.6,1751352,2053148,1894782.6,1751352,2053148,1894782.6,1751352,2053148,20170.99,17899.49,22535.23,20170.99,17899.49,22535.23,20170.99,17899.49,22535.23,20382.33,17859.859,22809.449,20382.33,17859.859,22809.449,20382.33,17859.859,22809.449,1283.4399,1411.49,1560.48,1283.4399,1411.49,1560.48,1283.4399,1411.49,1560.48,1285.5699,1425.01,1587.51,1285.5699,1425.01,1587.51,1285.5699,1425.01,1587.51,182.02,202.37,222.72,182.02,202.37,222.72,182.02,202.37,222.72,183.19,204.41,228.56,183.19,204.41,228.56,183.19,204.41,228.56,486.70999,531.53998,588.83002,486.70999,531.53998,588.83002,486.70999,531.53998,588.83002,486.95999,536.64001,598.14001,486.95999,536.64001,598.14001,486.95999,536.64001,598.14001,51.990002,57.799999,63.610001,51.990002,57.799999,63.610001,51.990002,57.799999,63.610001,52.32,58.380001,65.279999,52.32,58.380001,65.279999,52.32,58.380001,65.279999,123809.3,139523.95,156054.81,123809.3,139523.95,156054.81,123809.3,139523.95,156054.81,123410.79,140986.09,157839.06,123410.79,140986.09,157839.06,123410.79,140986.09,157839.06,1.39,1.5,1.6,1.39,1.5,1.6,1.39,1.5,1.6,1.4299999,1.5,1.59,1.4299999,1.5,1.59,1.4299999,1.5,1.59,1.4299999,1.53,1.64,1.4299999,1.53,1.64,1.4299999,1.53,1.64,1.46,1.54,1.63,1.46,1.54,1.63,1.46,1.54,1.63,.16434494,.16855228,.16365486,.16434494,.16855228,.16365486,.16434494,.16855228,.16365486,.1641618,.16887031,.16374792,.1641618,.16887031,.16374792,.1641618,.16887031,.16374792,189.98169,68157.422,358.75784,11892.823,7359,7359,7359,59,59,59,133521,133521,133521,1869,1869,1869,3.1567683,3.1567683,3.1567683,167.9077,7854.3999,46.77808,2759.9067,,,,,,,,,,,,,,,,,,,,31.677965,18.143906,,,672.99536,570.99139,,,,,608.47632,344.5047,608.47632,344.5047,608.47632,344.5047,31.677965,18.143906,,,1,,2.3890648,2.3890648,2.3890648,.56186444,.56186444,.56186444,1,,1,,50.755451,,,10.792397,10.792397,10.792397,1,,1,,2.3890648,2.3890648,2.3890648,.74185759,.74185759,.74185759,1,,1,,75.184219,,,14.085911,14.085911,14.085911,1,
24May2020,Iran,58,7417,116,290,14834,37085,2180,135701,4360,10900,271402,678505,105801,1729,2.6605504,22483,55.098213,2127.1787,168.70255,6686.9453,39.637489,2298.9744,,,,,,,,,,,,,,,,,,,,,,,,12918.904,14976.177,11043.424,1714.0687,1987.0259,1465.2316,1264.4008,1488.9081,1115.8312,405.41522,470.54108,362.6434,138.56575,,,17719.693,,,130.29689,130.29689,130.29689,17667.422,17667.422,17667.422,58,,,7417,,,54.538868,54.538868,54.538868,7395.1206,7395.1206,7395.1206,20.796328,96154.008,82131.461,111248.85,10134826,11885558,8584543,138.56575,,,17719.693,,,130.29689,130.29689,130.29689,17667.422,17667.422,17667.422,20.796328,,,,,,,138.56575,,,17719.693,,,130.29689,130.29689,130.29689,17667.422,17667.422,17667.422,20.796328,,,,,,,.16437632,,,21.020329,,,.15456721,.15456721,.15456721,20.958321,20.958321,20.958321,.068803623,,,8.7985601,,,.064697795,.064697795,.064697795,8.7726049,8.7726049,8.7726049,2.5860674,114.06456,97.430038,131.97112,.14410813,,,,,,,,,366.98276,119074.13,324.4679,44960.137,5493.71,4996.6201,5950.3198,5493.71,4996.6201,5950.3198,5493.71,4996.6201,5950.3198,5533.29,5083.0601,6077.21,5533.29,5083.0601,6077.21,5533.29,5083.0601,6077.21,34.380001,31.33,38.18,34.380001,31.33,38.18,34.380001,31.33,38.18,34.700001,31.299999,38.720001,34.700001,31.299999,38.720001,34.700001,31.299999,38.720001,1902269.5,1760950,2037930.5,1902269.5,1760950,2037930.5,1902269.5,1760950,2037930.5,1916514.4,1772694.9,2073592.4,1916514.4,1772694.9,2073592.4,1916514.4,1772694.9,2073592.4,21504.619,19049.061,24167.17,21504.619,19049.061,24167.17,21504.619,19049.061,24167.17,21731.779,18919.18,24411.641,21731.779,18919.18,24411.641,21731.779,18919.18,24411.641,1344.23,1480.03,1635.01,1344.23,1480.03,1635.01,1344.23,1480.03,1635.01,1350.45,1494.34,1665.9301,1350.45,1494.34,1665.9301,1350.45,1494.34,1665.9301,192.88,215.37,237.62,192.88,215.37,237.62,192.88,215.37,237.62,194.08,217.56,243.75,194.08,217.56,243.75,194.08,217.56,243.75,505.26999,552.62,611.70001,505.26999,552.62,611.70001,505.26999,552.62,611.70001,506.60001,557.96002,622.20001,506.60001,557.96002,622.20001,506.60001,557.96002,622.20001,55.09,61.52,67.870003,55.09,61.52,67.870003,55.09,61.52,67.870003,55.43,62.139999,69.620003,55.43,62.139999,69.620003,55.43,62.139999,69.620003,131662.64,148700.08,167339.47,131662.64,148700.08,167339.47,131662.64,148700.08,167339.47,130694.59,150270.81,168870.77,130694.59,150270.81,168870.77,130694.59,150270.81,168870.77,1.39,1.49,1.6,1.39,1.49,1.6,1.39,1.49,1.6,1.4299999,1.5,1.59,1.4299999,1.5,1.59,1.4299999,1.5,1.59,1.4299999,1.53,1.64,1.4299999,1.53,1.64,1.4299999,1.53,1.64,1.46,1.54,1.63,1.46,1.54,1.63,1.46,1.54,1.63,.15987264,.16447005,.15798292,.15987264,.16447005,.15798292,.15987264,.16447005,.15798292,.159674,.16544057,.15861286,.159674,.16544057,.15861286,.159674,.16544057,.15861286,189.98169,68157.422,358.75784,12334.095,7417,7417,7417,58,58,58,135701,135701,135701,2180,2180,2180,2.6605504,2.6605504,2.6605504,167.9077,7854.3999,46.77808,2713.1287,,,,,,,,,,,,,,,,,,,,37.586208,18.295942,,,693.92334,571.9527,,,,,625.49792,346.26318,625.49792,346.26318,625.49792,346.26318,37.586208,18.295942,,,1,,2.3890646,2.3890646,2.3890646,.59275866,.59275866,.59275866,1,,1,,44.107342,,,9.8645039,9.8645039,9.8645039,1,,1,,2.3890648,2.3890648,2.3890648,.74069166,.74069166,.74069166,1,,1,,74.684975,,,14.018095,14.018095,14.018095,1,
25May2020,Iran,34,7451,68,170,14902,37255,2023,137724,4046,10115,275448,688620,107713,1912,1.6806723,22560,54.357143,2131.0447,168.70255,6686.9453,39.637489,1347.6747,,,,,,,,,,,,,,,,,,,,,,,,13084.974,15232.063,11191.389,1711.5198,1992.3597,1463.8381,1282.2177,1502.8391,1122.6927,412.11743,477.5199,369.2067,81.228195,,,17800.92,,,130.60446,130.60446,130.60446,17798.025,17798.025,17798.025,34,,,7451,,,54.667614,54.667614,54.667614,7449.7881,7449.7881,7449.7881,21.250723,97448.492,83122.867,112169.36,10232275,11997727,8667666,81.228195,,,17800.92,,,130.60446,130.60446,130.60446,17798.025,17798.025,17798.025,21.250723,,,,,,,81.228195,,,17800.92,,,130.60446,130.60446,130.60446,17798.025,17798.025,17798.025,21.250723,,,,,,,.09635853,,,21.116688,,,.15493208,.15493208,.15493208,21.113253,21.113253,21.113253,.040333159,,,8.8388939,,,.064850524,.064850524,.064850524,8.8374557,8.8374557,8.8374557,2.399823,115.60017,98.606117,133.06308,.083355002,,,,,,,,,366.98276,119074.13,324.4679,26355.941,5529.48,5034.1499,5984.2798,5529.48,5034.1499,5984.2798,5529.48,5034.1499,5984.2798,5569.3999,5118.98,6111.5498,5569.3999,5118.98,6111.5498,5569.3999,5118.98,6111.5498,35.77,32.599998,39.669998,35.77,32.599998,39.669998,35.77,32.599998,39.669998,36.119999,32.599998,40.290001,36.119999,32.599998,40.290001,36.119999,32.599998,40.290001,1925194.3,1785704.5,2059723.5,1925194.3,1785704.5,2059723.5,1925194.3,1785704.5,2059723.5,1939683.1,1795491,2095331,1939683.1,1795491,2095331,1939683.1,1795491,2095331,22924.76,20240.49,26010.711,22924.76,20240.49,26010.711,22924.76,20240.49,26010.711,23168.689,20039.66,26135.32,23168.689,20039.66,26135.32,23168.689,20039.66,26135.32,1411.6,1555.98,1718.52,1411.6,1555.98,1718.52,1411.6,1555.98,1718.52,1417.86,1571.16,1753.75,1417.86,1571.16,1753.75,1417.86,1571.16,1753.75,204.49001,229.35001,253.73,204.49001,229.35001,253.73,204.49001,229.35001,253.73,205.55,231.71001,258.51001,205.55,231.71001,258.51001,205.55,231.71001,258.51001,526.01001,576.38,637.73999,526.01001,576.38,637.73999,526.01001,576.38,637.73999,528.33002,581.98999,649.59003,528.33002,581.98999,649.59003,528.33002,581.98999,649.59003,58.41,65.510002,72.470001,58.41,65.510002,72.470001,58.41,65.510002,72.470001,58.709999,66.18,73.839996,58.709999,66.18,73.839996,58.709999,66.18,73.839996,139864.31,158483.23,180096.94,139864.31,158483.23,180096.94,139864.31,158483.23,180096.94,138406.8,160169.2,180777.28,138406.8,160169.2,180777.28,138406.8,160169.2,180777.28,1.39,1.49,1.6,1.39,1.49,1.6,1.39,1.49,1.6,1.4299999,1.49,1.59,1.4299999,1.49,1.59,1.4299999,1.49,1.59,1.4299999,1.53,1.64,1.4299999,1.53,1.64,1.4299999,1.53,1.64,1.46,1.54,1.63,1.46,1.54,1.63,1.46,1.54,1.63,.15603217,.16106328,.15251409,.15603217,.16106328,.15251409,.15603217,.16106328,.15251409,.15590005,.16267741,.1541592,.15590005,.16267741,.1541592,.15590005,.16267741,.1541592,189.98169,68157.422,358.75784,12832.769,7451,7451,7451,34,34,34,137724,137724,137724,2023,2023,2023,1.6806723,1.6806723,1.6806723,167.9077,7854.3999,46.77808,1590.4547,,,,,,,,,,,,,,,,,,,,59.5,18.483961,,,1199.688,574.8172,,,,,640.89349,348.16913,640.89349,348.16913,640.89349,348.16913,59.5,18.483961,,,1,,2.3890646,2.3890646,2.3890646,1.0520588,1.0520588,1.0520588,1,,1,,48.170288,,,11.332061,11.332061,11.332061,1,,1,,2.3890646,2.3890646,2.3890646,.74211246,.74211246,.74211246,1,,1,,74.295509,,,13.978641,13.978641,13.978641,1,
26May2020,Iran,57,7508,114,285,15016,37540,1787,139511,3574,8935,279022,697555,109437,1724,3.1897035,22566,54.50893,2163.5537,168.70255,6686.9453,39.637489,2259.3369,,,,,,,,,,,,,,,,,,,,,,,,13256.143,15501.242,11350.313,1729.6034,2022.5342,1480.939,1300.3513,1526.4163,1130.1744,420.19217,484.55615,374.20975,136.17668,,,17937.098,,,132.16039,132.16039,132.16039,17930.186,17930.186,17930.186,57,,,7508,,,55.318882,55.318882,55.318882,7505.1069,7505.1069,7505.1069,21.704666,98743.375,84191.297,113029.67,10331018,12110757,8751857,136.17668,,,17937.098,,,132.16039,132.16039,132.16039,17930.186,17930.186,17930.186,21.704666,,,,,,,136.17668,,,17937.098,,,132.16039,132.16039,132.16039,17930.186,17930.186,17930.186,21.704666,,,,,,,.16154224,,,21.278231,,,.15677783,.15677783,.15677783,21.270031,21.270031,21.270031,.067617357,,,8.9065104,,,.065623097,.065623097,.065623097,8.903079,8.903079,8.903079,2.1198635,117.13625,99.873558,134.08365,.1379097,,,,,,,,,366.98276,119074.13,324.4679,44184.961,5566.8301,5073.5,6019.8999,5566.8301,5073.5,6019.8999,5566.8301,5073.5,6019.8999,5607.1099,5156.5601,6147.3198,5607.1099,5156.5601,6147.3198,5607.1099,5156.5601,6147.3198,37.349998,33.990002,41.360001,37.349998,33.990002,41.360001,37.349998,33.990002,41.360001,37.709999,34.080002,42.080002,37.709999,34.080002,42.080002,37.709999,34.080002,42.080002,1949632,1812312.3,2083070.9,1949632,1812312.3,2083070.9,1949632,1812312.3,2083070.9,1964382.5,1819837.5,2118445,1964382.5,1819837.5,2118445,1964382.5,1819837.5,2118445,24437.75,21505.061,27839.699,24437.75,21505.061,27839.699,24437.75,21505.061,27839.699,24699.439,21242.92,28028.16,24699.439,21242.92,28028.16,24699.439,21242.92,28028.16,1483.84,1639.58,1811.38,1483.84,1639.58,1811.38,1483.84,1639.58,1811.38,1490.46,1655.74,1851.38,1490.46,1655.74,1851.38,1490.46,1655.74,1851.38,216.7,244.34,271.57999,216.7,244.34,271.57999,216.7,244.34,271.57999,217.64,246.87,275.59,217.64,246.87,275.59,217.64,246.87,275.59,549.23999,602.90997,667.08002,549.23999,602.90997,667.08002,549.23999,602.90997,667.08002,551.48999,608.82001,680.46002,551.48999,608.82001,680.46002,551.48999,608.82001,680.46002,61.900002,69.790001,77.57,61.900002,69.790001,77.57,61.900002,69.790001,77.57,62.16,70.519997,78.720001,62.16,70.519997,78.720001,62.16,70.519997,78.720001,148574.61,168911.69,192401.38,148574.61,168911.69,192401.38,148574.61,168911.69,192401.38,146766.16,170719.81,193956.98,146766.16,170719.81,193956.98,146766.16,170719.81,193956.98,1.39,1.49,1.6,1.39,1.49,1.6,1.39,1.49,1.6,1.42,1.49,1.59,1.42,1.49,1.59,1.42,1.49,1.59,1.4299999,1.53,1.64,1.4299999,1.53,1.64,1.4299999,1.53,1.64,1.46,1.54,1.63,1.46,1.54,1.63,1.46,1.54,1.63,.15283731,.15805583,.14856483,.15283731,.15805583,.14856483,.15283731,.15805583,.14856483,.15267552,.16042992,.15013473,.15267552,.16042992,.15013473,.15267552,.16042992,.15013473,189.98169,68157.422,358.75784,13399.604,7508,7508,7508,57,57,57,139511,139511,139511,1787,1787,1787,3.1897035,3.1897035,3.1897035,167.9077,7854.3999,46.77808,2666.3506,,,,,,,,,,,,,,,,,,,,31.350878,18.581646,,,725.11224,575.95819,,,,,654.29053,350.22302,654.29053,350.22302,654.29053,350.22302,31.350878,18.581646,,,1,,2.3890646,2.3890646,2.3890646,.65526313,.65526313,.65526313,1,,1,,55.256504,,,13.675294,13.675294,13.675294,1,,1,,2.3890648,2.3890648,2.3890648,.74145311,.74145311,.74145311,1,,1,,74.051636,,,13.974754,13.974754,13.974754,1,
27May2020,Iran,56,7564,112,280,15128,37820,2080,141591,4160,10400,283182,707955,111176,1739,2.6923077,22851,55.32143,2225.0894,168.70255,6686.9453,39.637489,2219.6995,,,,,,,,,,,,,,,,,,,,,,,,13432.898,15740.536,11520.982,1770.4128,2074.552,1518.4285,1318.7771,1549.4644,1143.5884,429.11514,493.50031,379.68555,133.78763,,,18070.885,,,134.78474,134.78474,134.78474,18064.971,18064.971,18064.971,56,,,7564,,,56.41737,56.41737,56.41737,7561.5244,7561.5244,7561.5244,22.152235,100036.66,85361.914,113828.41,10431055,12224585,8837219,133.78763,,,18070.885,,,134.78474,134.78474,134.78474,18064.971,18064.971,18064.971,22.152235,,,,,,,133.78763,,,18070.885,,,134.78474,134.78474,134.78474,18064.971,18064.971,18064.971,22.152235,,,,,,,.15870817,,,21.436939,,,.15989102,.15989102,.15989102,21.429922,21.429922,21.429922,.06643109,,,8.9729424,,,.066926204,.066926204,.066926204,8.970005,8.970005,8.970005,2.4674404,118.67043,101.26223,135.03116,.13373861,,,,,,,,,366.98276,119074.13,324.4679,43409.789,5605.9302,5114.9302,6057.1401,5605.9302,5114.9302,6057.1401,5605.9302,5114.9302,6057.1401,5646.5898,5195.5498,6184.6899,5646.5898,5195.5498,6184.6899,5646.5898,5195.5498,6184.6899,39.099998,35.540001,43.279999,39.099998,35.540001,43.279999,39.099998,35.540001,43.279999,39.48,35.68,44.09,39.48,35.68,44.09,39.48,35.68,44.09,1975681.8,1840910.8,2107731.5,1975681.8,1840910.8,2107731.5,1975681.8,1840910.8,2107731.5,1990712.9,1845838.4,2145998.3,1990712.9,1845838.4,2145998.3,1990712.9,1845838.4,2145998.3,26049.789,22816.66,29675.199,26049.789,22816.66,29675.199,26049.789,22816.66,29675.199,26330.289,22530.17,30124.15,26330.289,22530.17,30124.15,26330.289,22530.17,30124.15,1561.49,1731.11,1913.91,1561.49,1731.11,1913.91,1561.49,1731.11,1913.91,1568.41,1748.34,1959.1899,1568.41,1748.34,1959.1899,1568.41,1748.34,1959.1899,231.09,260.35001,291.04999,231.09,260.35001,291.04999,231.09,260.35001,291.04999,230.46001,263.07999,294.41,230.46001,263.07999,294.41,230.46001,263.07999,294.41,574.23999,632.32001,699.87,574.23999,632.32001,699.87,574.23999,632.32001,699.87,576.40997,638.57001,714.94,576.40997,638.57001,714.94,576.40997,638.57001,714.94,66.010002,74.370003,83.139999,66.010002,74.370003,83.139999,66.010002,74.370003,83.139999,65.830002,75.150002,84.099998,65.830002,75.150002,84.099998,65.830002,75.150002,84.099998,157580.28,180026,205055.42,157580.28,180026,205055.42,157580.28,180026,205055.42,155555.22,181963.53,208450.27,155555.22,181963.53,208450.27,155555.22,181963.53,208450.27,1.39,1.49,1.6,1.39,1.49,1.6,1.39,1.49,1.6,1.42,1.49,1.59,1.42,1.49,1.59,1.42,1.49,1.59,1.4299999,1.53,1.64,1.4299999,1.53,1.64,1.4299999,1.53,1.64,1.46,1.54,1.63,1.46,1.54,1.63,1.46,1.54,1.63,.15009718,.15576337,.1458457,.15009718,.15576337,.1458457,.15009718,.15576337,.1458457,.14994138,.15836543,.14636098,.14994138,.15836543,.14636098,.14994138,.15836543,.14636098,189.98169,68157.422,358.75784,14027.431,7564,7564,7564,56,56,56,141591,141591,141591,2080,2080,2080,2.6923077,2.6923077,2.6923077,167.9077,7854.3999,46.77808,2619.5725,,,,,,,,,,,,,,,,,,,,37.142857,18.719065,,,747.72723,577.22992,,,,,666.23505,352.42709,666.23505,352.42709,666.23505,352.42709,37.142857,18.719065,,,1,,2.3890648,2.3890648,2.3890648,.69821423,.69821423,.69821423,1,,1,,48.094547,,,12.523937,12.523937,12.523937,1,,1,,2.3890646,2.3890646,2.3890646,.74113303,.74113303,.74113303,1,,1,,73.670326,,,13.953442,13.953442,13.953442,1,
28May2020,Iran,63,7627,126,315,15254,38135,2258,143849,4516,11290,287698,719245,112988,1812,2.7900798,23234,56.910713,2314.7947,168.70255,6686.9453,39.637489,2497.1619,,,,,,,,,,,,,,,,,,,,,,,,13615.486,15950.68,11707.813,1832.5101,2146.8042,1575.756,1337.4695,1571.928,1154.7892,438.24756,504.23425,387.24988,150.51108,,,18221.396,,,138.20862,138.20862,138.20862,18203.18,18203.18,18203.18,63,,,7627,,,57.85051,57.85051,57.85051,7619.375,7619.375,7619.375,22.587532,101326.1,86740.492,114890.61,10532381,12339476,8923959,150.51108,,,18221.396,,,138.20862,138.20862,138.20862,18203.18,18203.18,18203.18,22.587532,,,,,,,150.51108,,,18221.396,,,138.20862,138.20862,138.20862,18203.18,18203.18,18203.18,22.587532,,,,,,,.17854668,,,21.615484,,,.16395265,.16395265,.16395265,21.593876,21.593876,21.593876,.074734971,,,9.047677,,,.068626292,.068626292,.068626292,9.0386314,9.0386314,9.0386314,2.6785963,120.20005,102.8976,136.29121,.14854127,,,,,,,,,366.98276,119074.13,324.4679,48836.012,5646.98,5158.6602,6096.2002,5646.98,5158.6602,6096.2002,5646.98,5158.6602,6096.2002,5688.04,5235.5601,6224.2798,5688.04,5235.5601,6224.2798,5688.04,5235.5601,6224.2798,41.049999,37.25,45.43,41.049999,37.25,45.43,41.049999,37.25,45.43,41.450001,37.400002,46.349998,41.450001,37.400002,46.349998,41.450001,37.400002,46.349998,2003449,1871648,2134328,2003449,1871648,2134328,2003449,1871648,2134328,2018780.5,1873604.3,2177374,2018780.5,1873604.3,2177374,2018780.5,1873604.3,2177374,27767.221,24201.539,31740.289,27767.221,24201.539,31740.289,27767.221,24201.539,31740.289,28067.619,23865.42,32396.529,28067.619,23865.42,32396.529,28067.619,23865.42,32396.529,1645.1899,1830.85,2026.45,1645.1899,1830.85,2026.45,1645.1899,1830.85,2026.45,1652.72,1849.25,2073.74,1652.72,1849.25,2073.74,1652.72,1849.25,2073.74,245.75999,277.45999,311.95999,245.75999,277.45999,311.95999,245.75999,277.45999,311.95999,244.06,280.39001,314.95999,244.06,280.39001,314.95999,244.06,280.39001,314.95999,601.44,664.69,736.21997,601.44,664.69,736.21997,601.44,664.69,736.21997,603.65997,671.32001,753.17999,603.65997,671.32001,753.17999,603.65997,671.32001,753.17999,70.199997,79.25,89.110001,70.199997,79.25,89.110001,70.199997,79.25,89.110001,69.709999,80.089996,89.970001,69.709999,80.089996,89.970001,69.709999,80.089996,89.970001,167122.28,191869.22,219583.69,167122.28,191869.22,219583.69,167122.28,191869.22,219583.69,164795.03,193943.66,224139.7,164795.03,193943.66,224139.7,164795.03,193943.66,224139.7,1.39,1.49,1.59,1.39,1.49,1.59,1.39,1.49,1.59,1.42,1.49,1.59,1.42,1.49,1.59,1.42,1.49,1.59,1.4299999,1.53,1.64,1.4299999,1.53,1.64,1.4299999,1.53,1.64,1.46,1.54,1.63,1.46,1.54,1.63,1.46,1.54,1.63,.14783618,.15391584,.14313039,.14783618,.15391584,.14313039,.14783618,.15391584,.14313039,.14767908,.1567121,.14307088,.14767908,.1567121,.14307088,.14767908,.1567121,.14307088,189.98169,68157.422,358.75784,14727.009,7627,7627,7627,63,63,63,143849,143849,143849,2258,2258,2258,2.7900798,2.7900798,2.7900798,167.9077,7854.3999,46.77808,2947.019,,,,,,,,,,,,,,,,,,,,35.84127,18.860497,,,673.21356,578.02271,,,,,676.42438,354.78238,676.42438,354.78238,676.42438,354.78238,35.84127,18.860497,,,1,,2.3890648,2.3890648,2.3890648,.65158731,.65158731,.65158731,1,,1,,44.874271,,,12.297263,12.297263,12.297263,1,,1,,2.3890648,2.3890648,2.3890648,.74039334,.74039334,.74039334,1,,1,,73.218315,,,13.927444,13.927444,13.927444,1,
29May2020,Iran,50,7677,100,250,15354,38385,2819,146668,5638,14095,293336,733340,114931,1943,1.7736787,24060,59.080357,2436.0447,168.70255,6686.9453,39.637489,1981.8745,,,,,,,,,,,,,,,,,,,,,,,,13803.896,16181.631,11937.387,1911.8899,2241.2146,1653.3715,1356.4033,1593.7516,1165.7507,447.0253,514.30017,393.39474,119.45323,,,18340.85,,,142.14894,142.14894,142.14894,18345.328,18345.328,18345.328,50,,,7677,,,59.499832,59.499832,59.499832,7678.875,7678.875,7678.875,23.005985,102609.23,88180.781,115895.63,10634990,12455371,9012140,119.45323,,,18340.85,,,142.14894,142.14894,142.14894,18345.328,18345.328,18345.328,23.005985,,,,,,,119.45323,,,18340.85,,,142.14894,142.14894,142.14894,18345.328,18345.328,18345.328,23.005985,,,,,,,.14170372,,,21.757189,,,.16862695,.16862695,.16862695,21.762503,21.762503,21.762503,.059313472,,,9.1069908,,,.070582829,.070582829,.070582829,9.1092148,9.1092148,9.1092148,3.3440936,121.7222,104.60617,137.48343,.11641567,,,,,,,,,366.98276,119074.13,324.4679,38758.738,5690.1699,5204.9702,6137.2402,5690.1699,5204.9702,6137.2402,5690.1699,5204.9702,6137.2402,5731.6602,5277.7402,6266.02,5731.6602,5277.7402,6266.02,5731.6602,5277.7402,6266.02,43.189999,39.09,47.810001,43.189999,39.09,47.810001,43.189999,39.09,47.810001,43.619999,39.23,48.860001,43.619999,39.23,48.860001,43.619999,39.23,48.860001,2033045.6,1904682,2163911.3,2033045.6,1904682,2163911.3,2033045.6,1904682,2163911.3,2048698.6,1903252.6,2211229.5,2048698.6,1903252.6,2211229.5,2048698.6,1903252.6,2211229.5,29596.689,25668.881,34108.539,29596.689,25668.881,34108.539,29596.689,25668.881,34108.539,29918.131,25313.01,34837.121,29918.131,25313.01,34837.121,29918.131,25313.01,34837.121,1735.54,1939.08,2149.3501,1735.54,1939.08,2149.3501,1735.54,1939.08,2149.3501,1743.24,1958.75,2189.2,1743.24,1958.75,2189.2,1743.24,1958.75,2189.2,261.07001,295.70001,335.64999,261.07001,295.70001,335.64999,261.07001,295.70001,335.64999,258.45999,298.85001,337.13,258.45999,298.85001,337.13,258.45999,298.85001,337.13,630.91998,700.15002,776.27002,630.91998,700.15002,776.27002,630.91998,700.15002,776.27002,633.34998,707.17999,791.37,633.34998,707.17999,791.37,633.34998,707.17999,791.37,74.57,84.470001,95.879997,74.57,84.470001,95.879997,74.57,84.470001,95.879997,73.830002,85.370003,96.309998,73.830002,85.370003,96.309998,73.830002,85.370003,96.309998,177234.28,204486.94,235934.64,177234.28,204486.94,235934.64,177234.28,204486.94,235934.64,174772.06,206706.05,240992.53,174772.06,206706.05,240992.53,174772.06,206706.05,240992.53,1.39,1.49,1.59,1.39,1.49,1.59,1.39,1.49,1.59,1.42,1.49,1.58,1.42,1.49,1.58,1.42,1.49,1.58,1.4299999,1.53,1.64,1.4299999,1.53,1.64,1.4299999,1.53,1.64,1.46,1.54,1.63,1.46,1.54,1.63,1.46,1.54,1.63,.14592847,.15228556,.14017019,.14592847,.15228556,.14017019,.14592847,.15228556,.14017019,.14579788,.15497959,.14025269,.14579788,.15497959,.14025269,.14579788,.15497959,.14025269,189.98169,68157.422,358.75784,15494.751,7677,7677,7677,50,50,50,146668,146668,146668,2819,2819,2819,1.7736787,1.7736787,1.7736787,167.9077,7854.3999,46.77808,2338.9041,,,,,,,,,,,,,,,,,,,,56.380001,19.104858,,,858.99084,579.85266,,,,,685.26721,357.29083,685.26721,357.29083,685.26721,357.29083,56.380001,19.104858,,,1,,2.3890646,2.3890646,2.3890646,.86379999,.86379999,.86379999,1,,1,,36.399162,,,10.499003,10.499003,10.499003,1,,1,,2.3890648,2.3890648,2.3890648,.74119705,.74119705,.74119705,1,,1,,72.510635,,,13.861548,13.861548,13.861548,1,
30May2020,Iran,57,7734,114,285,15468,38670,2282,148950,4564,11410,297900,744750,116827,1896,2.4978089,24389,61.080357,2571.1697,168.70255,6686.9453,39.637489,2259.3369,,,,,,,,,,,,,,,,,,,,,,,,13787.042,16224.371,11996.33,1991.2203,2343.2363,1732.5933,1375.5533,1614.8801,1177.5526,455.21326,523.46649,399.14716,136.17668,,,18477.025,,,146.29391,146.29391,146.29391,18491.623,18491.623,18491.623,57,,,7734,,,61.23481,61.23481,61.23481,7740.1094,7740.1094,7740.1094,23.405371,103883.48,89567.211,116685.96,10738874,12572057,9101707,136.17668,,,18477.025,,,146.29391,146.29391,146.29391,18491.623,18491.623,18491.623,23.405371,,,,,,,136.17668,,,18477.025,,,146.29391,146.29391,146.29391,18491.623,18491.623,18491.623,23.405371,,,,,,,.16154224,,,21.918732,,,.173544,.173544,.173544,21.936047,21.936047,21.936047,.067617357,,,9.1746073,,,.072640978,.072640978,.072640978,9.1818552,9.1818552,9.1818552,2.7070668,123.2338,106.25085,138.42099,.13108598,,,,,,,,,366.98276,119074.13,324.4679,44184.961,5735.7202,5254.1201,6180.4702,5735.7202,5254.1201,6180.4702,5735.7202,5254.1201,6180.4702,5777.6602,5322.3198,6309.9399,5777.6602,5322.3198,6309.9399,5777.6602,5322.3198,6309.9399,45.540001,41.060001,50.439999,45.540001,41.060001,50.439999,45.540001,41.060001,50.439999,46,41.23,51.630001,46,41.23,51.630001,46,41.23,51.630001,2064590.9,1939319,2195409,2064590.9,1939319,2195409,2064590.9,1939319,2195409,2080587.4,1934908.9,2248974.3,2080587.4,1934908.9,2248974.3,2080587.4,1934908.9,2248974.3,31545.18,27223.35,36649.969,31545.18,27223.35,36649.969,31545.18,27223.35,36649.969,31888.811,26846.689,37477.371,31888.811,26846.689,37477.371,31888.811,26846.689,37477.371,1831.51,2056.1399,2283.02,1831.51,2056.1399,2283.02,1831.51,2056.1399,2283.02,1838.92,2077.1899,2313.3201,1838.92,2077.1899,2313.3201,1838.92,2077.1899,2313.3201,277.32999,315.16,358.91,277.32999,315.16,358.91,277.32999,315.16,358.91,273.91,318.54001,361.60001,273.91,318.54001,361.60001,273.91,318.54001,361.60001,662.95001,738.79999,820.17999,662.95001,738.79999,820.17999,662.95001,738.79999,820.17999,665.14001,746.28998,832.71002,665.14001,746.28998,832.71002,665.14001,746.28998,832.71002,79.220001,90.029999,102.53,79.220001,90.029999,102.53,79.220001,90.029999,102.53,78.239998,90.989998,103.3,78.239998,90.989998,103.3,78.239998,90.989998,103.3,187939.8,217907.23,253476.7,187939.8,217907.23,253476.7,187939.8,217907.23,253476.7,185330.63,220266.45,259246.5,185330.63,220266.45,259246.5,185330.63,220266.45,259246.5,.99000001,1.0700001,1.16,.99000001,1.0700001,1.16,.99000001,1.0700001,1.16,.98000002,1.08,1.1900001,.98000002,1.08,1.1900001,.98000002,1.08,1.1900001,1.02,1.1,1.1900001,1.02,1.1,1.1900001,1.02,1.1,1.1900001,1.01,1.11,1.23,1.01,1.11,1.23,1.01,1.11,1.23,.14436437,.15082641,.13762631,.14436437,.15082641,.13762631,.14436437,.15082641,.13762631,.14425123,.15357573,.13776313,.14425123,.15357573,.13776313,.14425123,.15357573,.13776313,189.98169,68157.422,358.75784,16337.832,7734,7734,7734,57,57,57,148950,148950,148950,2282,2282,2282,2.4978089,2.4978089,2.4978089,167.9077,7854.3999,46.77808,2666.3506,,,,,,,,,,,,,,,,,,,,40.035088,19.259115,,,762.85809,581.20148,,,,,692.69165,359.95322,692.69165,359.95322,692.69165,359.95322,40.035088,19.259115,,,1,,2.3890646,2.3890646,2.3890646,.79894739,.79894739,.79894739,1,,1,,45.522999,,,13.82348,13.82348,13.82348,1,,1,,2.3890646,2.3890646,2.3890646,.741624,.741624,.741624,1,,1,,72.097176,,,13.860966,13.860966,13.860966,1,
31May2020,Iran,63,7797,126,315,15594,38985,2516,151466,5032,12580,302932,757330,118848,2021,2.5039747,24821,62.9375,2700.8394,168.70255,6686.9453,39.637489,2497.1619,,,,,,,,,,,,,,,,,,,,,,,,13848.084,16346.901,12098.961,2102.6646,2482.0798,1837.0813,1394.8925,1635.2585,1190.2444,462.60925,531.53375,404.40067,150.51108,,,18627.537,,,150.29472,150.29472,150.29472,18641.916,18641.916,18641.916,63,,,7797,,,62.909443,62.909443,62.909443,7803.019,7803.019,7803.019,23.786097,105146.33,90668.828,117379.22,10844020,12689437,9192376,150.51108,,,18627.537,,,150.29472,150.29472,150.29472,18641.916,18641.916,18641.916,23.786097,,,,,,,150.51108,,,18627.537,,,150.29472,150.29472,150.29472,18641.916,18641.916,18641.916,23.786097,,,,,,,.17854668,,,22.097279,,,.17829004,.17829004,.17829004,22.114336,22.114336,22.114336,.074734971,,,9.2493429,,,.074627548,.074627548,.074627548,9.2564831,9.2564831,9.2564831,2.9846539,124.73187,107.55766,139.24338,.1431444,,,,,,,,,366.98276,119074.13,324.4679,48836.012,5783.8198,5306.3999,6226.2202,5783.8198,5306.3999,6226.2202,5783.8198,5306.3999,6226.2202,5826.25,5369.5098,6356.23,5826.25,5369.5098,6356.23,5826.25,5369.5098,6356.23,48.110001,43.209999,53.330002,48.110001,43.209999,53.330002,48.110001,43.209999,53.330002,48.59,43.389999,54.43,48.59,43.389999,54.43,48.59,43.389999,54.43,2097351.5,1969953.4,2228083.3,2097351.5,1969953.4,2228083.3,2097351.5,1969953.4,2228083.3,2113718.5,1967892.1,2282912.8,2113718.5,1967892.1,2282912.8,2113718.5,1967892.1,2282912.8,32760.789,28178.76,38259.57,32760.789,28178.76,38259.57,32760.789,28178.76,38259.57,33131.102,27999.391,39138.461,33131.102,27999.391,39138.461,33131.102,27999.391,39138.461,1941.6,2182.3601,2433.4099,1941.6,2182.3601,2433.4099,1941.6,2182.3601,2433.4099,1941.24,2204.8899,2457.0701,1941.24,2204.8899,2457.0701,1941.24,2204.8899,2457.0701,294.01001,335.73001,382.32001,294.01001,335.73001,382.32001,294.01001,335.73001,382.32001,290.34,339.35001,388.37,290.34,339.35001,388.37,290.34,339.35001,388.37,697.95001,780.77002,868.09003,697.95001,780.77002,868.09003,697.95001,780.77002,868.09003,699.28003,788.75,877.32001,699.28003,788.75,877.32001,699.28003,788.75,877.32001,83.980003,95.910004,109.21,83.980003,95.910004,109.21,83.980003,95.910004,109.21,82.940002,96.940002,110.95,82.940002,96.940002,110.95,82.940002,96.940002,110.95,189510.47,220066.56,256456.69,189510.47,220066.56,256456.69,189510.47,220066.56,256456.69,189865.44,222651.78,262109.19,189865.44,222651.78,262109.19,189865.44,222651.78,262109.19,.99000001,1.0700001,1.16,.99000001,1.0700001,1.16,.99000001,1.0700001,1.16,.98000002,1.08,1.1900001,.98000002,1.08,1.1900001,.98000002,1.08,1.1900001,1.02,1.1,1.1900001,1.02,1.1,1.1900001,1.02,1.1,1.1900001,1.01,1.11,1.23,1.01,1.11,1.23,1.01,1.11,1.23,.14685239,.15334244,.13938996,.14685239,.15334244,.13938996,.14685239,.15334244,.13938996,.14665978,.15496765,.13907036,.14665978,.15496765,.13907036,.14665978,.15496765,.13907036,189.98169,68157.422,358.75784,17259.84,7797,7797,7797,63,63,63,151466,151466,151466,2516,2516,2516,2.5039747,2.5039747,2.5039747,167.9077,7854.3999,46.77808,2947.019,,,,,,,,,,,,,,,,,,,,39.936508,19.426189,,,698.59528,582.14996,,,,,680.95593,362.62393,680.95593,362.62393,680.95593,362.62393,39.936508,19.426189,,,1,,2.3890648,2.3890648,2.3890648,.76365077,.76365077,.76365077,1,,1,,41.791069,,,13.020982,13.020982,13.020982,1,,1,,2.3890646,2.3890646,2.3890646,.74180067,.74180067,.74180067,1,,1,,71.593758,,,13.847012,13.847012,13.847012,1,
01Jun2020,Iran,81,7878,162,405,15756,39390,2979,154445,5958,14895,308890,772225,121004,2156,2.7190332,25563,64.464287,2808.5625,168.70255,6686.9453,39.637489,3210.6367,,,,,,,,,,,,,,,,,,,,,,,,13943.716,16485.025,12215.159,2223.8513,2629.1589,1948.1678,1414.3926,1654.832,1206.6554,468.98016,538.27325,409.13464,193.51424,,,18821.051,,,153.76503,153.76503,153.76503,18795.682,18795.682,18795.682,81,,,7878,,,64.362022,64.362022,64.362022,7867.3809,7867.3809,7867.3809,24.150484,106395.15,91738.125,117931.81,10950415,12807368,9284114,193.51424,,,18821.051,,,153.76503,153.76503,153.76503,18795.682,18795.682,18795.682,24.150484,,,,,,,193.51424,,,18821.051,,,153.76503,153.76503,153.76503,18795.682,18795.682,18795.682,24.150484,,,,,,,.22956002,,,22.326838,,,.18240675,.18240675,.18240675,22.296743,22.296743,22.296743,.096087821,,,9.3454304,,,.076350696,.076350696,.076350696,9.3328333,9.3328333,9.3328333,3.5338967,126.21331,108.82613,139.8989,.18188258,,,,,,,,,366.98276,119074.13,324.4679,62789.156,5834.71,5362.1099,6275.1001,5834.71,5362.1099,6275.1001,5834.71,5362.1099,6275.1001,5877.6602,5419.5298,6405.1001,5877.6602,5419.5298,6405.1001,5877.6602,5419.5298,6405.1001,50.889999,45.529999,56.490002,50.889999,45.529999,56.490002,50.889999,45.529999,56.490002,51.41,45.700001,57.400002,51.41,45.700001,57.400002,51.41,45.700001,57.400002,2130473.3,2000768.6,2261824.5,2130473.3,2000768.6,2261824.5,2130473.3,2000768.6,2261824.5,2147243.8,2001403.6,2318983.3,2147243.8,2001403.6,2318983.3,2147243.8,2001403.6,2318983.3,33121.531,28439.801,38766.578,33121.531,28439.801,38766.578,33121.531,28439.801,38766.578,33525.352,28707.91,39633.41,33525.352,28707.91,39633.41,33525.352,28707.91,39633.41,2059.1899,2317.3701,2596.1599,2059.1899,2317.3701,2596.1599,2059.1899,2317.3701,2596.1599,2050.0601,2341.5,2616.3201,2050.0601,2341.5,2616.3201,2050.0601,2341.5,2616.3201,310.37,356.03,406.84,310.37,356.03,406.84,310.37,356.03,406.84,306.62,359.91,415.14001,306.62,359.91,415.14001,306.62,359.91,415.14001,737.09003,825.97998,921.63,737.09003,825.97998,921.63,737.09003,825.97998,921.63,735.85999,834.48999,928.01001,735.85999,834.48999,928.01001,735.85999,834.48999,928.01001,88.660004,101.7,116.22,88.660004,101.7,116.22,88.660004,101.7,116.22,87.589996,102.81,118.6,87.589996,102.81,118.6,87.589996,102.81,118.6,191141.67,222316.66,259842.95,191141.67,222316.66,259842.95,191141.67,222316.66,259842.95,194468.67,225135.5,263835.91,194468.67,225135.5,263835.91,194468.67,225135.5,263835.91,.99000001,1.0700001,1.16,.99000001,1.0700001,1.16,.99000001,1.0700001,1.16,.98000002,1.08,1.1900001,.98000002,1.08,1.1900001,.98000002,1.08,1.1900001,1.02,1.1,1.1900001,1.02,1.1,1.1900001,1.02,1.1,1.1900001,1.01,1.11,1.23,1.01,1.11,1.23,1.01,1.11,1.23,.15364628,.16009253,.14571831,.15364628,.16009253,.14571831,.15364628,.16009253,.14571831,.15334664,.15918958,.14482731,.15334664,.15918958,.14482731,.15334664,.15918958,.14482731,189.98169,68157.422,358.75784,18257.186,7878,7878,7878,81,81,81,154445,154445,154445,2979,2979,2979,2.7190332,2.7190332,2.7190332,167.9077,7854.3999,46.77808,3789.0244,,,,,,,,,,,,,,,,,,,,36.777779,19.604595,,,549.8053,581.81738,,,,,650.84558,365.13782,650.84558,365.13782,650.84558,365.13782,36.777779,19.604595,,,1,,2.3890646,2.3890646,2.3890646,.62827158,.62827158,.62827158,1,,1,,35.715054,,,11.118339,11.118339,11.118339,1,,1,,2.3890646,2.3890646,2.3890646,.74063343,.74063343,.74063343,1,,1,,70.901711,,,13.794381,13.794381,13.794381,1,
02Jun2020,Iran,64,7942,128,320,15884,39710,3117,157562,6234,15585,315124,787810,123077,2073,2.0532563,26543,65.678574,2865.4822,168.70255,6686.9453,39.637489,2536.7993,,,,,,,,,,,,,,,,,,,,,,,,13837.683,16292.954,12110.991,2346.7981,2763.1992,2053.9602,1434.0247,1673.5461,1225.7438,474.22708,543.59985,414.16644,152.90013,,,18973.951,,,156.40764,156.40764,156.40764,18952.09,18952.09,18952.09,64,,,7942,,,65.468147,65.468147,65.468147,7932.8491,7932.8491,7932.8491,24.501404,107627.03,93107.484,118823.15,11058042,12926191,9377222,152.90013,,,18973.951,,,156.40764,156.40764,156.40764,18952.09,18952.09,18952.09,24.501404,,,,,,,152.90013,,,18973.951,,,156.40764,156.40764,156.40764,18952.09,18952.09,18952.09,24.501404,,,,,,,.18138076,,,22.508219,,,.1855416,.1855416,.1855416,22.482285,22.482285,22.482285,.075921245,,,9.4213514,,,.077662863,.077662863,.077662863,9.4104967,9.4104967,9.4104967,3.6976018,127.67466,110.45056,140.95627,.14206481,,,,,,,,,366.98276,119074.13,324.4679,49611.184,5888.6099,5420.8999,6327.8799,5888.6099,5420.8999,6327.8799,5888.6099,5420.8999,6327.8799,5932.1099,5472.6201,6456.7402,5932.1099,5472.6201,6456.7402,5932.1099,5472.6201,6456.7402,53.900002,47.990002,59.919998,53.900002,47.990002,59.919998,53.900002,47.990002,59.919998,54.450001,48.16,60.59,54.450001,48.16,60.59,54.450001,48.16,60.59,2163722,2031395.4,2296616.8,2163722,2031395.4,2296616.8,2163722,2031395.4,2296616.8,2180933,2035231.4,2355143.5,2180933,2035231.4,2355143.5,2180933,2035231.4,2355143.5,33248.781,28510.551,38788.09,33248.781,28510.551,38788.09,33248.781,28510.551,38788.09,33689.262,29211.711,39467.922,33689.262,29211.711,39467.922,33689.262,29211.711,39467.922,2179.8101,2459.02,2767.1001,2179.8101,2459.02,2767.1001,2179.8101,2459.02,2767.1001,2164.3,2484.8799,2786.9199,2164.3,2484.8799,2786.9199,2164.3,2484.8799,2786.9199,324.95999,374.23001,430.35001,324.95999,374.23001,430.35001,324.95999,374.23001,430.35001,322.32001,378.41,439.20999,322.32001,378.41,439.20999,322.32001,378.41,439.20999,778.53003,873.84003,979,778.53003,873.84003,979,778.53003,873.84003,979,774.59003,882.92999,984.33002,774.59003,882.92999,984.33002,774.59003,882.92999,984.33002,92.830002,106.9,122.94,92.830002,106.9,122.94,92.830002,106.9,122.94,92.07,108.1,125.47,92.07,108.1,125.47,92.07,108.1,125.47,192820.89,224641.92,260389.48,192820.89,224641.92,260389.48,192820.89,224641.92,260389.48,198246.73,227704.38,266001.78,198246.73,227704.38,266001.78,198246.73,227704.38,266001.78,.99000001,1.0700001,1.16,.99000001,1.0700001,1.16,.99000001,1.0700001,1.16,.98000002,1.08,1.1900001,.98000002,1.08,1.1900001,.98000002,1.08,1.1900001,1.02,1.1,1.1900001,1.02,1.1,1.1900001,1.02,1.1,1.1900001,1.01,1.11,1.23,1.01,1.11,1.23,1.01,1.11,1.23,.16211121,.16832365,.1544804,.16211121,.16832365,.1544804,.16211121,.16832365,.1544804,.16162421,.16486539,.15351708,.16162421,.16486539,.15351708,.16162421,.16486539,.15351708,189.98169,68157.422,358.75784,19337.049,7942,7942,7942,64,64,64,157562,157562,157562,3117,3117,3117,2.0532563,2.0532563,2.0532563,167.9077,7854.3999,46.77808,2993.7971,,,,,,,,,,,,,,,,,,,,48.703125,19.839083,,,703.90411,582.80121,,,,,616.86047,367.44189,616.86047,367.44189,616.86047,367.44189,48.703125,19.839083,,,1,,2.3890646,2.3890646,2.3890646,.84218752,.84218752,.84218752,1,,1,,34.529045,,,10.666917,10.666917,10.666917,1,,1,,2.3890646,2.3890646,2.3890646,.74145174,.74145174,.74145174,1,,1,,70.182159,,,13.732512,13.732512,13.732512,1,
03Jun2020,Iran,70,8012,140,350,16024,40060,3134,160696,6268,15670,321392,803480,125206,2129,2.2335672,27478,66.85714,2869.8125,168.70255,6686.9453,39.637489,2774.6243,,,,,,,,,,,,,,,,,,,,,,,,13764.067,16140.048,11963.621,2478.9248,2906.8416,2154.6624,1453.7571,1690.0486,1244.6207,478.8775,547.90265,418.79245,167.23453,,,19141.186,,,158.41884,158.41884,158.41884,19110.508,19110.508,19110.508,70,,,8012,,,66.30999,66.30999,66.30999,7999.1592,7999.1592,7999.1592,24.841028,108838.84,94613.57,120906.51,11166881,13047098,9471835,167.23453,,,19141.186,,,158.41884,158.41884,158.41884,19110.508,19110.508,19110.508,24.841028,,,,,,,167.23453,,,19141.186,,,158.41884,158.41884,158.41884,19110.508,19110.508,19110.508,24.841028,,,,,,,.19838521,,,22.706604,,,.18792742,.18792742,.18792742,22.670212,22.670212,22.670212,.083038859,,,9.5043907,,,.078661509,.078661509,.078661509,9.4891577,9.4891577,9.4891577,3.7177684,129.11218,112.23718,143.42769,.15365335,,,,,,,,,366.98276,119074.13,324.4679,54262.234,5945.73,5481.2598,6383.5,5945.73,5481.2598,6383.5,5945.73,5481.2598,6383.5,5989.8101,5529,6511.3301,5989.8101,5529,6511.3301,5989.8101,5529,6511.3301,57.110001,50.830002,63.759998,57.110001,50.830002,63.759998,57.110001,50.830002,63.759998,57.700001,50.77,64.279999,57.700001,50.77,64.279999,57.700001,50.77,64.279999,2197101,2060235,2328913.5,2197101,2060235,2328913.5,2197101,2060235,2328913.5,2214790.8,2069384.9,2391393.3,2214790.8,2069384.9,2391393.3,2214790.8,2069384.9,2391393.3,33379.18,28582.9,38522.52,33379.18,28582.9,38522.52,33379.18,28582.9,38522.52,33857.789,29561.961,39711.941,33857.789,29561.961,39711.941,33857.789,29561.961,39711.941,2301.95,2603.8701,2948.22,2301.95,2603.8701,2948.22,2301.95,2603.8701,2948.22,2282.23,2631.6101,2963.3799,2282.23,2631.6101,2963.3799,2282.23,2631.6101,2963.3799,337.09,389.47,450.17001,337.09,389.47,450.17001,337.09,389.47,450.17001,336.67001,393.98001,459.35999,336.67001,393.98001,459.35999,336.67001,393.98001,459.35999,820.28003,923.37,1038.16,820.28003,923.37,1038.16,820.28003,923.37,1038.16,814.97998,933.09003,1044.17,814.97998,933.09003,1044.17,814.97998,933.09003,1044.17,96.290001,111.26,128.60001,96.290001,111.26,128.60001,96.290001,111.26,128.60001,96.169998,112.55,131.23,96.169998,112.55,131.23,96.169998,112.55,131.23,194527.48,227015.09,260853.34,194527.48,227015.09,260853.34,194527.48,227015.09,260853.34,201412.34,230329.3,269860.53,201412.34,230329.3,269860.53,201412.34,230329.3,269860.53,.99000001,1.0700001,1.16,.99000001,1.0700001,1.16,.99000001,1.0700001,1.16,.98000002,1.08,1.1900001,.98000002,1.08,1.1900001,.98000002,1.08,1.1900001,1.02,1.1,1.1900001,1.02,1.1,1.1900001,1.02,1.1,1.1900001,1.01,1.11,1.23,1.01,1.11,1.23,1.01,1.11,1.23,.17109469,.1778336,.16551358,.17109469,.1778336,.16551358,.17109469,.1778336,.16551358,.17041869,.17174098,.16186567,.17041869,.17174098,.16186567,.17041869,.17174098,.16186567,189.98169,68157.422,358.75784,20488.66,8012,8012,8012,70,70,70,160696,160696,160696,3134,3134,3134,2.2335672,2.2335672,2.2335672,167.9077,7854.3999,46.77808,3274.4656,,,,,,,,,,,,,,,,,,,,44.771427,20.056915,,,650.81555,583.39545,,,,,584.47168,369.52585,584.47168,369.52585,584.47168,369.52585,44.771427,20.056915,,,1,,2.3890648,2.3890648,2.3890648,.81585717,.81585717,.81585717,1,,1,,34.728409,,,10.650663,10.650663,10.650663,1,,1,,2.3890646,2.3890646,2.3890646,.7421031,.7421031,.7421031,1,,1,,69.490723,,,13.672406,13.672406,13.672406,1,
04Jun2020,Iran,59,8071,118,295,16142,40355,3574,164270,7148,17870,328540,821350,127485,2279,1.6508114,28714,67.839287,2823.634,168.70255,6686.9453,39.637489,2338.6118,,,,,,,,,,,,,,,,,,,,,,,,13642.353,16018.105,11787.524,2542.9019,2985.7366,2197.1665,1473.5581,1704.8862,1258.6628,483.67862,551.75397,422.77209,140.95482,,,19282.141,,,160.1488,160.1488,160.1488,19270.658,19270.658,19270.658,59,,,8071,,,67.034103,67.034103,67.034103,8066.1934,8066.1934,8066.1934,25.170341,110027.45,96188.594,122959.43,11276909,13170057,9568024,140.95482,,,19282.141,,,160.1488,160.1488,160.1488,19270.658,19270.658,19270.658,25.170341,,,,,,,140.95482,,,19282.141,,,160.1488,160.1488,160.1488,19270.658,19270.658,19270.658,25.170341,,,,,,,.16721039,,,22.873814,,,.18997963,.18997963,.18997963,22.860191,22.860191,22.860191,.069989897,,,9.5743809,,,.079520501,.079520501,.079520501,9.5686789,9.5686789,9.5686789,4.239727,130.52219,114.10559,145.86302,.12810878,,,,,,,,,366.98276,119074.13,324.4679,45735.313,6006.2202,5545.6099,6441.9199,6006.2202,5545.6099,6441.9199,6006.2202,5545.6099,6441.9199,6050.9399,5588.8301,6569.0498,6050.9399,5588.8301,6569.0498,6050.9399,5588.8301,6569.0498,60.490002,53.779999,67.800003,60.490002,53.779999,67.800003,60.490002,53.779999,67.800003,61.130001,53.529999,68.290001,61.130001,53.529999,68.290001,61.130001,53.529999,68.290001,2230675.3,2094044.4,2361359.5,2230675.3,2094044.4,2361359.5,2230675.3,2094044.4,2361359.5,2248882.5,2103929.8,2427807.5,2248882.5,2103929.8,2427807.5,2248882.5,2103929.8,2427807.5,33574.09,28685.369,38345.711,33574.09,28685.369,38345.711,33574.09,28685.369,38345.711,34091.59,29839.35,40102.879,34091.59,29839.35,40102.879,34091.59,29839.35,40102.879,2423.9399,2748.25,3124.6899,2423.9399,2748.25,3124.6899,2423.9399,2748.25,3124.6899,2402.01,2778.04,3141.79,2402.01,2778.04,3141.79,2402.01,2778.04,3141.79,346.76999,401.76001,466.39999,346.76999,401.76001,466.39999,346.76999,401.76001,466.39999,349.69,406.64001,475.92001,349.69,406.64001,475.92001,349.69,406.64001,475.92001,862.63,973.52002,1097.8,862.63,973.52002,1097.8,862.63,973.52002,1097.8,856.5,983.92999,1105.23,856.5,983.92999,1105.23,856.5,983.92999,1105.23,99.059998,114.77,133.24001,99.059998,114.77,133.24001,99.059998,114.77,133.24001,99.889999,116.16,135.96001,99.889999,116.16,135.96001,99.889999,116.16,135.96001,196097.66,229417.03,261302.63,196097.66,229417.03,261302.63,196097.66,229417.03,261302.63,204038.44,232990.05,273873.72,204038.44,232990.05,273873.72,204038.44,232990.05,273873.72,.98000002,1.0700001,1.16,.98000002,1.0700001,1.16,.98000002,1.0700001,1.16,.97000003,1.08,1.1900001,.97000003,1.08,1.1900001,.97000003,1.08,1.1900001,1.02,1.1,1.1900001,1.02,1.1,1.1900001,1.02,1.1,1.1900001,1.01,1.11,1.23,1.01,1.11,1.23,1.01,1.11,1.23,.1801687,.18748233,.17681248,.1801687,.18748233,.17681248,.1801687,.18748233,.17681248,.17931108,.17939399,.17028703,.17931108,.17939399,.17028703,.17931108,.17939399,.17028703,189.98169,68157.422,358.75784,21701.262,8071,8071,8071,59,59,59,164270,164270,164270,3574,3574,3574,1.6508114,1.6508114,1.6508114,167.9077,7854.3999,46.77808,2759.9067,,,,,,,,,,,,,,,,,,,,60.576271,20.353117,,,780.58661,584.83698,,,,,555.03534,371.3942,555.03534,371.3942,555.03534,371.3942,60.576271,20.353117,,,1,,2.3890648,2.3890648,2.3890648,1.0252542,1.0252542,1.0252542,1,,1,,30.785519,,,9.3939819,9.3939819,9.3939819,1,,1,,2.3890646,2.3890646,2.3890646,.74417299,.74417299,.74417299,1,,1,,68.648621,,,13.579322,13.579322,13.579322,1,
05Jun2020,Iran,63,8134,126,315,16268,40670,2886,167156,5772,14430,334312,835780,129741,2256,2.1829522,29281,68.758926,2726.9644,168.70255,6686.9453,39.637489,2497.1619,,,,,,,,,,,,,,,,,,,,,,,,13557.913,15930.203,11706.644,2626.8323,3086.4612,2268.1506,1493.396,1718.993,1273.8561,489.32458,556.18622,426.89426,150.51108,,,19432.652,,,161.96742,161.96742,161.96742,19432.625,19432.625,19432.625,63,,,8134,,,67.795326,67.795326,67.795326,8133.9888,8133.9888,8133.9888,25.489594,111189.88,97827.102,124972.97,11388098,13295030,9665851,150.51108,,,19432.652,,,161.96742,161.96742,161.96742,19432.625,19432.625,19432.625,25.489594,,,,,,,150.51108,,,19432.652,,,161.96742,161.96742,161.96742,19432.625,19432.625,19432.625,25.489594,,,,,,,.17854668,,,23.052361,,,.192137,.192137,.192137,23.052328,23.052328,23.052328,.074734971,,,9.6491156,,,.080423526,.080423526,.080423526,9.6491022,9.6491022,9.6491022,3.4235735,131.90115,116.0493,148.25162,.13536401,,,,,,,,,366.98276,119074.13,324.4679,48836.012,6070.21,5614.0801,6503.2002,6070.21,5614.0801,6503.2002,6070.21,5614.0801,6503.2002,6115.6001,5652.2598,6630.02,6115.6001,5652.2598,6630.02,6115.6001,5652.2598,6630.02,63.990002,56.740002,71.959999,63.990002,56.740002,71.959999,63.990002,56.740002,71.959999,64.660004,56.389999,72.510002,64.660004,56.389999,72.510002,64.660004,56.389999,72.510002,2264505,2130385.5,2396134.8,2264505,2130385.5,2396134.8,2264505,2130385.5,2396134.8,2283269.3,2138927,2464457,2283269.3,2138927,2464457,2283269.3,2138927,2464457,33829.738,28828.811,38255.512,33829.738,28828.811,38255.512,33829.738,28828.811,38255.512,34386.73,30026.43,40543.031,34386.73,30026.43,40543.031,34386.73,30026.43,40543.031,2538.6599,2889.05,3282.6001,2538.6599,2889.05,3282.6001,2538.6599,2889.05,3282.6001,2520.27,2921.0801,3322.8,2520.27,2921.0801,3322.8,2520.27,2921.0801,3322.8,354.42999,411.60999,479.10999,354.42999,411.60999,479.10999,354.42999,411.60999,479.10999,360.73001,416.89001,486.76001,360.73001,416.89001,486.76001,360.73001,416.89001,486.76001,904.84003,1023.34,1159.5,904.84003,1023.34,1159.5,904.84003,1023.34,1159.5,898.67999,1034.51,1166.66,898.67999,1034.51,1166.66,898.67999,1034.51,1166.66,101.24,117.58,136.87,101.24,117.58,136.87,101.24,117.58,136.87,103.05,119.09,139.05,103.05,119.09,139.05,103.05,119.09,139.05,197631.84,231836,261730.2,197631.84,231836,261730.2,197631.84,231836,261730.2,205873.94,235674.31,277732.19,205873.94,235674.31,277732.19,205873.94,235674.31,277732.19,.98000002,1.0700001,1.16,.98000002,1.0700001,1.16,.98000002,1.0700001,1.16,.97000003,1.08,1.1900001,.97000003,1.08,1.1900001,.97000003,1.08,1.1900001,1.02,1.1,1.1900001,1.02,1.1,1.1900001,1.02,1.1,1.1900001,1.01,1.11,1.23,1.01,1.11,1.23,1.01,1.11,1.23,.18915311,.19681701,.18810362,.18915311,.19681701,.18810362,.18915311,.19681701,.18810362,.18803766,.18780121,.17884701,.18803766,.18780121,.17884701,.18803766,.18780121,.17884701,189.98169,68157.422,358.75784,22956.914,8134,8134,8134,63,63,63,167156,167156,167156,2886,2886,2886,2.1829522,2.1829522,2.1829522,167.9077,7854.3999,46.77808,2947.019,,,,,,,,,,,,,,,,,,,,45.809525,20.550283,,,738.74878,586.02899,,,,,528.67224,373.05219,528.67224,373.05219,528.67224,373.05219,45.809525,20.550283,,,1,,2.3890648,2.3890648,2.3890648,1.0157143,1.0157143,1.0157143,1,,1,,38.527328,,,11.722016,11.722016,11.722016,1,,1,,2.3890648,2.3890648,2.3890648,.74627614,.74627614,.74627614,1,,1,,68.128563,,,13.547256,13.547256,13.547256,1,
06Jun2020,Iran,75,8209,150,375,16418,41045,2269,169425,4538,11345,338850,847125,132038,2297,3.3054209,29178,69.883926,2603.6519,168.70255,6686.9453,39.637489,2972.8118,,,,,,,,,,,,,,,,,,,,,,,,13384.482,15728.255,11518.264,2724.1868,3201.2224,2344.3494,1513.2401,1732.1774,1290.2297,496.10223,561.49591,432.38037,179.17986,,,19611.832,,,164.26222,164.26222,164.26222,19596.887,19596.887,19596.887,75,,,8209,,,68.755875,68.755875,68.755875,8202.7441,8202.7441,8202.7441,25.799335,112322.99,99465.094,126453.54,11500421,13421484,9765316,179.17986,,,19611.832,,,164.26222,164.26222,164.26222,19596.887,19596.887,19596.887,25.799335,,,,,,,179.17986,,,19611.832,,,164.26222,164.26222,164.26222,19596.887,19596.887,19596.887,25.799335,,,,,,,.21255557,,,23.264915,,,.19485925,.19485925,.19485925,23.247189,23.247189,23.247189,.088970207,,,9.7380857,,,.081562988,.081562988,.081562988,9.7306652,9.7306652,9.7306652,2.6916454,133.24533,117.9924,150.00797,.15952198,,,,,,,,,366.98276,119074.13,324.4679,58138.109,6137.7402,5686.71,6567.3901,6137.7402,5686.71,6567.3901,6137.7402,5686.71,6567.3901,6183.8599,5719.3599,6694.3301,6183.8599,5719.3599,6694.3301,6183.8599,5719.3599,6694.3301,67.529999,59.740002,76.279999,67.529999,59.740002,76.279999,67.529999,59.740002,76.279999,68.260002,59.34,76.830002,68.260002,59.34,76.830002,68.260002,59.34,76.830002,2298631.5,2167111.5,2431411.3,2298631.5,2167111.5,2431411.3,2298631.5,2167111.5,2431411.3,2317993,2173891.8,2501388.3,2317993,2173891.8,2501388.3,2317993,2173891.8,2501388.3,34126.641,29003.99,38520.359,34126.641,29003.99,38520.359,34126.641,29003.99,38520.359,34723.73,30299.84,41145.238,34723.73,30299.84,41145.238,34723.73,30299.84,41145.238,2647.97,3024,3438.04,2647.97,3024,3438.04,2647.97,3024,3438.04,2637.8601,3058.48,3496.8401,2637.8601,3058.48,3496.8401,2637.8601,3058.48,3496.8401,360.56,419.63,485.70001,360.56,419.63,485.70001,360.56,419.63,485.70001,370.26999,425.32999,495.78,370.26999,425.32999,495.78,370.26999,425.32999,495.78,944.59003,1072.14,1216.16,944.59003,1072.14,1216.16,944.59003,1072.14,1216.16,939.92999,1084.13,1228.12,939.92999,1084.13,1228.12,939.92999,1084.13,1228.12,103,119.87,138.75,103,119.87,138.75,103,119.87,138.75,105.77,121.5,141.63,105.77,121.5,141.63,105.77,121.5,141.63,199159.7,234265.44,264387.75,199159.7,234265.44,264387.75,199159.7,234265.44,264387.75,208161.55,238375.41,282268.19,208161.55,238375.41,282268.19,208161.55,238375.41,282268.19,.98000002,1.0700001,1.16,.98000002,1.0700001,1.16,.98000002,1.0700001,1.16,.97000003,1.0700001,1.1900001,.97000003,1.0700001,1.1900001,.97000003,1.0700001,1.1900001,1.02,1.1,1.1900001,1.02,1.1,1.1900001,1.02,1.1,1.1900001,1.01,1.11,1.23,1.01,1.11,1.23,1.01,1.11,1.23,.1978806,.20597166,.19802515,.1978806,.20597166,.19802515,.1978806,.20597166,.19802515,.19658026,.19584262,.18672878,.19658026,.19584262,.18672878,.19658026,.19584262,.18672878,189.98169,68157.422,358.75784,24226.916,8209,8209,8209,75,75,75,169425,169425,169425,2269,2269,2269,3.3054209,3.3054209,3.3054209,167.9077,7854.3999,46.77808,3508.356,,,,,,,,,,,,,,,,,,,,30.253334,20.638933,,,626.87286,586.40216,,,,,505.35526,374.50778,505.35526,374.50778,505.35526,374.50778,30.253334,20.638933,,,1,,2.3890648,2.3890648,2.3890648,.90039998,.90039998,.90039998,1,,1,,49.503304,,,15.040388,15.040388,15.040388,1,,1,,2.3890648,2.3890648,2.3890648,.7476843,.7476843,.7476843,1,,1,,67.879128,,,13.567251,13.567251,13.567251,1,
07Jun2020,Iran,72,8281,144,360,16562,41405,2364,171789,4728,11820,343578,858945,134349,2311,3.0456853,29159,71.116074,2473.9822,168.70255,6686.9453,39.637489,2853.8992,,,,,,,,,,,,,,,,,,,,,,,,13292.806,15613.129,11397.637,2824.8406,3317.9302,2422.1003,1533.0597,1744.4178,1308.1696,504.1918,567.81171,439.45093,172.01265,,,19783.844,,,167.44501,167.44501,167.44501,19764.332,19764.332,19764.332,72,,,8281,,,70.088104,70.088104,70.088104,8272.833,8272.833,8272.833,26.101414,113423.56,101069.28,127824.13,11613845,13549308,9866386,172.01265,,,19783.844,,,167.44501,167.44501,167.44501,19764.332,19764.332,19764.332,26.101414,,,,,,,172.01265,,,19783.844,,,167.44501,167.44501,167.44501,19764.332,19764.332,19764.332,26.101414,,,,,,,.20405336,,,23.468969,,,.19863489,.19863489,.19863489,23.445822,23.445822,23.445822,.0854114,,,9.8234968,,,.083143376,.083143376,.083143376,9.8138084,9.8138084,9.8138084,2.8043408,134.5509,119.8954,151.63385,.15165512,,,,,,,,,366.98276,119074.13,324.4679,55812.582,6208.7998,5763.4502,6635.3901,6208.7998,5763.4502,6635.3901,6208.7998,5763.4502,6635.3901,6255.7002,5790.1299,6762,6255.7002,5790.1299,6762,6255.7002,5790.1299,6762,71.059998,62.73,80.650002,71.059998,62.73,80.650002,71.059998,62.73,80.650002,71.839996,62.34,81.18,71.839996,62.34,81.18,71.839996,62.34,81.18,2333079,2204249.5,2466684.3,2333079,2204249.5,2466684.3,2333079,2204249.5,2466684.3,2353078.3,2209140.5,2538627.8,2353078.3,2209140.5,2538627.8,2353078.3,2209140.5,2538627.8,34447.371,29207.381,39136.059,34447.371,29207.381,39136.059,34447.371,29207.381,39136.059,35085.27,30734.82,41663.781,35085.27,30734.82,41663.781,35085.27,30734.82,41663.781,2750.97,3151.7,3601.3999,2750.97,3151.7,3601.3999,2750.97,3151.7,3601.3999,2754.9399,3188.8601,3662.03,2754.9399,3188.8601,3662.03,2754.9399,3188.8601,3662.03,365.64001,426.38,490.19,365.64001,426.38,490.19,365.64001,426.38,490.19,378.07001,432.54001,505.89999,378.07001,432.54001,505.89999,378.07001,432.54001,505.89999,982.92999,1119.4,1270.47,982.92999,1119.4,1270.47,982.92999,1119.4,1270.47,980.04999,1132.29,1288.8199,980.04999,1132.29,1288.8199,980.04999,1132.29,1288.8199,104.44,121.8,140.03,104.44,121.8,140.03,104.44,121.8,140.03,108,123.56,144.52,108,123.56,144.52,108,123.56,144.52,200828.75,236702.02,268852.88,200828.75,236702.02,268852.88,200828.75,236702.02,268852.88,211290.86,241089.95,286121.03,211290.86,241089.95,286121.03,211290.86,241089.95,286121.03,.98000002,1.0700001,1.16,.98000002,1.0700001,1.16,.98000002,1.0700001,1.16,.97000003,1.0700001,1.1900001,.97000003,1.0700001,1.1900001,.97000003,1.0700001,1.1900001,1.02,1.1,1.1900001,1.02,1.1,1.1900001,1.02,1.1,1.1900001,1.01,1.11,1.23,1.01,1.11,1.23,1.01,1.11,1.23,.20628569,.21477447,.20607594,.20628569,.21477447,.20607594,.20628569,.21477447,.20607594,.20475829,.20283183,.1948455,.20475829,.20283183,.1948455,.20475829,.20283183,.1948455,189.98169,68157.422,358.75784,25493.332,8281,8281,8281,72,72,72,171789,171789,171789,2364,2364,2364,3.0456853,3.0456853,3.0456853,167.9077,7854.3999,46.77808,3368.0217,,,,,,,,,,,,,,,,,,,,32.833332,20.744959,,,659.39081,587.0368,,,,,484.76459,375.76971,484.76459,375.76971,484.76459,375.76971,32.833332,20.744959,,,1,,2.3890646,2.3890646,2.3890646,.98694444,.98694444,.98694444,1,,1,,47.979511,,,14.571646,14.571646,14.571646,1,,1,,2.3890646,2.3890646,2.3890646,.7497645,.7497645,.7497645,1,,1,,67.605286,,,13.581074,13.581074,13.581074,1,
08Jun2020,Iran,70,8351,140,350,16702,41755,2043,173832,4086,10215,347664,869160,136360,2011,3.4263339,29121,72.73214,2358.8572,168.70255,6686.9453,39.637489,2774.6243,,,,,,,,,,,,,,,,,,,,,,,,13112.412,15378.83,11209.559,2895.3008,3395.7397,2475.1389,1552.8203,1760.6962,1329.2961,513.80157,575.27814,448.87277,167.23453,,,19951.078,,,171.9686,171.9686,171.9686,19936.301,19936.301,19936.301,70,,,8351,,,71.98156,71.98156,71.98156,8344.8145,8344.8145,8344.8145,26.399553,114488.32,102701.05,129091.96,11728333,13678400,9969087,167.23453,,,19951.078,,,171.9686,171.9686,171.9686,19936.301,19936.301,19936.301,26.399553,,,,,,,167.23453,,,19951.078,,,171.9686,171.9686,171.9686,19936.301,19936.301,19936.301,26.399553,,,,,,,.19838521,,,23.667355,,,.20400108,.20400108,.20400108,23.649824,23.649824,23.649824,.083038859,,,9.9065361,,,.085389525,.085389525,.085389525,9.8991976,9.8991976,9.8991976,2.4235485,135.814,121.83112,153.13785,.14607126,,,,,,,,,366.98276,119074.13,324.4679,54262.234,6283.3301,5844.1802,6707.3999,6283.3301,5844.1802,6707.3999,6283.3301,5844.1802,6707.3999,6331.0801,5864.5601,6837.0098,6331.0801,5864.5601,6837.0098,6331.0801,5864.5601,6837.0098,74.529999,65.550003,84.620003,74.529999,65.550003,84.620003,74.529999,65.550003,84.620003,75.370003,65.25,85.580002,75.370003,65.25,85.580002,75.370003,65.25,85.580002,2367859.5,2241813.3,2502878,2367859.5,2241813.3,2502878,2367859.5,2241813.3,2502878,2388538.3,2244204.8,2576188,2388538.3,2244204.8,2576188,2388538.3,2244204.8,2576188,34780.57,29620.26,39769.801,34780.57,29620.26,39769.801,34780.57,29620.26,39769.801,35460.07,31125.061,42228.18,35460.07,31125.061,42228.18,35460.07,31125.061,42228.18,2847.1201,3271.5,3757.1101,2847.1201,3271.5,3757.1101,2847.1201,3271.5,3757.1101,2867.95,3311.53,3817.3999,2867.95,3311.53,3817.3999,2867.95,3311.53,3817.3999,369.84,432.29001,493.25,369.84,432.29001,493.25,369.84,432.29001,493.25,384.70999,438.92999,515.16998,384.70999,438.92999,515.16998,384.70999,438.92999,515.16998,1019.65,1164.8199,1326.59,1019.65,1164.8199,1326.59,1019.65,1164.8199,1326.59,1021.45,1178.6899,1347.29,1021.45,1178.6899,1347.29,1021.45,1178.6899,1347.29,105.64,123.48,140.89999,105.64,123.48,140.89999,105.64,123.48,140.89999,109.89,125.38,147.17,109.89,125.38,147.17,109.89,125.38,147.17,203759.75,239144.23,273360.69,203759.75,239144.23,273360.69,203759.75,239144.23,273360.69,214056.88,243816.56,290207.38,214056.88,243816.56,290207.38,214056.88,243816.56,290207.38,.98000002,1.0700001,1.15,.98000002,1.0700001,1.15,.98000002,1.0700001,1.15,.97000003,1.0700001,1.1900001,.97000003,1.0700001,1.1900001,.97000003,1.0700001,1.1900001,1.02,1.1,1.1900001,1.02,1.1,1.1900001,1.02,1.1,1.1900001,1.01,1.11,1.23,1.01,1.11,1.23,1.01,1.11,1.23,.2142863,.22130124,.21277452,.2142863,.22130124,.21277452,.2142863,.22130124,.21277452,.21254894,.20963815,.20266089,.21254894,.20963815,.20266089,.21254894,.20963815,.20266089,189.98169,68157.422,358.75784,26738.221,8351,8351,8351,70,70,70,173832,173832,173832,2043,2043,2043,3.4263339,3.4263339,3.4263339,167.9077,7854.3999,46.77808,3274.4656,,,,,,,,,,,,,,,,,,,,29.185715,20.81571,,,684.59741,587.85461,,,,,466.66537,376.84787,466.66537,376.84787,466.66537,376.84787,29.185715,20.81571,,,1,,2.3890648,2.3890648,2.3890648,1.0647143,1.0647143,1.0647143,1,,1,,56.039314,,,17.024263,17.024263,17.024263,1,,1,,2.3890646,2.3890646,2.3890646,.75240451,.75240451,.75240451,1,,1,,67.469353,,,13.62154,13.62154,13.62154,1,
09Jun2020,Iran,74,8425,148,370,16850,42125,2095,175927,4190,10475,351854,879635,138457,2097,3.5322196,29045,74.85714,2284.759,168.70255,6686.9453,39.637489,2933.1743,,,,,,,,,,,,,,,,,,,,,,,,12979.36,15189.732,11070.588,2939.1292,3439.6602,2506.8945,1572.4843,1776.0979,1351.3687,525.07373,585.27917,460.65494,176.79079,,,20127.869,,,178.24672,178.24672,178.24672,20114.547,20114.547,20114.547,74,,,8425,,,74.609413,74.609413,74.609413,8419.4238,8419.4238,8419.4238,26.699295,115513.99,104354.48,130250.48,11843847,13808651,10073441,176.79079,,,20127.869,,,178.24672,178.24672,178.24672,20114.547,20114.547,20114.547,26.699295,,,,,,,176.79079,,,20127.869,,,178.24672,178.24672,178.24672,20114.547,20114.547,20114.547,26.699295,,,,,,,.20972151,,,23.877077,,,.21144862,.21144862,.21144862,23.861273,23.861273,23.861273,.08778394,,,9.9943199,,,.08850687,.08850687,.08850687,9.9877043,9.9877043,9.9877043,2.4852345,137.03072,123.79253,154.51216,.15304707,,,,,,,,,366.98276,119074.13,324.4679,57362.934,6361.2402,5928.6899,6785.46,6361.2402,5928.6899,6785.46,6361.2402,5928.6899,6785.46,6409.8901,5942.5601,6919.3599,6409.8901,5942.5601,6919.3599,6409.8901,5942.5601,6919.3599,77.900002,68.290001,88.529999,77.900002,68.290001,88.529999,77.900002,68.290001,88.529999,78.809998,68.129997,89.910004,78.809998,68.129997,89.910004,78.809998,68.129997,89.910004,2402979.5,2279809.5,2539271.8,2402979.5,2279809.5,2539271.8,2402979.5,2279809.5,2539271.8,2424380.3,2277293.8,2614073.8,2424380.3,2277293.8,2614073.8,2424380.3,2277293.8,2614073.8,35120.051,30039.609,40437.941,35120.051,30039.609,40437.941,35120.051,30039.609,40437.941,35842,31319.92,42809.449,35842,31319.92,42809.449,35842,31319.92,42809.449,2936.3201,3383.23,3885.5601,2936.3201,3383.23,3885.5601,2936.3201,3383.23,3885.5601,2976.78,3426.3701,3956.25,2976.78,3426.3701,3956.25,2976.78,3426.3701,3956.25,373.41,437.67999,495.38,373.41,437.67999,495.38,373.41,437.67999,495.38,388.89999,444.81,523.46002,388.89999,444.81,523.46002,388.89999,444.81,523.46002,1054.6,1208.26,1380.3,1054.6,1208.26,1380.3,1054.6,1208.26,1380.3,1062.51,1223.1801,1403.34,1062.51,1223.1801,1403.34,1062.51,1223.1801,1403.34,106.66,125.02,141.50999,106.66,125.02,141.50999,106.66,125.02,141.50999,111.08,127.06,149.53,111.08,127.06,149.53,111.08,127.06,149.53,206713.56,241591.67,278034.09,206713.56,241591.67,278034.09,206713.56,241591.67,278034.09,215534.7,246554.8,294336.41,215534.7,246554.8,294336.41,215534.7,246554.8,294336.41,.98000002,1.0700001,1.15,.98000002,1.0700001,1.15,.98000002,1.0700001,1.15,.97000003,1.0700001,1.1900001,.97000003,1.0700001,1.1900001,.97000003,1.0700001,1.1900001,1.02,1.1,1.1900001,1.02,1.1,1.1900001,1.02,1.1,1.1900001,1.01,1.11,1.23,1.01,1.11,1.23,1.01,1.11,1.23,.22181062,.22733319,.21892805,.22181062,.22733319,.21892805,.22181062,.22733319,.21892805,.2198817,.21752928,.21002373,.2198817,.21752928,.21002373,.2198817,.21752928,.21002373,189.98169,68157.422,358.75784,27947.236,8425,8425,8425,74,74,74,175927,175927,175927,2095,2095,2095,3.5322196,3.5322196,3.5322196,167.9077,7854.3999,46.77808,3461.5779,,,,,,,,,,,,,,,,,,,,28.31081,20.881542,,,653.39374,588.43024,,,,,450.83505,377.7533,450.83505,377.7533,450.83505,377.7533,28.31081,20.881542,,,1,,2.3890648,2.3890648,2.3890648,1.0527027,1.0527027,1.0527027,1,,1,,55.137943,,,16.763748,16.763748,16.763748,1,,1,,2.3890646,2.3890646,2.3890646,.75504333,.75504333,.75504333,1,,1,,67.32251,,,13.658958,13.658958,13.658958,1,
10Jun2020,Iran,81,8506,162,405,17012,42530,2011,177938,4022,10055,355876,889690,140590,2133,4.0278468,28842,77.544647,2256.7412,168.70255,6686.9453,39.637489,3210.6367,,,,,,,,,,,,,,,,,,,,,,,,12827.932,14970.607,10924.333,2967.2437,3462.8684,2526.9202,1592.0121,1788.2098,1372.6156,537.53229,596.68195,473.46771,193.51424,,,20321.385,,,186.19586,186.19586,186.19586,20300.742,20300.742,20300.742,81,,,8506,,,77.936722,77.936722,77.936722,8497.3604,8497.3604,8497.3604,27.007311,116497.45,105987.7,131293.33,11960345,13939944,10179429,193.51424,,,20321.385,,,186.19586,186.19586,186.19586,20300.742,20300.742,20300.742,27.007311,,,,,,,193.51424,,,20321.385,,,186.19586,186.19586,186.19586,20300.742,20300.742,20300.742,27.007311,,,,,,,.22956002,,,24.106636,,,.22087847,.22087847,.22087847,24.082151,24.082151,24.082151,.096087821,,,10.090407,,,.092453949,.092453949,.092453949,10.080158,10.080158,10.080158,2.3855877,138.19736,125.72997,155.74927,.16611028,,,,,,,,,366.98276,119074.13,324.4679,62789.156,6442.3799,6016.7598,6866.6802,6442.3799,6016.7598,6866.6802,6442.3799,6016.7598,6866.6802,6492,6024.0498,7009.9102,6492,6024.0498,7009.9102,6492,6024.0498,7009.9102,81.139999,70.900002,92.620003,81.139999,70.900002,92.620003,81.139999,70.900002,92.620003,82.110001,71.110001,94.080002,82.110001,71.110001,94.080002,82.110001,71.110001,94.080002,2438442.5,2315720.8,2576759.5,2438442.5,2315720.8,2576759.5,2438442.5,2315720.8,2576759.5,2460608.5,2309769.8,2652286.5,2460608.5,2309769.8,2652286.5,2460608.5,2309769.8,2652286.5,35462.93,30463.779,41167.34,35462.93,30463.779,41167.34,35462.93,30463.779,41167.34,36228.23,31378.77,43396,36228.23,31378.77,43396,36228.23,31378.77,43396,3018.79,3487.1499,3995.8799,3018.79,3487.1499,3995.8799,3018.79,3487.1499,3995.8799,3081.5701,3533.5901,4066.79,3081.5701,3533.5901,4066.79,3081.5701,3533.5901,4066.79,376.69,442.75,498.47,376.69,442.75,498.47,376.69,442.75,498.47,392.76001,450.38,532.77002,392.76001,450.38,532.77002,392.76001,450.38,532.77002,1087.77,1249.65,1426.12,1087.77,1249.65,1426.12,1087.77,1249.65,1426.12,1102.6801,1265.7,1454.87,1102.6801,1265.7,1454.87,1102.6801,1265.7,1454.87,107.59,126.46,142.39,107.59,126.46,142.39,107.59,126.46,142.39,112.18,128.64,152.17999,112.18,128.64,152.17999,112.18,128.64,152.17999,209690.3,244044.36,283175.84,209690.3,244044.36,283175.84,209690.3,244044.36,283175.84,216041.72,249304.84,298481.28,216041.72,249304.84,298481.28,216041.72,249304.84,298481.28,.98000002,1.0700001,1.15,.98000002,1.0700001,1.15,.98000002,1.0700001,1.15,.97000003,1.0700001,1.1900001,.97000003,1.0700001,1.1900001,.97000003,1.0700001,1.1900001,1.02,1.1,1.1900001,1.02,1.1,1.1900001,1.02,1.1,1.1900001,1.01,1.11,1.23,1.01,1.11,1.23,1.01,1.11,1.23,.22880231,.23273541,.22498418,.22880231,.23273541,.22498418,.22880231,.23273541,.22498418,.22664645,.2266182,.21679418,.22664645,.2266182,.21679418,.22664645,.2266182,.21679418,189.98169,68157.422,358.75784,29109.611,8506,8506,8506,81,81,81,177938,177938,177938,2011,2011,2011,4.0278468,4.0278468,4.0278468,167.9077,7854.3999,46.77808,3789.0244,,,,,,,,,,,,,,,,,,,,24.82716,20.919115,,,602.0097,588.55957,,,,,437.05853,378.50027,437.05853,378.50027,437.05853,378.50027,24.82716,20.919115,,,1,,2.3890646,2.3890646,2.3890646,1.0017284,1.0017284,1.0017284,1,,1,,57.930107,,,17.634476,17.634476,17.634476,1,,1,,2.3890648,2.3890648,2.3890648,.75739241,.75739241,.75739241,1,,1,,67.216362,,,13.703889,13.703889,13.703889,1,
11Jun2020,Iran,78,8584,156,390,17168,42920,2218,180156,4436,11090,360312,900780,142663,2073,3.5166817,28909,81.303574,2268.1697,168.70255,6686.9453,39.637489,3091.7241,,,,,,,,,,,,,,,,,,,,,,,,12628.575,14688.138,10769.751,3024.5208,3517.7822,2579.3357,1611.3652,1798.834,1389.4978,550.43408,607.46814,485.63586,186.34705,,,20507.73,,,195.5381,195.5381,195.5381,20496.281,20496.281,20496.281,78,,,8584,,,81.847137,81.847137,81.847137,8579.207,8579.207,8579.207,27.330177,117435.58,106757.91,132223.11,12077780,14072167,10286187,186.34705,,,20507.73,,,195.5381,195.5381,195.5381,20496.281,20496.281,20496.281,27.330177,,,,,,,186.34705,,,20507.73,,,195.5381,195.5381,195.5381,20496.281,20496.281,20496.281,27.330177,,,,,,,.2210578,,,24.327694,,,.23196088,.23196088,.23196088,24.314112,24.314112,24.314112,.092529014,,,10.182937,,,.097092755,.097092755,.097092755,10.177252,10.177252,10.177252,2.6311455,139.31023,126.64365,156.85223,.15868023,,,,,,,,,366.98276,119074.13,324.4679,60463.633,6526.6001,6108.1401,6950.9199,6526.6001,6108.1401,6950.9199,6526.6001,6108.1401,6950.9199,6577.27,6108.8901,7104.1401,6577.27,6108.8901,7104.1401,6577.27,6108.8901,7104.1401,84.230003,73.379997,96.43,84.230003,73.379997,96.43,84.230003,73.379997,96.43,85.269997,74.019997,98.07,85.269997,74.019997,98.07,85.269997,74.019997,98.07,2474250.5,2351301.3,2614370.8,2474250.5,2351301.3,2614370.8,2474250.5,2351301.3,2614370.8,2497226.3,2342282.5,2690826.3,2497226.3,2342282.5,2690826.3,2497226.3,2342282.5,2690826.3,35808.078,30841.869,41924.93,35808.078,30841.869,41924.93,35808.078,30841.869,41924.93,36617.66,31313.1,43986.41,36617.66,31313.1,43986.41,36617.66,31313.1,43986.41,3094.9299,3583.7,4093.5701,3094.9299,3583.7,4093.5701,3094.9299,3583.7,4093.5701,3182.6201,3633.6499,4199.8799,3182.6201,3633.6499,4199.8799,3182.6201,3633.6499,4199.8799,379.78,447.62,507.17999,379.78,447.62,507.17999,379.78,447.62,507.17999,398.85999,455.76999,540.40997,398.85999,455.76999,540.40997,398.85999,455.76999,540.40997,1119.17,1289.03,1468.29,1119.17,1289.03,1468.29,1119.17,1289.03,1468.29,1141.98,1306.27,1499.1801,1141.98,1306.27,1499.1801,1141.98,1306.27,1499.1801,108.47,127.85,144.87,108.47,127.85,144.87,108.47,127.85,144.87,113.92,130.17999,154.36,113.92,130.17999,154.36,113.92,130.17999,154.36,212379.34,246502.69,288464.81,212379.34,246502.69,288464.81,212379.34,246502.69,288464.81,215787.52,252067.13,302641.94,215787.52,252067.13,302641.94,215787.52,252067.13,302641.94,.98000002,1.0700001,1.15,.98000002,1.0700001,1.15,.98000002,1.0700001,1.15,.97000003,1.0700001,1.1900001,.97000003,1.0700001,1.1900001,.97000003,1.0700001,1.1900001,1.02,1.1,1.1900001,1.02,1.1,1.1900001,1.02,1.1,1.1900001,1.01,1.11,1.23,1.01,1.11,1.23,1.01,1.11,1.23,.23522626,.23792331,.23000635,.23522626,.23792331,.23000635,.23522626,.23792331,.23000635,.23286577,.23638669,.22295523,.23286577,.23638669,.22295523,.23286577,.23638669,.22295523,189.98169,68157.422,358.75784,30218.174,8584,8584,8584,78,78,78,180156,180156,180156,2218,2218,2218,3.5166817,3.5166817,3.5166817,167.9077,7854.3999,46.77808,3648.6902,,,,,,,,,,,,,,,,,,,,28.435898,20.987419,,,630.19824,588.93793,,,,,425.12259,379.10251,425.12259,379.10251,425.12259,379.10251,28.435898,20.987419,,,1,,2.3890648,2.3890648,2.3890648,1.0798719,1.0798719,1.0798719,1,,1,,52.946609,,,16.14431,16.14431,16.14431,1,,1,,2.3890646,2.3890646,2.3890646,.76032156,.76032156,.76032156,1,,1,,67.040672,,,13.733933,13.733933,13.733933,1,
12Jun2020,Iran,75,8659,150,375,17318,43295,2369,182525,4738,11845,365050,912625,144649,1986,3.1658928,29217,85.6875,2310.4644,168.70255,6686.9453,39.637489,2972.8118,,,,,,,,,,,,,,,,,,,,,,,,12647.698,14652.545,10814.302,3093.0383,3583.3303,2644.6748,1630.5034,1807.3025,1405.8848,563.00714,616.84558,497.11185,179.17986,,,20686.91,,,205.94119,205.94119,205.94119,20702.223,20702.223,20702.223,75,,,8659,,,86.201599,86.201599,86.201599,8665.4092,8665.4092,8665.4092,27.672789,118325.24,106803.94,133330.81,12196106,14205498,10392991,179.17986,,,20686.91,,,205.94119,205.94119,205.94119,20702.223,20702.223,20702.223,27.672789,,,,,,,179.17986,,,20686.91,,,205.94119,205.94119,205.94119,20702.223,20702.223,20702.223,27.672789,,,,,,,.21255557,,,24.540249,,,.24430174,.24430174,.24430174,24.558413,24.558413,24.558413,.088970207,,,10.271907,,,.10225832,.10225832,.10225832,10.27951,10.27951,10.27951,2.8102722,140.36562,126.69824,158.16626,.15142995,,,,,,,,,366.98276,119074.13,324.4679,58138.109,6613.75,6202.54,7038.0801,6613.75,6202.54,7038.0801,6613.75,6202.54,7038.0801,6665.5498,6196.9702,7201.6401,6665.5498,6196.9702,7201.6401,6665.5498,6196.9702,7201.6401,87.150002,75.720001,99.669998,87.150002,75.720001,99.669998,87.150002,75.720001,99.669998,88.279999,76.860001,101.57,88.279999,76.860001,101.57,88.279999,76.860001,101.57,2510405.8,2387064,2650896,2510405.8,2387064,2650896,2510405.8,2387064,2650896,2534236.3,2375241,2729692.5,2534236.3,2375241,2729692.5,2534236.3,2375241,2729692.5,36155.18,31195.51,42692.199,36155.18,31195.51,42692.199,36155.18,31195.51,42692.199,37009.988,31228,44580.289,37009.988,31228,44580.289,37009.988,31228,44580.289,3165.23,3673.49,4179.6001,3165.23,3673.49,4179.6001,3165.23,3673.49,4179.6001,3269.4399,3727.1399,4325.3999,3269.4399,3727.1399,4325.3999,3269.4399,3727.1399,4325.3999,384.79999,452.38,515.84998,384.79999,452.38,515.84998,384.79999,452.38,515.84998,404.76999,461.07001,548.15997,404.76999,461.07001,548.15997,404.76999,461.07001,548.15997,1148.85,1326.45,1506.95,1148.85,1326.45,1506.95,1148.85,1326.45,1506.95,1180.37,1344.97,1548.6899,1180.37,1344.97,1548.6899,1180.37,1344.97,1548.6899,109.9,129.21001,147.34,109.9,129.21001,147.34,109.9,129.21001,147.34,115.61,131.69,156.57001,115.61,131.69,156.57001,115.61,131.69,156.57001,214866.81,248967.16,293814.53,214866.81,248967.16,293814.53,214866.81,248967.16,293814.53,215130.23,254842.2,306818.38,215130.23,254842.2,306818.38,215130.23,254842.2,306818.38,.98000002,1.0599999,1.15,.98000002,1.0599999,1.15,.98000002,1.0599999,1.15,.97000003,1.0700001,1.1900001,.97000003,1.0700001,1.1900001,.97000003,1.0700001,1.1900001,1.02,1.1,1.1900001,1.02,1.1,1.1900001,1.02,1.1,1.1900001,1.01,1.11,1.23,1.01,1.11,1.23,1.01,1.11,1.23,.2410443,.24272725,.23346186,.2410443,.24272725,.23346186,.2410443,.24272725,.23346186,.2385302,.24612528,.22783612,.2385302,.24612528,.22783612,.2385302,.24612528,.22783612,189.98169,68157.422,358.75784,31265.746,8659,8659,8659,75,75,75,182525,182525,182525,2369,2369,2369,3.1658928,3.1658928,3.1658928,167.9077,7854.3999,46.77808,3508.356,,,,,,,,,,,,,,,,,,,,31.586666,21.079224,,,660.37134,589.5567,,,,,414.86148,379.57373,414.86148,379.57373,414.86148,379.57373,31.586666,21.079224,,,1,,2.3890648,2.3890648,2.3890648,1.1620001,1.1620001,1.1620001,1,,1,,49.947338,,,15.261789,15.261789,15.261789,1,,1,,2.3890646,2.3890646,2.3890646,.76380068,.76380068,.76380068,1,,1,,66.818825,,,13.753764,13.753764,13.753764,1,
13Jun2020,Iran,71,8730,142,355,17460,43650,2430,184955,4860,12150,369910,924775,146748,2099,2.9218106,29477,90.5,2366.4644,168.70255,6686.9453,39.637489,2814.2617,,,,,,,,,,,,,,,,,,,,,,,,12715.069,14665.438,10890.906,3127.915,3607.7068,2679.1699,1649.382,1820.9623,1426.8702,574.81573,625.03674,509.3512,169.6236,,,20856.535,,,216.9922,216.9922,216.9922,20919.215,20919.215,20919.215,71,,,8730,,,90.827263,90.827263,90.827263,8756.2363,8756.2363,8756.2363,28.036884,119163.25,107625.43,134415.39,12315269,14339913,10500616,169.6236,,,20856.535,,,216.9922,216.9922,216.9922,20919.215,20919.215,20919.215,28.036884,,,,,,,169.6236,,,20856.535,,,216.9922,216.9922,216.9922,20919.215,20919.215,20919.215,28.036884,,,,,,,.20121928,,,24.741468,,,.25741121,.25741121,.25741121,24.815825,24.815825,24.815825,.084225126,,,10.356133,,,.1077456,.1077456,.1077456,10.387256,10.387256,10.387256,2.8826346,141.35973,127.67276,159.45287,.14234556,,,,,,,,,366.98276,119074.13,324.4679,55037.41,6703.6699,6290.6299,7128.7598,6703.6699,6290.6299,7128.7598,6703.6699,6290.6299,7128.7598,6756.6802,6288.1602,7302.1802,6756.6802,6288.1602,7302.1802,6756.6802,6288.1602,7302.1802,89.910004,77.919998,102.63,89.910004,77.919998,102.63,89.910004,77.919998,102.63,91.129997,79.629997,104.77,91.129997,79.629997,104.77,91.129997,79.629997,104.77,2546910,2422299.8,2689816.5,2546910,2422299.8,2689816.5,2546910,2422299.8,2689816.5,2571641.3,2408659.5,2768885.3,2571641.3,2408659.5,2768885.3,2571641.3,2408659.5,2768885.3,36504.219,31326.369,43469.129,36504.219,31326.369,43469.129,36504.219,31326.369,43469.129,37405.211,31388.49,45177.5,37405.211,31388.49,45177.5,37405.211,31388.49,45177.5,3230.25,3757.1599,4255.02,3230.25,3757.1599,4255.02,3230.25,3757.1599,4255.02,3351.9399,3814.7,4444.0898,3351.9399,3814.7,4444.0898,3351.9399,3814.7,4444.0898,390.42001,457.07999,524.63,390.42001,457.07999,524.63,390.42001,457.07999,524.63,408.34,466.32001,556.07001,408.34,466.32001,556.07001,408.34,466.32001,556.07001,1176.91,1362.02,1542.25,1176.91,1362.02,1542.25,1176.91,1362.02,1542.25,1214.24,1381.88,1596.71,1214.24,1381.88,1596.71,1214.24,1381.88,1596.71,111.51,130.53999,149.85001,111.51,130.53999,149.85001,111.51,130.53999,149.85001,116.62,133.17999,158.82001,116.62,133.17999,158.82001,116.62,133.17999,158.82001,215978.41,251457.86,299248.25,215978.41,251457.86,299248.25,215978.41,251457.86,299248.25,216291.52,257656.23,311018.84,216291.52,257656.23,311018.84,216291.52,257656.23,311018.84,1.29,1.37,1.4299999,1.29,1.37,1.4299999,1.29,1.37,1.4299999,1.28,1.36,1.4400001,1.28,1.36,1.4400001,1.28,1.36,1.4400001,1.34,1.41,1.48,1.34,1.41,1.48,1.34,1.41,1.48,1.33,1.41,1.49,1.33,1.41,1.49,1.33,1.41,1.49,.24630031,.24873613,.23609859,.24630031,.24873613,.23609859,.24630031,.24873613,.23609859,.24362914,.2536917,.23190747,.24362914,.2536917,.23190747,.24362914,.2536917,.23190747,189.98169,68157.422,358.75784,32255.92,8730,8730,8730,71,71,71,184955,184955,184955,2430,2430,2430,2.9218106,2.9218106,2.9218106,167.9077,7854.3999,46.77808,3321.2437,,,,,,,,,,,,,,,,,,,,34.225353,21.18614,,,702.51575,590.47528,,,,,406.00842,379.9277,406.00842,379.9277,406.00842,379.9277,34.225353,21.18614,,,1,,2.3890648,2.3890648,2.3890648,1.2663381,1.2663381,1.2663381,1,,1,,49.038376,,,15.022312,15.022312,15.022312,1,,1,,2.3890648,2.3890648,2.3890648,.7678889,.7678889,.7678889,1,,1,,66.58522,,,13.770431,13.770431,13.770431,1,
14Jun2020,Iran,107,8837,214,535,17674,44185,2472,187427,4944,12360,374854,937135,148674,1926,4.3284788,29916,95.508926,2422.2322,168.70255,6686.9453,39.637489,4241.2114,,,,,,,,,,,,,,,,,,,,,,,,12599.041,14461.916,10784.968,3134.7766,3598.28,2683.4158,1667.9528,1852.8896,1449.9509,585.4765,638.31293,521.57318,255.62991,,,21112.164,,,228.17801,228.17801,228.17801,21147.393,21147.393,21147.393,107,,,8837,,,95.509354,95.509354,95.509354,8851.7461,8851.7461,8851.7461,28.420128,119946.56,107956,135425.06,12435215,14475338,10608572,255.62991,,,21112.164,,,228.17801,228.17801,228.17801,21147.393,21147.393,21147.393,28.420128,,,,,,,255.62991,,,21112.164,,,228.17801,228.17801,228.17801,21147.393,21147.393,21147.393,28.420128,,,,,,,.30324596,,,25.044716,,,.27068061,.27068061,.27068061,25.086506,25.086506,25.086506,.12693083,,,10.483063,,,.11329982,.11329982,.11329982,10.500555,10.500555,10.500555,2.9324579,142.28894,128.0649,160.6506,.21311983,,,,,,,,,366.98276,119074.13,324.4679,82943.703,6796.1802,6375.9199,7222.0698,6796.1802,6375.9199,7222.0698,6796.1802,6375.9199,7222.0698,6850.4902,6382.3198,7404.1499,6850.4902,6382.3198,7404.1499,6850.4902,6382.3198,7404.1499,92.519997,79.980003,105.31,92.519997,79.980003,105.31,92.519997,79.980003,105.31,93.82,82.269997,108.25,93.82,82.269997,108.25,93.82,82.269997,108.25,2584523.8,2458661.8,2730582.5,2584523.8,2458661.8,2730582.5,2584523.8,2458661.8,2730582.5,2610193.3,2443150.3,2806890.8,2610193.3,2443150.3,2806890.8,2610193.3,2443150.3,2806890.8,37613.699,32211.631,44890.75,37613.699,32211.631,44890.75,37613.699,32211.631,44890.75,38551.789,32305.91,46456.031,38551.789,32305.91,46456.031,38551.789,32305.91,46456.031,3288.8401,3835.4099,4321.48,3288.8401,3835.4099,4321.48,3288.8401,3835.4099,4321.48,3425.5,3897.02,4554.3999,3425.5,3897.02,4554.3999,3425.5,3897.02,4554.3999,396.19,461.89999,534.20001,396.19,461.89999,534.20001,396.19,461.89999,534.20001,410.13,471.70001,564.09998,410.13,471.70001,564.09998,410.13,471.70001,564.09998,1203.45,1395.85,1574.79,1203.45,1395.85,1574.79,1203.45,1395.85,1574.79,1246.99,1417.13,1643.79,1246.99,1417.13,1643.79,1246.99,1417.13,1643.79,113.15,131.92,152.58,113.15,131.92,152.58,113.15,131.92,152.58,117.13,134.72,161.11,117.13,134.72,161.11,117.13,134.72,161.11,227998.98,264586.09,313628.72,227998.98,264586.09,313628.72,227998.98,264586.09,313628.72,228126.86,270953.09,324763,228126.86,270953.09,324763,228126.86,270953.09,324763,1.29,1.36,1.4299999,1.29,1.36,1.4299999,1.29,1.36,1.4299999,1.28,1.36,1.4400001,1.28,1.36,1.4400001,1.28,1.36,1.4400001,1.34,1.41,1.48,1.34,1.41,1.48,1.34,1.41,1.48,1.33,1.41,1.49,1.33,1.41,1.49,1.33,1.41,1.49,.2459742,.24829541,.23459175,.2459742,.24829541,.23459175,.2459742,.24829541,.23459175,.24336095,.25465927,.23301603,.24336095,.25465927,.23301603,.24336095,.25465927,.23301603,189.98169,68157.422,358.75784,33192.273,8837,8837,8837,107,107,107,187427,187427,187427,2472,2472,2472,4.3284788,4.3284788,4.3284788,167.9077,7854.3999,46.77808,5005.2544,,,,,,,,,,,,,,,,,,,,23.102804,21.209347,,,469.21957,589.00714,,,,,406.54669,380.29065,406.54669,380.29065,406.54669,380.29065,23.102804,21.209347,,,1,,2.3890646,2.3890646,2.3890646,.86467284,.86467284,.86467284,1,,1,,48.522072,,,15.215898,15.215898,15.215898,1,,1,,2.3890646,2.3890646,2.3890646,.76905966,.76905966,.76905966,1,,1,,66.346977,,,13.789495,13.789495,13.789495,1,
15Jun2020,Iran,113,8950,226,565,17900,44750,2449,189876,4898,12245,379752,949380,150590,1916,4.6141281,30336,100.0625,2467.5447,168.70255,6686.9453,39.637489,4479.0361,,,,,,,,,,,,,,,,,,,,,,,,12653.809,14448.928,10833.128,3127.6011,3571.2949,2677.5891,1686.1682,1884.3507,1474.0881,594.52924,651.33356,532.75385,269.96429,,,21382.129,,,238.87619,238.87619,238.87619,21386.27,21386.27,21386.27,113,,,8950,,,99.987328,99.987328,99.987328,8951.7334,8951.7334,8951.7334,28.816101,120672.22,107978.57,136573.14,12555888,14611911,10716551,269.96429,,,21382.129,,,238.87619,238.87619,238.87619,21386.27,21386.27,21386.27,28.816101,,,,,,,269.96429,,,21382.129,,,238.87619,238.87619,238.87619,21386.27,21386.27,21386.27,28.816101,,,,,,,.32025039,,,25.364965,,,.28337151,.28337151,.28337151,25.369877,25.369877,25.369877,.13404845,,,10.617111,,,.11861191,.11861191,.11861191,10.619167,10.619167,10.619167,2.9051738,143.14977,128.09167,162.01253,.22371702,,,,,,,,,366.98276,119074.13,324.4679,87594.75,6891.1499,6463.1401,7317.8398,6891.1499,6463.1401,7317.8398,6891.1499,6463.1401,7317.8398,6946.8599,6479.3398,7506.4502,6946.8599,6479.3398,7506.4502,6946.8599,6479.3398,7506.4502,94.970001,81.910004,107.73,94.970001,81.910004,107.73,94.970001,81.910004,107.73,96.360001,84.610001,111.64,96.360001,84.610001,111.64,96.360001,84.610001,111.64,2624074.3,2496849.3,2773263.3,2624074.3,2496849.3,2773263.3,2624074.3,2496849.3,2773263.3,2650707,2479015.3,2846576,2650707,2479015.3,2846576,2650707,2479015.3,2846576,39550.641,33981.211,47016.461,39550.641,33981.211,47016.461,39550.641,33981.211,47016.461,40513.801,34049.852,48484.191,40513.801,34049.852,48484.191,40513.801,34049.852,48484.191,3342.8201,3909.5601,4393.4502,3342.8201,3909.5601,4393.4502,3342.8201,3909.5601,4393.4502,3484.6299,3975.3999,4667.5,3484.6299,3975.3999,4667.5,3484.6299,3975.3999,4667.5,403.10999,468.14999,545.54999,403.10999,468.14999,545.54999,403.10999,468.14999,545.54999,412.60999,478.51001,573.41998,412.60999,478.51001,573.41998,412.60999,478.51001,573.41998,1228.74,1428.28,1607.95,1228.74,1428.28,1607.95,1228.74,1428.28,1607.95,1278.87,1451.03,1688.95,1278.87,1451.03,1688.95,1278.87,1451.03,1688.95,115.13,133.7,155.81,115.13,133.7,155.81,115.13,133.7,155.81,117.83,136.66,163.77,117.83,136.66,163.77,117.83,136.66,163.77,240147.39,277935.81,328316.41,240147.39,277935.81,328316.41,240147.39,277935.81,328316.41,240134.75,284475.94,338886.16,240134.75,284475.94,338886.16,240134.75,284475.94,338886.16,1.29,1.36,1.4299999,1.29,1.36,1.4299999,1.29,1.36,1.4299999,1.28,1.36,1.4400001,1.28,1.36,1.4400001,1.28,1.36,1.4400001,1.34,1.41,1.48,1.34,1.41,1.48,1.34,1.41,1.48,1.33,1.41,1.49,1.33,1.41,1.49,1.33,1.41,1.49,.24012254,.24104498,.22913252,.24012254,.24104498,.22913252,.24012254,.24104498,.22913252,.23784488,.24848861,.23026063,.23784488,.24848861,.23026063,.23784488,.24848861,.23026063,189.98169,68157.422,358.75784,34071.234,8950,8950,8950,113,113,113,189876,189876,189876,2449,2449,2449,4.6141281,4.6141281,4.6141281,167.9077,7854.3999,46.77808,5285.9229,,,,,,,,,,,,,,,,,,,,21.672565,21.215195,,,446.99326,587.21411,,,,,416.45404,380.78903,416.45404,380.78903,416.45404,380.78903,21.672565,21.215195,,,1,,2.3890646,2.3890646,2.3890646,.84044248,.84044248,.84044248,1,,1,,49.274078,,,16.14971,16.14971,16.14971,1,,1,,2.3890648,2.3890648,2.3890648,.76996088,.76996088,.76996088,1,,1,,66.126778,,,13.819937,13.819937,13.819937,1,
16Jun2020,Iran,115,9065,230,575,18130,45325,2563,192439,5126,12815,384878,962195,152675,2085,4.4869294,30699,104.36607,2497.7231,168.70255,6686.9453,39.637489,4558.311,,,,,,,,,,,,,,,,,,,,,,,,12857.3,14599.751,11016.331,3103.0703,3523.6057,2658.7583,1703.9824,1915.2081,1499.1982,601.57153,662.10785,542.40308,274.74243,,,21656.871,,,248.44901,248.44901,248.44901,21634.719,21634.719,21634.719,115,,,9065,,,103.99426,103.99426,103.99426,9055.7275,9055.7275,9055.7275,29.215191,121337.38,107991.95,137637.16,12677225,14749549,10824543,274.74243,,,21656.871,,,248.44901,248.44901,248.44901,21634.719,21634.719,21634.719,29.215191,,,,,,,274.74243,,,21656.871,,,248.44901,248.44901,248.44901,21634.719,21634.719,21634.719,29.215191,,,,,,,.32591856,,,25.690884,,,.29472744,.29472744,.29472744,25.664604,25.664604,25.664604,.13642098,,,10.753532,,,.12336521,.12336521,.12336521,10.742533,10.742533,10.742533,3.0404086,143.93883,128.10754,163.27477,.22642851,,,,,,,,,366.98276,119074.13,324.4679,89145.102,6988.4302,6552.1499,7415.9399,6988.4302,6552.1499,7415.9399,6988.4302,6552.1499,7415.9399,7045.6401,6579.1099,7611.2798,7045.6401,6579.1099,7611.2798,7045.6401,6579.1099,7611.2798,97.279999,83.720001,109.9,97.279999,83.720001,109.9,97.279999,83.720001,109.9,98.779999,86.860001,114.88,98.779999,86.860001,114.88,98.779999,86.860001,114.88,2665821,2537087.3,2818091.5,2665821,2537087.3,2818091.5,2665821,2537087.3,2818091.5,2693439.5,2516509.3,2889016,2693439.5,2516509.3,2889016,2693439.5,2516509.3,2889016,41746.629,36016.578,49377.039,41746.629,36016.578,49377.039,41746.629,36016.578,49377.039,42732.531,36047.262,50833.141,42732.531,36047.262,50833.141,42732.531,36047.262,50833.141,3396.1001,3982.48,4480.3999,3396.1001,3982.48,4480.3999,3396.1001,3982.48,4480.3999,3551.9299,4052.6699,4770.8701,3551.9299,4052.6699,4770.8701,3551.9299,4052.6699,4770.8701,411.91,477.45001,559.54999,411.91,477.45001,559.54999,411.91,477.45001,559.54999,417.17999,488.32001,585.48999,417.17999,488.32001,585.48999,417.17999,488.32001,585.48999,1252.62,1460.0699,1639.97,1252.62,1460.0699,1639.97,1252.62,1460.0699,1639.97,1305.51,1484.35,1734.33,1305.51,1484.35,1734.33,1305.51,1484.35,1734.33,117.64,136.35001,159.81,117.64,136.35001,159.81,117.64,136.35001,159.81,119.13,139.46001,167.21001,119.13,139.46001,167.21001,119.13,139.46001,167.21001,252610.8,291658.22,343438.63,252610.8,291658.22,343438.63,252610.8,291658.22,343438.63,253335.59,298378.94,353798.94,253335.59,298378.94,353798.94,253335.59,298378.94,353798.94,1.29,1.36,1.4299999,1.29,1.36,1.4299999,1.29,1.36,1.4299999,1.28,1.36,1.4299999,1.28,1.36,1.4299999,1.28,1.36,1.4299999,1.34,1.41,1.48,1.34,1.41,1.48,1.34,1.41,1.48,1.33,1.41,1.49,1.33,1.41,1.49,1.33,1.41,1.49,.23302481,.23244852,.22257309,.23302481,.23244852,.22257309,.23302481,.23244852,.22257309,.23115878,.24096143,.22599429,.23115878,.24096143,.22599429,.23115878,.24096143,.22599429,189.98169,68157.422,358.75784,34899.961,9065,9065,9065,115,115,115,192439,192439,192439,2563,2563,2563,4.4869294,4.4869294,4.4869294,167.9077,7854.3999,46.77808,5379.479,,,,,,,,,,,,,,,,,,,,22.286957,21.228792,,,441.6405,585.36731,,,,,429.13889,381.46207,429.13889,381.46207,429.13889,381.46207,22.286957,21.228792,,,1,,2.3890646,2.3890646,2.3890646,.84591305,.84591305,.84591305,1,,1,,47.341938,,,16.288189,16.288189,16.288189,1,,1,,2.3890646,2.3890646,2.3890646,.77092445,.77092445,.77092445,1,,1,,65.876587,,,13.852811,13.852811,13.852811,1,
17Jun2020,Iran,120,9185,240,600,18370,45925,2612,195051,5224,13060,390102,975255,154812,2137,4.5941806,31054,108.05357,2510.9465,168.70255,6686.9453,39.637489,4756.4985,,,,,,,,,,,,,,,,,,,,,,,,12963.187,14679.98,11123.297,3076.1394,3483.5313,2639.5374,1721.3474,1937.8977,1524.3004,606.90857,669.20831,550.49036,286.68774,,,21943.559,,,256.78448,256.78448,256.78448,21891.502,21891.502,21891.502,120,,,9185,,,107.48327,107.48327,107.48327,9163.2109,9163.2109,9163.2109,29.606215,121939.47,107882.47,138603.2,12799164,14888152,10932425,286.68774,,,21943.559,,,256.78448,256.78448,256.78448,21891.502,21891.502,21891.502,29.606215,,,,,,,286.68774,,,21943.559,,,256.78448,256.78448,256.78448,21891.502,21891.502,21891.502,29.606215,,,,,,,.34008893,,,26.030973,,,.30461559,.30461559,.30461559,25.969219,25.969219,25.969219,.14235233,,,10.895885,,,.12750411,.12750411,.12750411,10.870036,10.870036,10.870036,3.0985358,144.65306,127.97767,164.42075,.2351066,,,,,,,,,366.98276,119074.13,324.4679,93020.969,7087.9302,6642.8101,7517.0098,7087.9302,6642.8101,7517.0098,7087.9302,6642.8101,7517.0098,7146.73,6681.5498,7718.52,7146.73,6681.5498,7718.52,7146.73,6681.5498,7718.52,99.5,85.419998,112.04,99.5,85.419998,112.04,99.5,85.419998,112.04,101.1,88.970001,117.94,101.1,88.970001,117.94,101.1,88.970001,117.94,2709825.8,2579436,2866118.3,2709825.8,2579436,2866118.3,2709825.8,2579436,2866118.3,2738454,2558869.8,2936939.3,2738454,2558869.8,2936939.3,2738454,2558869.8,2936939.3,44004.871,38104.801,51842.512,44004.871,38104.801,51842.512,44004.871,38104.801,51842.512,45014.441,38245.48,53244.98,45014.441,38245.48,53244.98,45014.441,38245.48,53244.98,3458.1399,4058.05,4590.4302,3458.1399,4058.05,4590.4302,3458.1399,4058.05,4590.4302,3630.6699,4132.6699,4878.0098,3630.6699,4132.6699,4878.0098,3630.6699,4132.6699,4878.0098,424.07001,490.5,576.83002,424.07001,490.5,576.83002,424.07001,490.5,576.83002,426.38,501.85999,600.95001,426.38,501.85999,600.95001,426.38,501.85999,600.95001,1277.15,1492.33,1675.74,1277.15,1492.33,1675.74,1277.15,1492.33,1675.74,1332.03,1518.1801,1778.9399,1332.03,1518.1801,1778.9399,1332.03,1518.1801,1778.9399,121.11,140.08,164.74001,121.11,140.08,164.74001,121.11,140.08,164.74001,121.76,143.32001,171.62,121.76,143.32001,171.62,121.76,143.32001,171.62,265551.03,305899.47,359398.75,265551.03,305899.47,359398.75,265551.03,305899.47,359398.75,267067.63,312805.22,369210.47,267067.63,312805.22,369210.47,267067.63,312805.22,369210.47,1.29,1.36,1.4299999,1.29,1.36,1.4299999,1.29,1.36,1.4299999,1.28,1.36,1.4299999,1.28,1.36,1.4299999,1.28,1.36,1.4299999,1.34,1.41,1.48,1.34,1.41,1.48,1.34,1.41,1.48,1.33,1.41,1.49,1.33,1.41,1.49,1.33,1.41,1.49,.22611134,.22417122,.21611607,.22611134,.22417122,.21611607,.22611134,.22417122,.21611607,.22459459,.23262879,.22150445,.22459459,.23262879,.22150445,.22459459,.23262879,.22150445,189.98169,68157.422,358.75784,35696.406,9185,9185,9185,120,120,120,195051,195051,195051,2612,2612,2612,4.5941806,4.5941806,4.5941806,167.9077,7854.3999,46.77808,5613.3696,,,,,,,,,,,,,,,,,,,,21.766666,21.235819,,,425.33896,583.27661,,,,,442.26001,382.31552,442.26001,382.31552,442.26001,382.31552,21.766666,21.235819,,,1,,2.3890646,2.3890646,2.3890646,.82916665,.82916665,.82916665,1,,1,,46.68433,,,16.847195,16.847195,16.847195,1,,1,,2.3890646,2.3890646,2.3890646,.77168536,.77168536,.77168536,1,,1,,65.619576,,,13.892909,13.892909,13.892909,1,
18Jun2020,Iran,87,9272,174,435,18544,46360,2596,197647,5192,12980,395294,988235,156991,2179,3.3513098,31384,110.82143,2512.5981,168.70255,6686.9453,39.637489,3448.4617,,,,,,,,,,,,,,,,,,,,,,,,12958.596,14645.552,11140.673,3021.3137,3414.6296,2597.4624,1738.2136,1958.9021,1548.8846,611.25208,674.59912,557.33807,207.84862,,,22151.408,,,264.0405,264.0405,264.0405,22155.543,22155.543,22155.543,87,,,9272,,,110.52045,110.52045,110.52045,9273.7305,9273.7305,9273.7305,29.978476,122476.09,107300.59,139466.89,12921641,15027619,11039726,207.84862,,,22151.408,,,264.0405,264.0405,264.0405,22155.543,22155.543,22155.543,29.978476,,,,,,,207.84862,,,22151.408,,,264.0405,264.0405,264.0405,22155.543,22155.543,22155.543,29.978476,,,,,,,.24656446,,,26.277538,,,.31322315,.31322315,.31322315,26.282442,26.282442,26.282442,.10320544,,,10.99909,,,.13110702,.13110702,.13110702,11.001143,11.001143,11.001143,3.0795555,145.28964,127.28741,165.44531,.16970547,,,,,,,,,366.98276,119074.13,324.4679,67440.203,7189.5898,6747.7402,7618.1899,7189.5898,6747.7402,7618.1899,7189.5898,6747.7402,7618.1899,7250.1001,6786.6401,7828.0898,7250.1001,6786.6401,7828.0898,7250.1001,6786.6401,7828.0898,101.66,87.040001,114.2,101.66,87.040001,114.2,101.66,87.040001,114.2,103.37,90.720001,121.1,103.37,90.720001,121.1,103.37,90.720001,121.1,2756115.5,2623925.5,2916652.5,2756115.5,2623925.5,2916652.5,2756115.5,2623925.5,2916652.5,2785778.5,2602285.8,2987369.3,2785778.5,2602285.8,2987369.3,2785778.5,2602285.8,2987369.3,46289.77,40208.262,54363.648,46289.77,40208.262,54363.648,46289.77,40208.262,54363.648,47324.488,40493.289,55684.18,47324.488,40493.289,55684.18,47324.488,40493.289,55684.18,3537.78,4140.21,4707.0698,3537.78,4140.21,4707.0698,3537.78,4140.21,4707.0698,3713.5701,4219.2598,4990.77,3713.5701,4219.2598,4990.77,3713.5701,4219.2598,4990.77,439.51999,507.23999,597.34998,439.51999,507.23999,597.34998,439.51999,507.23999,597.34998,440.10001,519.03003,619.71997,440.10001,519.03003,619.71997,440.10001,519.03003,619.71997,1304.22,1526.1899,1718.28,1304.22,1526.1899,1718.28,1304.22,1526.1899,1718.28,1366.91,1553.62,1825.0601,1366.91,1553.62,1825.0601,1366.91,1553.62,1825.0601,125.52,144.85001,170.60001,125.52,144.85001,170.60001,125.52,144.85001,170.60001,125.67,148.22,176.98,125.67,148.22,176.98,125.67,148.22,176.98,279078.38,320760.16,376024.31,279078.38,320760.16,376024.31,279078.38,320760.16,376024.31,281238.44,327853.47,385201.06,281238.44,327853.47,385201.06,281238.44,327853.47,385201.06,1.29,1.36,1.4299999,1.29,1.36,1.4299999,1.29,1.36,1.4299999,1.28,1.36,1.4299999,1.28,1.36,1.4299999,1.28,1.36,1.4299999,1.34,1.41,1.48,1.34,1.41,1.48,1.34,1.41,1.48,1.33,1.41,1.49,1.33,1.41,1.49,1.33,1.41,1.49,.21961656,.21647292,.21006684,.21961656,.21647292,.21006684,.21961656,.21647292,.21006684,.21842815,.22403713,.21747649,.21842815,.22403713,.21747649,.21842815,.22403713,.21747649,189.98169,68157.422,358.75784,36471.324,9272,9272,9272,87,87,87,197647,197647,197647,2596,2596,2596,3.3513098,3.3513098,3.3513098,167.9077,7854.3999,46.77808,4069.6929,,,,,,,,,,,,,,,,,,,,29.839081,21.316544,,,589.25623,583.3327,,,,,455.33905,383.34808,455.33905,383.34808,455.33905,383.34808,29.839081,21.316544,,,1,,2.3890646,2.3890646,2.3890646,1.1685058,1.1685058,1.1685058,1,,1,,47.178772,,,17.83119,17.83119,17.83119,1,,1,,2.3890648,2.3890648,2.3890648,.77540874,.77540874,.77540874,1,,1,,65.377373,,,13.944636,13.944636,13.944636,1,
19Jun2020,Iran,120,9392,240,600,18784,46960,2615,200262,5230,13075,400524,1001310,159192,2201,4.5889101,31678,113.27679,2509.8928,168.70255,6686.9453,39.637489,4756.4985,,,,,,,,,,,,,,,,,,,,,,,,12840.742,14407.118,11067.646,2957.7878,3318.593,2549.3657,1754.5311,1978.3314,1573.8914,615.37738,679.54413,564.1358,286.68774,,,22438.096,,,270.42468,270.42468,270.42468,22425.967,22425.967,22425.967,120,,,9392,,,113.1927,113.1927,113.1927,9386.9238,9386.9238,9386.9238,30.323753,122945.09,107287.23,140224.03,13044586,15167843,11147013,286.68774,,,22438.096,,,270.42468,270.42468,270.42468,22425.967,22425.967,22425.967,30.323753,,,,,,,286.68774,,,22438.096,,,270.42468,270.42468,270.42468,22425.967,22425.967,22425.967,30.323753,,,,,,,.34008893,,,26.617626,,,.32079652,.32079652,.32079652,26.603239,26.603239,26.603239,.14235233,,,11.141442,,,.13427703,.13427703,.13427703,11.135421,11.135421,11.135421,3.1020947,145.84601,127.27156,166.34348,.23318356,,,,,,,,,366.98276,119074.13,324.4679,93020.969,7293.4302,6858.6602,7718.1299,7293.4302,6858.6602,7718.1299,7293.4302,6858.6602,7718.1299,7355.7598,6894.4102,7939.98,7355.7598,6894.4102,7939.98,7355.7598,6894.4102,7939.98,103.85,88.699997,116.67,103.85,88.699997,116.67,103.85,88.699997,116.67,105.66,92.629997,124.11,105.66,92.629997,124.11,105.66,92.629997,124.11,2804735.3,2670601.5,2969475.8,2804735.3,2670601.5,2969475.8,2804735.3,2670601.5,2969475.8,2835459,2646671.8,3040345.5,2835459,2646671.8,3040345.5,2835459,2646671.8,3040345.5,48619.57,42347.379,56939.93,48619.57,42347.379,56939.93,48619.57,42347.379,56939.93,49680.539,42656.43,58165.34,49680.539,42656.43,58165.34,49680.539,42656.43,58165.34,3626.8301,4232.27,4833.46,3626.8301,4232.27,4833.46,3626.8301,4232.27,4833.46,3800.1499,4315.73,5111.8799,3800.1499,4315.73,5111.8799,3800.1499,4315.73,5111.8799,456.78,527.19,620.72998,456.78,527.19,620.72998,456.78,527.19,620.72998,457.70001,539.40002,641.57001,457.70001,539.40002,641.57001,457.70001,539.40002,641.57001,1338.16,1562.64,1767.47,1338.16,1562.64,1767.47,1338.16,1562.64,1767.47,1402.23,1591.67,1873.33,1402.23,1591.67,1873.33,1402.23,1591.67,1873.33,130.44,150.55,177.27,130.44,150.55,177.27,130.44,150.55,177.27,130.7,154.03999,183.22,130.7,154.03999,183.22,130.7,154.03999,183.22,293263.66,336306,393125.72,293263.66,336306,393125.72,293263.66,336306,393125.72,295475.94,343588.25,401822.41,295475.94,343588.25,401822.41,295475.94,343588.25,401822.41,1.29,1.36,1.4299999,1.29,1.36,1.4299999,1.29,1.36,1.4299999,1.28,1.36,1.4299999,1.28,1.36,1.4299999,1.28,1.36,1.4299999,1.34,1.41,1.48,1.34,1.41,1.48,1.34,1.41,1.48,1.33,1.41,1.49,1.33,1.41,1.49,1.33,1.41,1.49,.21359712,.20945805,.20490015,.21359712,.20945805,.20490015,.21359712,.20945805,.20490015,.21267886,.21715365,.2133745,.21267886,.21715365,.2133745,.21267886,.21715365,.2133745,189.98169,68157.422,358.75784,37257,9392,9392,9392,120,120,120,200262,200262,200262,2615,2615,2615,4.5889101,4.5889101,4.5889101,167.9077,7854.3999,46.77808,5613.3696,,,,,,,,,,,,,,,,,,,,21.791666,21.322615,,,428.84671,581.35889,,,,,468.17111,384.5564,468.17111,384.5564,468.17111,384.5564,21.791666,21.322615,,,1,,2.3890646,2.3890646,2.3890646,.86541665,.86541665,.86541665,1,,1,,47.015331,,,18.592569,18.592569,18.592569,1,,1,,2.3890648,2.3890648,2.3890648,.77655774,.77655774,.77655774,1,,1,,65.137596,,,14.005329,14.005329,14.005329,1,
20Jun2020,Iran,115,9507,230,575,19014,47535,2322,202584,4644,11610,405168,1012920,161384,2192,4.9526272,31693,115.29464,2504.1072,168.70255,6686.9453,39.637489,4558.311,,,,,,,,,,,,,,,,,,,,,,,,12886.203,14347.446,11141.56,2960.5876,3296.3062,2559.7581,1770.2494,1996.0858,1599.2301,619.65265,684.42517,571.25085,274.74243,,,22712.838,,,276.18469,276.18469,276.18469,22702.152,22702.152,22702.152,115,,,9507,,,115.60369,115.60369,115.60369,9502.5273,9502.5273,9502.5273,30.637373,123344.84,107639.04,140907.94,13167930,15308751,11254652,274.74243,,,22712.838,,,276.18469,276.18469,276.18469,22702.152,22702.152,22702.152,30.637373,,,,,,,274.74243,,,22712.838,,,276.18469,276.18469,276.18469,22702.152,22702.152,22702.152,30.637373,,,,,,,.32591856,,,26.943544,,,.32762945,.32762945,.32762945,26.930868,26.930868,26.930868,.13642098,,,11.277864,,,.13713712,.13713712,.13713712,11.272557,11.272557,11.272557,2.7545176,146.32021,127.6889,167.15477,.22274336,,,,,,,,,366.98276,119074.13,324.4679,89145.102,7399.5498,6972.25,7820.3999,7399.5498,6972.25,7820.3999,7399.5498,6972.25,7820.3999,7463.8101,7004.96,8054.25,7463.8101,7004.96,8054.25,7463.8101,7004.96,8054.25,106.12,90.540001,119.79,106.12,90.540001,119.79,106.12,90.540001,119.79,108.05,94.959999,127.23,108.05,94.959999,127.23,108.05,94.959999,127.23,2855756.3,2719531.8,3024652.3,2855756.3,2719531.8,3024652.3,2855756.3,2719531.8,3024652.3,2887568,2693101.5,3098789.8,2887568,2693101.5,3098789.8,2887568,2693101.5,3098789.8,51021.172,44536.781,59201.18,51021.172,44536.781,59201.18,51021.172,44536.781,59201.18,52109.07,44871.262,60793.488,52109.07,44871.262,60793.488,52109.07,44871.262,60793.488,3727.3701,4336.71,4971.9902,3727.3701,4336.71,4971.9902,3727.3701,4336.71,4971.9902,3893.3701,4424.5298,5243.6602,3893.3701,4424.5298,5243.6602,3893.3701,4424.5298,5243.6602,476.76999,549.84003,646.56,476.76999,549.84003,646.56,476.76999,549.84003,646.56,478.5,562.44,666.71997,478.5,562.44,666.71997,478.5,562.44,666.71997,1375.38,1602.49,1820.0699,1375.38,1602.49,1820.0699,1375.38,1602.49,1820.0699,1440.54,1633.12,1924.47,1440.54,1633.12,1924.47,1440.54,1633.12,1924.47,136.14999,157.02,184.64999,136.14999,157.02,184.64999,136.14999,157.02,184.64999,136.64,160.62,190.39999,136.64,160.62,190.39999,136.64,160.62,190.39999,308076.59,352582.09,408493.22,308076.59,352582.09,408493.22,308076.59,352582.09,408493.22,310423.38,360053.88,419688.97,310423.38,360053.88,419688.97,310423.38,360053.88,419688.97,1.29,1.36,1.4299999,1.29,1.36,1.4299999,1.29,1.36,1.4299999,1.28,1.35,1.4299999,1.28,1.35,1.4299999,1.28,1.35,1.4299999,1.34,1.41,1.48,1.34,1.41,1.48,1.34,1.41,1.48,1.33,1.41,1.49,1.33,1.41,1.49,1.33,1.41,1.49,.20799209,.20329265,.20234394,.20799209,.20329265,.20234394,.20799209,.20329265,.20234394,.20735355,.21162766,.20928229,.20735355,.21162766,.20928229,.20735355,.21162766,.20928229,189.98169,68157.422,358.75784,38071.383,9507,9507,9507,115,115,115,202584,202584,202584,2322,2322,2322,4.9526272,4.9526272,4.9526272,167.9077,7854.3999,46.77808,5379.479,,,,,,,,,,,,,,,,,,,,20.191305,21.308929,,,448.94717,579.75714,,,,,480.78751,385.93649,480.78751,385.93649,480.78751,385.93649,20.191305,21.308929,,,1,,2.3890646,2.3890646,2.3890646,.92278266,.92278266,.92278266,1,,1,,53.120083,,,21.972942,21.972942,21.972942,1,,1,,2.3890648,2.3890648,2.3890648,.77832645,.77832645,.77832645,1,,1,,64.999855,,,14.096652,14.096652,14.096652,1,
21Jun2020,Iran,116,9623,232,580,19246,48115,2368,204952,4736,11840,409904,1024760,163591,2207,4.8986487,31738,117.25893,2500.7412,168.70255,6686.9453,39.637489,4597.9487,,,,,,,,,,,,,,,,,,,,,,,,12918.8,14346.008,11207.809,2972.3679,3300.7412,2578.7017,1785.3208,2012.0675,1624.2592,624.25208,689.40704,577.93054,277.1315,,,22989.969,,,281.60065,281.60065,281.60065,22983.752,22983.752,22983.752,116,,,9623,,,117.87066,117.87066,117.87066,9620.3984,9620.3984,9620.3984,30.91754,123674.21,107313.52,141566.94,13291605,15450318,11361965,277.1315,,,22989.969,,,281.60065,281.60065,281.60065,22983.752,22983.752,22983.752,30.91754,,,,,,,277.1315,,,22989.969,,,281.60065,281.60065,281.60065,22983.752,22983.752,22983.752,30.91754,,,,,,,.32875264,,,27.272297,,,.33405423,.33405423,.33405423,27.264923,27.264923,27.264923,.13760725,,,11.415471,,,.13982636,.13982636,.13982636,11.412384,11.412384,11.412384,2.8090861,146.71094,127.30274,167.93652,.22408189,,,,,,,,,366.98276,119074.13,324.4679,89920.273,7508.1099,7088.6499,7925.6001,7508.1099,7088.6499,7925.6001,7508.1099,7088.6499,7925.6001,7574.4199,7118.4702,8171.0498,7574.4199,7118.4702,8171.0498,7574.4199,7118.4702,8171.0498,108.56,92.839996,123.11,108.56,92.839996,123.11,108.56,92.839996,123.11,110.6,97.339996,130.47,110.6,97.339996,130.47,110.6,97.339996,130.47,2909272.3,2770803,3082263,2909272.3,2770803,3082263,2909272.3,2770803,3082263,2942199.3,2742662.8,3164284.3,2942199.3,2742662.8,3164284.3,2942199.3,2742662.8,3164284.3,53516.039,46797.07,61528.91,53516.039,46797.07,61528.91,53516.039,46797.07,61528.91,54631.18,47174.07,63551.781,54631.18,47174.07,63551.781,54631.18,47174.07,63551.781,3840.8101,4455.23,5127.2998,3840.8101,4455.23,5127.2998,3840.8101,4455.23,5127.2998,3997.4399,4547.3301,5387.6699,3997.4399,4547.3301,5387.6699,3997.4399,4547.3301,5387.6699,499.06,574.73999,674.97998,499.06,574.73999,674.97998,499.06,574.73999,674.97998,501.92999,587.71997,693.98999,501.92999,587.71997,693.98999,501.92999,587.71997,693.98999,1416.39,1646.33,1876.65,1416.39,1646.33,1876.65,1416.39,1646.33,1876.65,1482.3199,1678.55,1979.04,1482.3199,1678.55,1979.04,1482.3199,1678.55,1979.04,142.50999,164.13,192.75999,142.50999,164.13,192.75999,142.50999,164.13,192.75999,143.33,167.84,198.19,143.33,167.84,198.19,143.33,167.84,198.19,323480.38,369623.59,424412.38,323480.38,369623.59,424412.38,323480.38,369623.59,424412.38,326118.25,377285.03,438556.97,326118.25,377285.03,438556.97,326118.25,377285.03,438556.97,1.29,1.36,1.42,1.29,1.36,1.42,1.29,1.36,1.42,1.28,1.35,1.4299999,1.28,1.35,1.4299999,1.28,1.35,1.4299999,1.34,1.41,1.48,1.34,1.41,1.48,1.34,1.41,1.48,1.33,1.41,1.49,1.33,1.41,1.49,1.33,1.41,1.49,.20285507,.19838849,.20008481,.20285507,.19838849,.20008481,.20285507,.19838849,.20008481,.20244849,.20634216,.20529716,.20244849,.20634216,.20529716,.20244849,.20634216,.20529716,189.98169,68157.422,358.75784,38946.75,9623,9623,9623,116,116,116,204952,204952,204952,2368,2368,2368,4.8986487,4.8986487,4.8986487,167.9077,7854.3999,46.77808,5426.2573,,,,,,,,,,,,,,,,,,,,20.413794,21.29814,,,446.26544,578.14801,,,,,492.9628,387.48398,492.9628,387.48398,492.9628,387.48398,20.413794,21.29814,,,1,,2.3890646,2.3890646,2.3890646,.93586206,.93586206,.93586206,1,,1,,52.227283,,,22.599678,22.599678,22.599678,1,,1,,2.3890646,2.3890646,2.3890646,.78022552,.78022552,.78022552,1,,1,,64.85228,,,14.194896,14.194896,14.194896,1,
22Jun2020,Iran,119,9742,238,595,19484,48710,2573,207525,5146,12865,415050,1037625,166427,2836,4.6249514,31356,119.58035,2501.3572,168.70255,6686.9453,39.637489,4716.8613,,,,,,,,,,,,,,,,,,,,,,,,12885.926,14376.801,11214.498,2986.2661,3331.771,2598.9189,1799.6976,2026.3163,1636.0626,629.33636,694.64136,580.99115,284.29871,,,23274.268,,,286.97992,286.97992,286.97992,23270.732,23270.732,23270.732,119,,,9742,,,120.12228,120.12228,120.12228,9740.5205,9740.5205,9740.5205,31.162821,123932.47,106996.57,142087.91,13415537,15592405,11468962,284.29871,,,23274.268,,,286.97992,286.97992,286.97992,23270.732,23270.732,23270.732,31.162821,,,,,,,284.29871,,,23274.268,,,286.97992,286.97992,286.97992,23270.732,23270.732,23270.732,31.162821,,,,,,,.33725485,,,27.609552,,,.34043548,.34043548,.34043548,27.605358,27.605358,27.605358,.14116606,,,11.556637,,,.14249739,.14249739,.14249739,11.554881,11.554881,11.554881,3.0522711,147.0173,126.92677,168.55453,.22939809,,,,,,,,,366.98276,119074.13,324.4679,92245.805,7619.3301,7208.0801,8039.1602,7619.3301,7208.0801,8039.1602,7619.3301,7208.0801,8039.1602,7687.79,7234.2002,8290.5498,7687.79,7234.2002,8290.5498,7687.79,7234.2002,8290.5498,111.22,95.349998,126.66,111.22,95.349998,126.66,111.22,95.349998,126.66,113.37,99.93,133.89,113.37,99.93,133.89,113.37,99.93,133.89,2965391,2824513.3,3142400.5,2965391,2824513.3,3142400.5,2965391,2824513.3,3142400.5,2999460.3,2795595.8,3222928.5,2999460.3,2795595.8,3222928.5,2999460.3,2795595.8,3222928.5,56118.52,49235.359,63932.719,56118.52,49235.359,63932.719,56118.52,49235.359,63932.719,57260.969,49580.898,66417.352,57260.969,49580.898,66417.352,57260.969,49580.898,66417.352,3968.0601,4588.8901,5298.1099,3968.0601,4588.8901,5298.1099,3968.0601,4588.8901,5298.1099,4105.3999,4685.1802,5544.9102,4105.3999,4685.1802,5544.9102,4105.3999,4685.1802,5544.9102,523.28998,601.58002,705.29999,523.28998,601.58002,705.29999,523.28998,601.58002,705.29999,527.34003,614.92999,723.06,527.34003,614.92999,723.06,527.34003,614.92999,723.06,1461.5601,1694.58,1937.62,1461.5601,1694.58,1937.62,1461.5601,1694.58,1937.62,1527.92,1728.38,2037.4301,1527.92,1728.38,2037.4301,1527.92,1728.38,2037.4301,149.42999,171.78999,201.42,149.42999,171.78999,201.42,149.42999,171.78999,201.42,150.59,175.61,206.49001,150.59,175.61,206.49001,150.59,175.61,206.49001,340210.28,387461.78,440957.16,340210.28,387461.78,440957.16,340210.28,387461.78,440957.16,342593.72,395312.5,458213.47,342593.72,395312.5,458213.47,342593.72,395312.5,458213.47,1.29,1.36,1.42,1.29,1.36,1.42,1.29,1.36,1.42,1.27,1.35,1.4299999,1.27,1.35,1.4299999,1.27,1.35,1.4299999,1.34,1.41,1.48,1.34,1.41,1.48,1.34,1.41,1.48,1.33,1.41,1.49,1.33,1.41,1.49,1.33,1.41,1.49,.19818769,.19366163,.19811453,.19818769,.19366163,.19811453,.19818769,.19366163,.19811453,.19798827,.2015494,.20158888,.19798827,.2015494,.20158888,.19798827,.2015494,.20158888,189.98169,68157.422,358.75784,39901.047,9742,9742,9742,119,119,119,207525,207525,207525,2573,2573,2573,4.6249514,4.6249514,4.6249514,167.9077,7854.3999,46.77808,5566.5913,,,,,,,,,,,,,,,,,,,,21.621849,21.302094,,,435.92343,576.41071,,,,,504.5722,389.19315,504.5722,389.19315,504.5722,389.19315,21.621849,21.302094,,,1,,2.3890648,2.3890648,2.3890648,.93462187,.93462187,.93462187,1,,1,,48.166527,,,21.810539,21.810539,21.810539,1,,1,,2.3890646,2.3890646,2.3890646,.78211147,.78211147,.78211147,1,,1,,64.645401,,,14.289319,14.289319,14.289319,1,
23Jun2020,Iran,121,9863,242,605,19726,49315,2445,209970,4890,12225,419940,1049850,169160,2733,4.9488754,30947,121.88393,2504.7144,168.70255,6686.9453,39.637489,4796.1362,,,,,,,,,,,,,,,,,,,,,,,,12793.646,14360.185,11175.225,2980.7493,3345.7319,2603.6785,1813.3318,2043.2917,1636.7681,635.0285,700.85309,584.63495,289.07681,,,23563.344,,,292.62943,292.62943,292.62943,23563.361,23563.361,23563.361,121,,,9863,,,122.48703,122.48703,122.48703,9863.0068,9863.0068,9863.0068,31.369011,124119.2,106689.3,142776.02,13539656,15735181,11575651,289.07681,,,23563.344,,,292.62943,292.62943,292.62943,23563.361,23563.361,23563.361,31.369011,,,,,,,289.07681,,,23563.344,,,292.62943,292.62943,292.62943,23563.361,23563.361,23563.361,31.369011,,,,,,,.34292299,,,27.952475,,,.34713736,.34713736,.34713736,27.952496,27.952496,27.952496,.14353859,,,11.700175,,,.14530262,.14530262,.14530262,11.700184,11.700184,11.700184,2.9004288,147.23882,126.56225,169.37083,.23290257,,,,,,,,,366.98276,119074.13,324.4679,93796.148,7733.48,7330.8101,8160.6499,7733.48,7330.8101,8160.6499,7733.48,7330.8101,8160.6499,7804.2002,7341.0801,8413.0195,7804.2002,7341.0801,8413.0195,7804.2002,7341.0801,8413.0195,114.15,98.129997,130.48,114.15,98.129997,130.48,114.15,98.129997,130.48,116.41,102.73,137.55,116.41,102.73,137.55,116.41,102.73,137.55,3024228.8,2880768.8,3205597.8,3024228.8,2880768.8,3205597.8,3024228.8,2880768.8,3205597.8,3059467.8,2851520,3284239,3059467.8,2851520,3284239,3059467.8,2851520,3284239,58837.828,51783.871,66517.742,58837.828,51783.871,66517.742,58837.828,51783.871,66517.742,60007.531,52101.961,69398.109,60007.531,52101.961,69398.109,60007.531,52101.961,69398.109,4107.7402,4738.2798,5483.3999,4107.7402,4738.2798,5483.3999,4107.7402,4738.2798,5483.3999,4224.9502,4838.6802,5715.9199,4224.9502,4838.6802,5715.9199,4224.9502,4838.6802,5715.9199,549.26001,630.15997,737.34998,549.26001,630.15997,737.34998,549.26001,630.15997,737.34998,553.37,643.88,753.75,553.37,643.88,753.75,553.37,643.88,753.75,1511.16,1747.5699,2003.3101,1511.16,1747.5699,2003.3101,1511.16,1747.5699,2003.3101,1577.59,1782.9301,2099.9199,1577.59,1782.9301,2099.9199,1577.59,1782.9301,2099.9199,156.85001,179.96001,210.58,156.85001,179.96001,210.58,156.85001,179.96001,210.58,158.02,183.88,215.25999,158.02,183.88,215.25999,158.02,183.88,215.25999,357551.66,406127.06,458761.06,357551.66,406127.06,458761.06,357551.66,406127.06,458761.06,359881.84,414166.16,478683,359881.84,414166.16,478683,359881.84,414166.16,478683,1.28,1.35,1.42,1.28,1.35,1.42,1.28,1.35,1.42,1.27,1.35,1.4299999,1.27,1.35,1.4299999,1.27,1.35,1.4299999,1.34,1.41,1.48,1.34,1.41,1.48,1.34,1.41,1.48,1.33,1.41,1.49,1.33,1.41,1.49,1.33,1.41,1.49,.19400784,.18949915,.19615819,.19400784,.18949915,.19615819,.19400784,.18949915,.19615819,.19399232,.19717109,.19820425,.19399232,.19717109,.19820425,.19399232,.19717109,.19820425,189.98169,68157.422,358.75784,40952.207,9863,9863,9863,121,121,121,209970,209970,209970,2445,2445,2445,4.9488754,4.9488754,4.9488754,167.9077,7854.3999,46.77808,5660.1475,,,,,,,,,,,,,,,,,,,,20.206612,21.288654,,,429.36411,574.60675,,,,,515.44305,391.05664,515.44305,391.05664,515.44305,391.05664,20.206612,21.288654,,,1,,2.3890646,2.3890646,2.3890646,.94338846,.94338846,.94338846,1,,1,,50.7645,,,24.064552,24.064552,24.064552,1,,1,,2.3890646,2.3890646,2.3890646,.78409004,.78409004,.78409004,1,,1,,64.483765,,,14.403147,14.403147,14.403147,1,
24Jun2020,Iran,133,9996,266,665,19992,49980,2531,212501,5062,12655,425002,1062505,172096,2936,5.2548399,30409,124.65179,2511.7947,168.70255,6686.9453,39.637489,5271.7861,,,,,,,,,,,,,,,,,,,,,,,,12618.418,14246.208,11068.521,3022.4124,3412.3069,2651.1748,1826.1743,2059.9128,1649.3574,641.20374,708.40173,590.49872,317.74561,,,23881.09,,,298.66583,298.66583,298.66583,23862.027,23862.027,23862.027,133,,,9996,,,125.01371,125.01371,125.01371,9988.0205,9988.0205,9988.0205,31.527498,124234.32,106391.43,143549.19,13663891,15878731,11682043,317.74561,,,23881.09,,,298.66583,298.66583,298.66583,23862.027,23862.027,23862.027,31.527498,,,,,,,317.74561,,,23881.09,,,298.66583,298.66583,298.66583,23862.027,23862.027,23862.027,31.527498,,,,,,,.37693188,,,28.329407,,,.35429814,.35429814,.35429814,28.306793,28.306793,28.306793,.15777384,,,11.857949,,,.14829993,.14829993,.14829993,11.848484,11.848484,11.848484,3.0024478,147.37538,126.2089,170.28801,.25576314,,,,,,,,,366.98276,119074.13,324.4679,103098.25,7850.8599,7457.1201,8292.2998,7850.8599,7457.1201,8292.2998,7850.8599,7457.1201,8292.2998,7923.9702,7447.2998,8538.7197,7923.9702,7447.2998,8538.7197,7923.9702,7447.2998,8538.7197,117.39,101.2,134.61,117.39,101.2,134.61,117.39,101.2,134.61,119.76,105.72,141.47,119.76,105.72,141.47,119.76,105.72,141.47,3085909.3,2939681.8,3272775.8,3085909.3,2939681.8,3272775.8,3085909.3,2939681.8,3272775.8,3122344.8,2910142.8,3348812.8,3122344.8,2910142.8,3348812.8,3122344.8,2910142.8,3348812.8,61680.41,54368.75,69206.742,61680.41,54368.75,69206.742,61680.41,54368.75,69206.742,62877.172,54744.219,72499.398,62877.172,54744.219,72499.398,62877.172,54744.219,72499.398,4259.3198,4903.6899,5683.5,4259.3198,4903.6899,5683.5,4259.3198,4903.6899,5683.5,4363.2598,5008.1201,5900.9399,4363.2598,5008.1201,5900.9399,4363.2598,5008.1201,5900.9399,576.76001,660.38,766.69,576.76001,660.38,766.69,576.76001,660.38,766.69,581.03998,674.46997,786.71997,581.03998,674.46997,786.71997,581.03998,674.46997,786.71997,1565.39,1805.52,2074.8899,1565.39,1805.52,2074.8899,1565.39,1805.52,2074.8899,1626.01,1842.42,2166.71,1626.01,1842.42,2166.71,1626.01,1842.42,2166.71,164.71001,188.59,218.95,164.71001,188.59,218.95,164.71001,188.59,218.95,165.92999,192.62,224.67999,165.92999,192.62,224.67999,165.92999,192.62,224.67999,375454.31,425649.94,477231.38,375454.31,425649.94,477231.38,375454.31,425649.94,477231.38,378015.25,433876.03,499989.84,378015.25,433876.03,499989.84,378015.25,433876.03,499989.84,1.28,1.35,1.42,1.28,1.35,1.42,1.28,1.35,1.42,1.27,1.35,1.42,1.27,1.35,1.42,1.27,1.35,1.42,1.34,1.41,1.48,1.34,1.41,1.48,1.34,1.41,1.48,1.33,1.41,1.49,1.33,1.41,1.49,1.33,1.41,1.49,.19031975,.18613634,.19450417,.19031975,.18613634,.19450417,.19031975,.18613634,.19450417,.19046658,.19311628,.19513266,.19046658,.19311628,.19513266,.19046658,.19311628,.19513266,189.98169,68157.422,358.75784,42114.582,9996,9996,9996,133,133,133,212501,212501,212501,2531,2531,2531,5.2548399,5.2548399,5.2548399,167.9077,7854.3999,46.77808,6221.4849,,,,,,,,,,,,,,,,,,,,19.030075,21.258604,,,390.98676,572.16364,,,,,525.43158,393.06641,525.43158,393.06641,525.43158,393.06641,19.030075,21.258604,,,1,,2.3890648,2.3890648,2.3890648,.8826316,.8826316,.8826316,1,,1,,49.085072,,,24.369976,24.369976,24.369976,1,,1,,2.3890646,2.3890646,2.3890646,.78540015,.78540015,.78540015,1,,1,,64.300362,,,14.521857,14.521857,14.521857,1,
25Jun2020,Iran,134,10130,268,670,20260,50650,2595,215096,5190,12975,430192,1075480,175103,3007,5.1637764,29863,127.83036,2519.3125,168.70255,6686.9453,39.637489,5311.4233,,,,,,,,,,,,,,,,,,,,,,,,12482.799,14117.656,11001.105,3076.1023,3478.9758,2710.9727,1838.1785,2075.386,1654.4233,647.6048,715.86224,593.57135,320.13467,,,24201.225,,,305.10788,305.10788,305.10788,24167.137,24167.137,24167.137,134,,,10130,,,127.71018,127.71018,127.71018,10115.731,10115.731,10115.731,31.626799,124278.05,106102.7,144180.33,13788169,16022911,11788145,320.13467,,,24201.225,,,305.10788,305.10788,305.10788,24167.137,24167.137,24167.137,31.626799,,,,,,,320.13467,,,24201.225,,,305.10788,305.10788,305.10788,24167.137,24167.137,24167.137,31.626799,,,,,,,.37976596,,,28.709173,,,.36194015,.36194015,.36194015,28.668734,28.668734,28.668734,.1589601,,,12.01691,,,.15149868,.15149868,.15149868,11.999983,11.999983,11.999983,3.0783691,147.42726,125.86639,171.03673,.25759551,,,,,,,,,366.98276,119074.13,324.4679,103873.42,7971.8301,7580.6099,8424.0703,7971.8301,7580.6099,8424.0703,7971.8301,7580.6099,8424.0703,8047.4199,7556.5098,8667.5596,8047.4199,7556.5098,8667.5596,8047.4199,7556.5098,8667.5596,120.97,104.58,139.14,120.97,104.58,139.14,120.97,104.58,139.14,123.45,108.86,145.69,123.45,108.86,145.69,123.45,108.86,145.69,3150560.5,3001368.3,3342910,3150560.5,3001368.3,3342910,3150560.5,3001368.3,3342910,3188219.8,2971305.8,3417394.5,3188219.8,2971305.8,3417394.5,3188219.8,2971305.8,3417394.5,64651.398,57136.891,72290.906,64651.398,57136.891,72290.906,64651.398,57136.891,72290.906,65874.953,57368.172,75725.328,65874.953,57368.172,75725.328,65874.953,57368.172,75725.328,4425.9902,5085.2202,5899.3501,4425.9902,5085.2202,5899.3501,4425.9902,5085.2202,5899.3501,4518.7998,5193.6099,6106.5898,4518.7998,5193.6099,6106.5898,4518.7998,5193.6099,6106.5898,605.46997,692.19,796.53003,605.46997,692.19,796.53003,605.46997,692.19,796.53003,610.28003,706.65002,822.03003,610.28003,706.65002,822.03003,610.28003,706.65002,822.03003,1624.42,1868.59,2151.6699,1624.42,1868.59,2151.6699,1624.42,1868.59,2151.6699,1677.5699,1907.02,2237.9299,1677.5699,1907.02,2237.9299,1677.5699,1907.02,2237.9299,172.91,197.67999,227.47,172.91,197.67999,227.47,172.91,197.67999,227.47,174.28,201.81,234.75999,174.28,201.81,234.75999,174.28,201.81,234.75999,394396.16,446061.56,498762.5,394396.16,446061.56,498762.5,394396.16,446061.56,498762.5,395732.09,454472.59,522158.03,395732.09,454472.59,522158.03,395732.09,454472.59,522158.03,1.28,1.35,1.42,1.28,1.35,1.42,1.28,1.35,1.42,1.27,1.35,1.42,1.27,1.35,1.42,1.27,1.35,1.42,1.34,1.41,1.48,1.34,1.41,1.48,1.34,1.41,1.48,1.33,1.41,1.49,1.33,1.41,1.49,1.33,1.41,1.49,.18711118,.18303412,.19247234,.18711118,.18303412,.19247234,.18711118,.18303412,.19247234,.1874005,.1897568,.19239269,.1874005,.1897568,.19239269,.1874005,.1897568,.19239269,189.98169,68157.422,358.75784,43398.938,10130,10130,10130,134,134,134,215096,215096,215096,2595,2595,2595,5.1637764,5.1637764,5.1637764,167.9077,7854.3999,46.77808,6268.2627,,,,,,,,,,,,,,,,,,,,19.365671,21.233564,,,388.20554,569.73022,,,,,534.44159,395.2117,534.44159,395.2117,534.44159,395.2117,19.365671,21.233564,,,1,,2.3890648,2.3890648,2.3890648,.90276122,.90276122,.90276122,1,,1,,47.89135,,,24.913834,24.913834,24.913834,1,,1,,2.3890646,2.3890646,2.3890646,.78695261,.78695261,.78695261,1,,1,,64.102394,,,14.647229,14.647229,14.647229,1,
26Jun2020,Iran,109,10239,218,545,20478,51195,2628,217724,5256,13140,435448,1088620,177852,2749,4.1476407,29633,131.16072,2524.8928,168.70255,6686.9453,39.637489,4320.4863,,,,,,,,,,,,,,,,,,,,,,,,12224.419,13828.816,10829.281,3106.3083,3513.9968,2751.7944,1849.2991,2092.9802,1654.7693,653.98029,724.03198,596.56091,260.40805,,,24461.633,,,311.9751,311.9751,311.9751,24479.111,24479.111,24479.111,109,,,10239,,,130.58461,130.58461,130.58461,10246.315,10246.315,10246.315,31.657095,124250.83,105822.8,144012.53,13912420,16166923,11893968,260.40805,,,24461.633,,,311.9751,311.9751,311.9751,24479.111,24479.111,24479.111,31.657095,,,,,,,260.40805,,,24461.633,,,311.9751,311.9751,311.9751,24479.111,24479.111,24479.111,31.657095,,,,,,,.3089141,,,29.018087,,,.37008649,.37008649,.37008649,29.03882,29.03882,29.03882,.12930337,,,12.146213,,,.15490854,.15490854,.15490854,12.154891,12.154891,12.154891,3.117516,147.39496,125.53436,170.83766,.20958255,,,,,,,,,366.98276,119074.13,324.4679,84494.055,8096.75,7704.0298,8554.21,8096.75,7704.0298,8554.21,8096.75,7704.0298,8554.21,8174.9302,7669.4102,8797.4102,8174.9302,7669.4102,8797.4102,8174.9302,7669.4102,8797.4102,124.91,108.31,144.03,124.91,108.31,144.03,124.91,108.31,144.03,127.51,112.02,150.22,127.51,112.02,150.22,127.51,112.02,150.22,3218316,3065948.5,3417085.8,3218316,3065948.5,3417085.8,3218316,3065948.5,3417085.8,3257225.3,3029926.5,3488905.8,3257225.3,3029926.5,3488905.8,3257225.3,3029926.5,3488905.8,67755.531,60024.051,75866.883,67755.531,60024.051,75866.883,67755.531,60024.051,75866.883,69005.5,59996.801,79079.477,69005.5,59996.801,79079.477,69005.5,59996.801,79079.477,4607.7998,5282.8901,6132.3799,4607.7998,5282.8901,6132.3799,4607.7998,5282.8901,6132.3799,4687.6802,5395.1699,6329.3198,4687.6802,5395.1699,6329.3198,4687.6802,5395.1699,6329.3198,636.25,725.59998,827.52002,636.25,725.59998,827.52002,636.25,725.59998,827.52002,641.08002,740.41998,858.90997,641.08002,740.41998,858.90997,641.08002,740.41998,858.90997,1686.89,1936.91,2233.7,1686.89,1936.91,2233.7,1686.89,1936.91,2233.7,1734.5601,1976.86,2314.77,1734.5601,1976.86,2314.77,1734.5601,1976.86,2314.77,181.71001,207.22,236.32001,181.71001,207.22,236.32001,181.71001,207.22,236.32001,183.08,211.46001,245.3,183.08,211.46001,245.3,183.08,211.46001,245.3,414230.16,467393.63,523471.28,414230.16,467393.63,523471.28,414230.16,467393.63,523471.28,413796.84,475986.88,545211.63,413796.84,475986.88,545211.63,413796.84,475986.88,545211.63,1.28,1.35,1.42,1.28,1.35,1.42,1.28,1.35,1.42,1.27,1.35,1.42,1.27,1.35,1.42,1.27,1.35,1.42,1.34,1.41,1.48,1.34,1.41,1.48,1.34,1.41,1.48,1.33,1.41,1.49,1.33,1.41,1.49,1.33,1.41,1.49,.18435396,.18044433,.18984568,.18435396,.18044433,.18984568,.18435396,.18044433,.18984568,.18478237,.18670996,.18996079,.18478237,.18670996,.18996079,.18478237,.18670996,.18996079,189.98169,68157.422,358.75784,44812.445,10239,10239,10239,109,109,109,217724,217724,217724,2628,2628,2628,4.1476407,4.1476407,4.1476407,167.9077,7854.3999,46.77808,5098.8105,,,,,,,,,,,,,,,,,,,,24.110092,21.264187,,,477.13898,568.74451,,,,,542.43481,397.48245,542.43481,397.48245,542.43481,397.48245,24.110092,21.264187,,,1,,2.3890648,2.3890648,2.3890648,1.1459633,1.1459633,1.1459633,1,,1,,47.279613,,,25.782166,25.782166,25.782166,1,,1,,2.3890646,2.3890646,2.3890646,.79077548,.79077548,.79077548,1,,1,,63.899342,,,14.781631,14.781631,14.781631,1,
27Jun2020,Iran,125,10364,250,625,20728,51820,2456,220180,4912,12280,440360,1100900,180661,2809,5.0895767,29155,134.69643,2528.6338,168.70255,6686.9453,39.637489,4954.686,,,,,,,,,,,,,,,,,,,,,,,,12148.29,13742.563,10822.555,3209.0251,3630.1597,2858.8262,1859.4928,2109.2866,1654.9742,660.24133,732.34821,599.6604,298.63309,,,24760.266,,,319.28851,319.28851,319.28851,24798.4,24798.4,24798.4,125,,,10364,,,133.64583,133.64583,133.64583,10379.962,10379.962,10379.962,31.615448,124153.26,105551.38,143216.58,14036573,16310140,11999520,298.63309,,,24760.266,,,319.28851,319.28851,319.28851,24798.4,24798.4,24798.4,31.615448,,,,,,,298.63309,,,24760.266,,,319.28851,319.28851,319.28851,24798.4,24798.4,24798.4,31.615448,,,,,,,.35425928,,,29.372347,,,.37876222,.37876222,.37876222,29.417583,29.417583,29.417583,.14828368,,,12.294497,,,.15853997,.15853997,.15853997,12.313431,12.313431,12.313431,2.9134777,147.27921,125.21238,169.89345,.24053584,,,,,,,,,366.98276,119074.13,324.4679,96896.852,8225.9805,7828,8691.4297,8225.9805,7828,8691.4297,8225.9805,7828,8691.4297,8306.8604,7786.3301,8931.3604,8306.8604,7786.3301,8931.3604,8306.8604,7786.3301,8931.3604,129.23,112.29,149.3,129.23,112.29,149.3,129.23,112.29,149.3,131.92999,115.54,155.07001,131.92999,115.54,155.07001,131.92999,115.54,155.07001,3289313.5,3133164,3495542.8,3289313.5,3133164,3495542.8,3289313.5,3133164,3495542.8,3329498.8,3091211.5,3567546,3329498.8,3091211.5,3567546,3329498.8,3091211.5,3567546,70997.406,63047.141,79810.117,70997.406,63047.141,79810.117,70997.406,63047.141,79810.117,72273.32,62736.891,82638.898,72273.32,62736.891,82638.898,72273.32,62736.891,82638.898,4804.77,5496.6699,6382.3198,4804.77,5496.6699,6382.3198,4804.77,5496.6699,6382.3198,4873.2598,5612.7598,6566.8599,4873.2598,5612.7598,6566.8599,4873.2598,5612.7598,6566.8599,669.35999,760.60999,860.79999,669.35999,760.60999,860.79999,669.35999,760.60999,860.79999,673.47998,775.78998,897.38,673.47998,775.78998,897.38,673.47998,775.78998,897.38,1754.3,2010.6,2321.1101,1754.3,2010.6,2321.1101,1754.3,2010.6,2321.1101,1797.08,2052.05,2398.6201,1797.08,2052.05,2398.6201,1797.08,2052.05,2398.6201,191.16,217.22,245.83,191.16,217.22,245.83,191.16,217.22,245.83,192.34,221.56,256.28,192.34,221.56,256.28,192.34,221.56,256.28,434954.31,489640.34,550379.56,434954.31,489640.34,550379.56,434954.31,489640.34,550379.56,432636.34,498413.16,569699.75,432636.34,498413.16,569699.75,432636.34,498413.16,569699.75,.87,.89999998,.93000001,.87,.89999998,.93000001,.87,.89999998,.93000001,.87,.89999998,.94,.87,.89999998,.94,.87,.89999998,.94,.91000003,.94,.97000003,.91000003,.94,.97000003,.91000003,.94,.97000003,.91000003,.94999999,.98000002,.91000003,.94999999,.98000002,.91000003,.94999999,.98000002,.18202072,.17810483,.18706901,.18202072,.17810483,.18706901,.18202072,.17810483,.18706901,.18254314,.18416597,.18764772,.18254314,.18416597,.18764772,.18254314,.18416597,.18764772,189.98169,68157.422,358.75784,46362.273,10364,10364,10364,125,125,125,220180,220180,220180,2456,2456,2456,5.0895767,5.0895767,5.0895767,167.9077,7854.3999,46.77808,5847.2598,,,,,,,,,,,,,,,,,,,,19.648001,21.244694,,,415.73846,566.89911,,,,,549.388,399.86887,549.388,399.86887,549.388,399.86887,19.648001,21.244694,,,1,,2.3890648,2.3890648,2.3890648,1.0338399,1.0338399,1.0338399,1,,1,,50.551003,,,28.90774,28.90774,28.90774,1,,1,,2.3890646,2.3890646,2.3890646,.79370713,.79370713,.79370713,1,,1,,63.750446,,,14.939202,14.939202,14.939202,1,
28Jun2020,Iran,144,10508,288,720,21016,52540,2489,222669,4978,12445,445338,1113345,183310,2649,5.7854562,28851,138.08035,2530.375,168.70255,6686.9453,39.637489,5707.7983,,,,,,,,,,,,,,,,,,,,,,,,12213.094,13812.397,10946.28,3285.0898,3715.2725,2944.3413,1868.7197,2124.0913,1653.2965,666.38239,740.39764,602.41498,344.0253,,,25104.291,,,327.07089,327.07089,327.07089,25125.471,25125.471,25125.471,144,,,10508,,,136.90332,136.90332,136.90332,10516.865,10516.865,10516.865,31.508806,123986.04,105288.05,142287.39,14160559,16452427,12104808,344.0253,,,25104.291,,,327.07089,327.07089,327.07089,25125.471,25125.471,25125.471,31.508806,,,,,,,344.0253,,,25104.291,,,327.07089,327.07089,327.07089,25125.471,25125.471,25125.471,31.508806,,,,,,,.40810671,,,29.780453,,,.3879942,.3879942,.3879942,29.805576,29.805576,29.805576,.1708228,,,12.465319,,,.16240422,.16240422,.16240422,12.475835,12.475835,12.475835,2.9526246,147.08086,124.89999,168.79118,.27747101,,,,,,,,,366.98276,119074.13,324.4679,111625.16,8359.9199,7955.8398,8833.5195,8359.9199,7955.8398,8833.5195,8359.9199,7955.8398,8833.5195,8443.6104,7907.5898,9069.8496,8443.6104,7907.5898,9069.8496,8443.6104,7907.5898,9069.8496,133.94,116.61,154.95,133.94,116.61,154.95,133.94,116.61,154.95,136.75,119.46,160.42999,136.75,119.46,160.42999,136.75,119.46,160.42999,3361600.5,3199886.3,3577542.3,3361600.5,3199886.3,3577542.3,3361600.5,3199886.3,3577542.3,3403071.3,3153805,3649825.8,3403071.3,3153805,3649825.8,3403071.3,3153805,3649825.8,72287.063,64341.781,81375.867,72287.063,64341.781,81375.867,72287.063,64341.781,81375.867,73572.727,63940.879,83930.273,73572.727,63940.879,83930.273,73572.727,63940.879,83930.273,5016.8599,5726.4199,6647.75,5016.8599,5726.4199,6647.75,5016.8599,5726.4199,6647.75,5075.3301,5846.2798,6819.0298,5075.3301,5846.2798,6819.0298,5075.3301,5846.2798,6819.0298,702.19,796.84998,895.15997,702.19,796.84998,895.15997,702.19,796.84998,895.15997,707.14001,812.38,936.96002,707.14001,812.38,936.96002,707.14001,812.38,936.96002,1826.9,2089.74,2413.96,1826.9,2089.74,2413.96,1826.9,2089.74,2413.96,1865.1899,2132.6699,2487.4399,1865.1899,2132.6699,2487.4399,1865.1899,2132.6699,2487.4399,200.53999,227.58,255.64,200.53999,227.58,255.64,200.53999,227.58,255.64,201.96001,232.00999,267.59,201.96001,232.00999,267.59,201.96001,232.00999,267.59,430352.78,483331.81,542884.13,430352.78,483331.81,542884.13,430352.78,483331.81,542884.13,428907.19,492070.81,560569.06,428907.19,492070.81,560569.06,428907.19,492070.81,560569.06,.87,.89999998,.93000001,.87,.89999998,.93000001,.87,.89999998,.93000001,.87,.89999998,.94,.87,.89999998,.94,.87,.89999998,.94,.91000003,.94,.97000003,.91000003,.94,.97000003,.91000003,.94,.97000003,.91000003,.94999999,.98000002,.91000003,.94999999,.98000002,.91000003,.94999999,.98000002,.18528904,.18123527,.19041272,.18528904,.18123527,.19041272,.18528904,.18123527,.19041272,.18587051,.18682884,.19114675,.18587051,.18682884,.19114675,.18587051,.18682884,.19114675,189.98169,68157.422,358.75784,48052.027,10508,10508,10508,144,144,144,222669,222669,222669,2489,2489,2489,5.7854562,5.7854562,5.7854562,167.9077,7854.3999,46.77808,6736.0435,,,,,,,,,,,,,,,,,,,,17.284721,21.190426,,,360.39804,564.06927,,,,,539.69733,402.10916,539.69733,402.10916,539.69733,402.10916,17.284721,21.190426,,,1,,2.3890646,2.3890646,2.3890646,.93013889,.93013889,.93013889,1,,1,,49.813595,,,29.042612,29.042612,29.042612,1,,1,,2.3890646,2.3890646,2.3890646,.79557669,.79557669,.79557669,1,,1,,63.594658,,,15.09685,15.09685,15.09685,1,
29Jun2020,Iran,162,10670,324,810,21340,53350,2536,225205,5072,12680,450410,1126025,186180,2870,6.3880124,28355,141.42857,2531.625,168.70255,6686.9453,39.637489,6421.2734,,,,,,,,,,,,,,,,,,,,,,,,12274.498,13889.578,11010.013,3412.2827,3861.2712,3060.7583,1876.9435,2137.3271,1644.3793,672.39856,748.16394,603.7796,387.02847,,,25491.32,,,335.34662,335.34662,335.34662,25460.816,25460.816,25460.816,162,,,10670,,,140.36732,140.36732,140.36732,10657.232,10657.232,10657.232,31.353224,123750.22,105032.39,141462.84,14284309,16593890,12209840,387.02847,,,25491.32,,,335.34662,335.34662,335.34662,25460.816,25460.816,25460.816,31.353224,,,,,,,387.02847,,,25491.32,,,335.34662,335.34662,335.34662,25460.816,25460.816,25460.816,31.353224,,,,,,,.45912004,,,30.239573,,,.39781144,.39781144,.39781144,30.203388,30.203388,30.203388,.19217564,,,12.657495,,,.16651347,.16651347,.16651347,12.642349,12.642349,12.642349,3.0083792,146.8011,124.59671,167.81303,.31274971,,,,,,,,,366.98276,119074.13,324.4679,125578.31,8498.9697,8088.6099,8980.8203,8498.9697,8088.6099,8980.8203,8498.9697,8088.6099,8980.8203,8585.5703,8033.52,9213.3604,8585.5703,8033.52,9213.3604,8585.5703,8033.52,9213.3604,139.05,121.3,161,139.05,121.3,161,139.05,121.3,161,141.96001,123.8,166.21001,141.96001,123.8,166.21001,141.96001,123.8,166.21001,3432966,3263953,3658506,3432966,3263953,3658506,3432966,3263953,3658506,3475718.5,3215964.8,3732027.3,3475718.5,3215964.8,3732027.3,3475718.5,3215964.8,3732027.3,71365.531,63609.828,80288.148,71365.531,63609.828,80288.148,71365.531,63609.828,80288.148,72647.078,63402.301,82584.133,72647.078,63402.301,82584.133,72647.078,63402.301,82584.133,5242.4702,5970.2402,6910.6499,5242.4702,5970.2402,6910.6499,5242.4702,5970.2402,6910.6499,5292.2002,6093.7998,7083.54,5292.2002,6093.7998,7083.54,5292.2002,6093.7998,7083.54,734.01001,830.78003,928.81,734.01001,830.78003,928.81,734.01001,830.78003,928.81,737.59003,846.64001,973.45001,737.59003,846.64001,973.45001,737.59003,846.64001,973.45001,1904.3,2173.8701,2511.71,1904.3,2173.8701,2511.71,1904.3,2173.8701,2511.71,1938.5,2218.27,2580.6899,1938.5,2218.27,2580.6899,1938.5,2218.27,2580.6899,209.63,237.27,265.26999,209.63,237.27,265.26999,209.63,237.27,265.26999,210.66,241.8,278.01001,210.66,241.8,278.01001,210.66,241.8,278.01001,425235.94,476706.75,535060.63,425235.94,476706.75,535060.63,425235.94,476706.75,535060.63,424982.38,485426.66,551042,424982.38,485426.66,551042,424982.38,485426.66,551042,.86000001,.89999998,.93000001,.86000001,.89999998,.93000001,.86000001,.89999998,.93000001,.87,.89999998,.94,.87,.89999998,.94,.87,.89999998,.94,.91000003,.94,.97000003,.91000003,.94,.97000003,.91000003,.94,.97000003,.91000003,.94999999,.98000002,.91000003,.94999999,.98000002,.91000003,.94999999,.98000002,.19484197,.19069381,.20052773,.19484197,.19069381,.20052773,.19484197,.19069381,.20052773,.19541049,.19526106,.20126143,.19541049,.19526106,.20126143,.19541049,.19526106,.20126143,189.98169,68157.422,358.75784,49885.277,10670,10670,10670,162,162,162,225205,225205,225205,2536,2536,2536,6.3880124,6.3880124,6.3880124,167.9077,7854.3999,46.77808,7578.0488,,,,,,,,,,,,,,,,,,,,15.654321,21.106373,,,319.74448,560.35974,,,,,513.23645,403.92731,513.23645,403.92731,513.23645,403.92731,15.654321,21.106373,,,1,,2.3890646,2.3890646,2.3890646,.85833335,.85833335,.85833335,1,,1,,48.797405,,,28.140982,28.140982,28.140982,1,,1,,2.3890648,2.3890648,2.3890648,.79652947,.79652947,.79652947,1,,1,,63.428028,,,15.243738,15.243738,15.243738,1,
30Jun2020,Iran,147,10817,294,735,21634,54085,2457,227662,4914,12285,455324,1138310,188758,2578,5.9829059,28087,144.72322,2533.1338,168.70255,6686.9453,39.637489,5826.7109,,,,,,,,,,,,,,,,,,,,,,,,12332.487,13958.796,11046.428,3537.8528,4004.3962,3168.9177,1884.131,2148.9302,1644.1744,678.27734,755.62231,607.61829,351.1925,,,25842.512,,,344.13391,344.13391,344.13391,25804.951,25804.951,25804.951,147,,,10817,,,144.04546,144.04546,144.04546,10801.277,10801.277,10801.277,31.169992,123447.23,104928.61,141025.67,14407756,16734916,12314769,351.1925,,,25842.512,,,344.13391,344.13391,344.13391,25804.951,25804.951,25804.951,31.169992,,,,,,,351.1925,,,25842.512,,,344.13391,344.13391,344.13391,25804.951,25804.951,25804.951,31.169992,,,,,,,.41660893,,,30.656181,,,.40823555,.40823555,.40823555,30.611624,30.611624,30.611624,.1743816,,,12.831877,,,.17087673,.17087673,.17087673,12.813226,12.813226,12.813226,2.914664,146.44168,124.4736,167.29443,.28448796,,,,,,,,,366.98276,119074.13,324.4679,113950.7,8643.5098,8226.6504,9133.6699,8643.5098,8226.6504,9133.6699,8643.5098,8226.6504,9133.6699,8733.1201,8170.0298,9362.3301,8733.1201,8170.0298,9362.3301,8733.1201,8170.0298,9362.3301,144.53999,126.35,167.42,144.53999,126.35,167.42,144.53999,126.35,167.42,147.55,128.53,172.34,147.55,128.53,172.34,147.55,128.53,172.34,3502773.3,3326698.5,3737141,3502773.3,3326698.5,3737141,3502773.3,3326698.5,3737141,3546799.5,3277191.8,3811992.8,3546799.5,3277191.8,3811992.8,3546799.5,3277191.8,3811992.8,69807.172,62316.59,78434.922,69807.172,62316.59,78434.922,69807.172,62316.59,78434.922,71081.047,62364.609,80478.508,71081.047,62364.609,80478.508,71081.047,62364.609,80478.508,5469.9502,6221.8599,7152.5801,5469.9502,6221.8599,7152.5801,5469.9502,6221.8599,7152.5801,5518.46,6349,7359.8701,5518.46,6349,7359.8701,5518.46,6349,7359.8701,759.69,857.90997,959.26001,759.69,857.90997,959.26001,759.69,857.90997,959.26001,761.32001,874.03003,1001.54,761.32001,874.03003,1001.54,761.32001,874.03003,1001.54,1985.03,2261.28,2612.27,1985.03,2261.28,2612.27,1985.03,2261.28,2612.27,2015.5699,2307.1101,2676.3101,2015.5699,2307.1101,2676.3101,2015.5699,2307.1101,2676.3101,216.97,245.02,273.95999,216.97,245.02,273.95999,216.97,245.02,273.95999,217.44,249.63,286.04001,217.44,249.63,286.04001,217.44,249.63,286.04001,419769.78,469930.31,527041.94,419769.78,469930.31,527041.94,419769.78,469930.31,527041.94,420951.5,478629.94,541323.81,420951.5,478629.94,541323.81,420951.5,478629.94,541323.81,.86000001,.89999998,.92000002,.86000001,.89999998,.92000002,.86000001,.89999998,.92000002,.87,.89999998,.94,.87,.89999998,.94,.87,.89999998,.94,.91000003,.94,.97000003,.91000003,.94,.97000003,.91000003,.94,.97000003,.91000003,.94999999,.98000002,.91000003,.94999999,.98000002,.91000003,.94999999,.98000002,.20705608,.20275499,.21345083,.20705608,.20275499,.21345083,.20705608,.20275499,.21345083,.20757996,.20609444,.21414413,.20757996,.20609444,.21414413,.20757996,.20609444,.21414413,189.98169,68157.422,358.75784,51854.855,10817,10817,10817,147,147,147,227662,227662,227662,2457,2457,2457,5.9829059,5.9829059,5.9829059,167.9077,7854.3999,46.77808,6876.3779,,,,,,,,,,,,,,,,,,,,16.714285,21.046686,,,351.50873,557.52148,,,,,482.96094,405.24896,482.96094,405.24896,482.96094,405.24896,16.714285,21.046686,,,1,,2.3890646,2.3890646,2.3890646,.98326528,.98326528,.98326528,1,,1,,50.243076,,,28.411547,28.411547,28.411547,1,,1,,2.3890646,2.3890646,2.3890646,.7990672,.7990672,.7990672,1,,1,,63.285732,,,15.385849,15.385849,15.385849,1,
01Jul2020,Iran,141,10958,282,705,21916,54790,2549,230211,5098,12745,460422,1151055,191487,2729,5.5315809,27766,148.01785,2537.2856,168.70255,6686.9453,39.637489,5588.8862,,,,,,,,,,,,,,,,,,,,,,,,12386.905,14022.428,11039.073,3623.8755,4102.3589,3229.5579,1890.257,2159.4111,1649.5659,683.91339,762.94104,611.25696,336.85812,,,26179.371,,,353.36478,353.36478,353.36478,26158.316,26158.316,26158.316,141,,,10958,,,147.90926,147.90926,147.90926,10949.187,10949.187,10949.187,30.98074,123078.96,104808.82,140465.63,14530835,16875382,12419577,336.85812,,,26179.371,,,353.36478,353.36478,353.36478,26158.316,26158.316,26158.316,30.98074,,,,,,,336.85812,,,26179.371,,,353.36478,353.36478,353.36478,26158.316,26158.316,26158.316,30.98074,,,,,,,.39960447,,,31.055786,,,.41918582,.41918582,.41918582,31.030809,31.030809,31.030809,.16726398,,,12.999141,,,.17546022,.17546022,.17546022,12.988686,12.988686,12.988686,3.0238008,146.00481,124.3315,166.63007,.2736927,,,,,,,,,366.98276,119074.13,324.4679,109299.65,8793.8496,8370.2598,9295.1504,8793.8496,8370.2598,9295.1504,8793.8496,8370.2598,9295.1504,8886.5703,8315.0098,9527.0801,8886.5703,8315.0098,9527.0801,8886.5703,8315.0098,9527.0801,150.35001,131.71001,174.14,150.35001,131.71001,174.14,150.35001,131.71001,174.14,153.46001,133.61,178.74001,153.46001,133.61,178.74001,153.46001,133.61,178.74001,3571001.8,3388144.5,3813430.5,3571001.8,3388144.5,3813430.5,3571001.8,3388144.5,3813430.5,3616294.5,3337469.5,3889695.8,3616294.5,3337469.5,3889695.8,3616294.5,3337469.5,3889695.8,68228.578,61006.27,76556.117,68228.578,61006.27,76556.117,68228.578,61006.27,76556.117,69494.898,61311.18,78351.719,69494.898,61311.18,78351.719,69494.898,61311.18,78351.719,5695.3701,6471.9199,7389.75,5695.3701,6471.9199,7389.75,5695.3701,6471.9199,7389.75,5746.1099,6602.48,7638.7798,5746.1099,6602.48,7638.7798,5746.1099,6602.48,7638.7798,777.64001,876.19,980.53003,777.64001,876.19,980.53003,777.64001,876.19,980.53003,778.10999,892.51001,1019.18,778.10999,892.51001,1019.18,778.10999,892.51001,1019.18,2066.78,2349.3301,2698.9399,2066.78,2349.3301,2698.9399,2066.78,2349.3301,2698.9399,2094.1399,2396.54,2771.22,2094.1399,2396.54,2771.22,2094.1399,2396.54,2771.22,222.10001,250.24001,280.04999,222.10001,250.24001,280.04999,222.10001,250.24001,280.04999,222.23,254.89999,291.07999,222.23,254.89999,291.07999,222.23,254.89999,291.07999,414247.94,463091.06,518940.94,414247.94,463091.06,518940.94,414247.94,463091.06,518940.94,416858.13,471768.53,531547.75,416858.13,471768.53,531547.75,416858.13,471768.53,531547.75,.86000001,.89999998,.92000002,.86000001,.89999998,.92000002,.86000001,.89999998,.92000002,.86000001,.89999998,.94,.86000001,.89999998,.94,.86000001,.89999998,.94,.91000003,.94,.97000003,.91000003,.94,.97000003,.91000003,.94,.97000003,.91000003,.94999999,.98000002,.91000003,.94999999,.98000002,.91000003,.94999999,.98000002,.22036222,.21589586,.22746712,.22036222,.21589586,.22746712,.22036222,.21589586,.22746712,.22082198,.21792111,.22812518,.22082198,.21792111,.22812518,.22082198,.21792111,.22812518,189.98169,68157.422,358.75784,53939.242,10958,10958,10958,141,141,141,230211,230211,230211,2549,2549,2549,5.5315809,5.5315809,5.5315809,167.9077,7854.3999,46.77808,6595.7095,,,,,,,,,,,,,,,,,,,,18.078014,21.008488,,,365.37329,555.04907,,,,,453.79831,406.07947,453.79831,406.07947,453.79831,406.07947,18.078014,21.008488,,,1,,2.3890648,2.3890648,2.3890648,1.0663121,1.0663121,1.0663121,1,,1,,48.285194,,,26.766802,26.766802,26.766802,1,,1,,2.3890648,2.3890648,2.3890648,.80250496,.80250496,.80250496,1,,1,,63.119637,,,15.511864,15.511864,15.511864,1,
02Jul2020,Iran,148,11106,296,740,22212,55530,2652,232863,5304,13260,465726,1164315,194098,2611,5.5806937,27659,151.24107,2545.5803,168.70255,6686.9453,39.637489,5866.3486,,,,,,,,,,,,,,,,,,,,,,,,12437.481,14114.109,11106.307,3713.2029,4213.7593,3315.7813,1895.3047,2169.5103,1644.5773,689.13806,769.93433,613.24164,353.58157,,,26532.951,,,362.90915,362.90915,362.90915,26521.225,26521.225,26521.225,148,,,11106,,,151.90428,151.90428,151.90428,11101.091,11101.091,11101.091,30.803375,122647.56,104602.4,139941.39,14653483,17015322,12524180,353.58157,,,26532.951,,,362.90915,362.90915,362.90915,26521.225,26521.225,26521.225,30.803375,,,,,,,353.58157,,,26532.951,,,362.90915,362.90915,362.90915,26521.225,26521.225,26521.225,30.803375,,,,,,,.41944301,,,31.475229,,,.43050802,.43050802,.43050802,31.461317,31.461317,31.461317,.17556788,,,13.174708,,,.1801994,.1801994,.1801994,13.168885,13.168885,13.168885,3.1459866,145.49306,124.08663,166.00819,.28829074,,,,,,,,,366.98276,119074.13,324.4679,114725.87,8950.21,8519.6201,9463.3496,8950.21,8519.6201,9463.3496,8950.21,8519.6201,9463.3496,9046.1396,8462.1104,9698.4805,9046.1396,8462.1104,9698.4805,9046.1396,8462.1104,9698.4805,156.36,137.28999,180.77,156.36,137.28999,180.77,156.36,137.28999,180.77,159.57001,138.94,185.28,159.57001,138.94,185.28,159.57001,138.94,185.28,3637805,3448424.8,3887573.5,3637805,3448424.8,3887573.5,3637805,3448424.8,3887573.5,3684357.5,3396914.3,3965329,3684357.5,3396914.3,3965329,3684357.5,3396914.3,3965329,66803.281,59828.891,74578.258,66803.281,59828.891,74578.258,66803.281,59828.891,74578.258,68062.992,60300.219,76476.844,68062.992,60300.219,76476.844,68062.992,60300.219,76476.844,5909.0498,6710.79,7620.3398,5909.0498,6710.79,7620.3398,5909.0498,6710.79,7620.3398,5966.8701,6844.5298,7901.1899,5966.8701,6844.5298,7901.1899,5966.8701,6844.5298,7901.1899,788.06,885.87,992.40002,788.06,885.87,992.40002,788.06,885.87,992.40002,788.15997,902.31,1027.85,788.15997,902.31,1027.85,788.15997,902.31,1027.85,2147.1001,2435.22,2781.6399,2147.1001,2435.22,2781.6399,2147.1001,2435.22,2781.6399,2171.8301,2483.75,2866.29,2171.8301,2483.75,2866.29,2171.8301,2483.75,2866.29,225.08,253.00999,283.44,225.08,253.00999,283.44,225.08,253.00999,283.44,225.10001,257.70001,293.54999,225.10001,257.70001,293.54999,225.10001,257.70001,293.54999,408711.19,456242.53,509011.59,408711.19,456242.53,509011.59,408711.19,456242.53,509011.59,412198.28,464895.5,522126.63,412198.28,464895.5,522126.63,412198.28,464895.5,522126.63,.86000001,.89999998,.92000002,.86000001,.89999998,.92000002,.86000001,.89999998,.92000002,.86000001,.89999998,.94,.86000001,.89999998,.94,.86000001,.89999998,.94,.91000003,.94,.97000003,.91000003,.94,.97000003,.91000003,.94,.97000003,.91000003,.94999999,.98000002,.91000003,.94999999,.98000002,.91000003,.94999999,.98000002,.23406036,.22947107,.24238968,.23406036,.22947107,.24238968,.23406036,.22947107,.24238968,.2344446,.23041376,.24226941,.2344446,.23041376,.24226941,.2344446,.23041376,.24226941,189.98169,68157.422,358.75784,56095.375,11106,11106,11106,148,148,148,232863,232863,232863,2652,2652,2652,5.5806937,5.5806937,5.5806937,167.9077,7854.3999,46.77808,6923.1558,,,,,,,,,,,,,,,,,,,,17.918919,20.967316,,,346.87204,552.2749,,,,,427.24023,406.44913,427.24023,406.44913,427.24023,406.44913,17.918919,20.967316,,,1,,2.3890648,2.3890648,2.3890648,1.0564865,1.0564865,1.0564865,1,,1,,46.247196,,,25.189774,25.189774,25.189774,1,,1,,2.3890646,2.3890646,2.3890646,.80588961,.80588961,.80588961,1,,1,,62.927486,,,15.622083,15.622083,15.622083,1,
03Jul2020,Iran,154,11260,308,770,22520,56300,2566,235429,5132,12830,470858,1177145,196446,2348,6.0015588,27723,154.77678,2551.7947,168.70255,6686.9453,39.637489,6104.1733,,,,,,,,,,,,,,,,,,,,,,,,12483.813,14213.564,11150.299,3763.2258,4284.6563,3361.2397,1899.2625,2177.4941,1639.7202,693.77618,776.01947,615.08051,367.91595,,,26900.867,,,372.621,372.621,372.621,26893.846,26893.846,26893.846,154,,,11260,,,155.96941,155.96941,155.96941,11257.061,11257.061,11257.061,30.649725,122155.18,104364.72,139095.63,14775638,17154418,12628545,367.91595,,,26900.867,,,372.621,372.621,372.621,26893.846,26893.846,26893.846,30.649725,,,,,,,367.91595,,,26900.867,,,372.621,372.621,372.621,26893.846,26893.846,26893.846,30.649725,,,,,,,.43644744,,,31.911676,,,.44202891,.44202891,.44202891,31.903347,31.903347,31.903347,.18268549,,,13.357393,,,.18502174,.18502174,.18502174,13.353907,13.353907,13.353907,3.0439672,144.90895,123.80467,165.00488,.30118737,,,,,,,,,366.98276,119074.13,324.4679,119376.91,9112.6504,8674.7598,9637.6299,9112.6504,8674.7598,9637.6299,9112.6504,8674.7598,9637.6299,9211.8799,8614.2695,9876.3701,9211.8799,8614.2695,9876.3701,9211.8799,8614.2695,9876.3701,162.42999,142.94,186.64999,162.42999,142.94,186.64999,162.42999,142.94,186.64999,165.73,144.38,191.86,165.73,144.38,191.86,165.73,144.38,191.86,3703339.3,3507674.8,3959776,3703339.3,3507674.8,3959776,3703339.3,3507674.8,3959776,3751145.3,3455641,4039092.3,3751145.3,3455641,4039092.3,3751145.3,3455641,4039092.3,65534.031,58785.941,72630.219,65534.031,58785.941,72630.219,65534.031,58785.941,72630.219,66787.867,59367.441,74964.852,66787.867,59367.441,74964.852,66787.867,59367.441,74964.852,6114.2202,6930.4502,7829.04,6114.2202,6930.4502,7829.04,6114.2202,6930.4502,7829.04,6173.8301,7067.1201,8137.7798,6173.8301,7067.1201,8137.7798,6173.8301,7067.1201,8137.7798,792.21002,888.41998,995.69,792.21002,888.41998,995.69,792.21002,888.41998,995.69,792.59003,904.92999,1027.9301,792.59003,904.92999,1027.9301,792.59003,904.92999,1027.9301,2223.8101,2516.55,2861.0601,2223.8101,2516.55,2861.0601,2223.8101,2516.55,2861.0601,2246.5901,2566.3201,2956.1699,2246.5901,2566.3201,2956.1699,2246.5901,2566.3201,2956.1699,226.25999,253.73,284.38,226.25999,253.73,284.38,226.25999,253.73,284.38,226.37,258.45001,293.57001,226.37,258.45001,293.57001,226.37,258.45001,293.57001,403179.31,449411.47,498051.25,403179.31,449411.47,498051.25,403179.31,449411.47,498051.25,407268.63,458037.38,513886.72,407268.63,458037.38,513886.72,407268.63,458037.38,513886.72,.86000001,.89999998,.92000002,.86000001,.89999998,.92000002,.86000001,.89999998,.92000002,.86000001,.89999998,.93000001,.86000001,.89999998,.93000001,.86000001,.89999998,.93000001,.91000003,.94,.97000003,.91000003,.94,.97000003,.91000003,.94,.97000003,.91000003,.94999999,.98000002,.91000003,.94999999,.98000002,.91000003,.94999999,.98000002,.24785595,.24315338,.25698668,.24785595,.24315338,.25698668,.24785595,.24315338,.25698668,.24814387,.24319728,.25593328,.24814387,.24319728,.25593328,.24814387,.24319728,.25593328,189.98169,68157.422,358.75784,58273.035,11260,11260,11260,154,154,154,235429,235429,235429,2566,2566,2566,6.0015588,6.0015588,6.0015588,167.9077,7854.3999,46.77808,7203.8242,,,,,,,,,,,,,,,,,,,,16.662338,20.908438,,,332.01926,549.26251,,,,,403.46017,406.39542,403.46017,406.39542,403.46017,406.39542,16.662338,20.908438,,,1,,2.3890646,2.3890646,2.3890646,1.0547402,1.0547402,1.0547402,1,,1,,47.605293,,,25.539373,25.539373,25.539373,1,,1,,2.3890646,2.3890646,2.3890646,.80929399,.80929399,.80929399,1,,1,,62.760483,,,15.730174,15.730174,15.730174,1,
04Jul2020,Iran,148,11408,296,740,22816,57040,2449,237878,4898,12245,475756,1189390,198949,2503,6.043283,27521,158.67857,2552.3481,168.70255,6686.9453,39.637489,5866.3486,,,,,,,,,,,,,,,,,,,,,,,,12525.324,14304.769,11172.007,3724.4346,4253.5562,3322.0222,1902.124,2188.0396,1635.0111,697.70917,783.00439,616.67896,353.58157,,,27254.449,,,382.33801,382.33801,382.33801,27276.184,27276.184,27276.184,148,,,11408,,,160.0367,160.0367,160.0367,11417.098,11417.098,11417.098,30.524881,121604.09,103926.24,138037.8,14897242,17292456,12732471,353.58157,,,27254.449,,,382.33801,382.33801,382.33801,27276.184,27276.184,27276.184,30.524881,,,,,,,353.58157,,,27254.449,,,382.33801,382.33801,382.33801,27276.184,27276.184,27276.184,30.524881,,,,,,,.41944301,,,32.33112,,,.45355591,.45355591,.45355591,32.356903,32.356903,32.356903,.17556788,,,13.532962,,,.18984665,.18984665,.18984665,13.543754,13.543754,13.543754,2.9051738,144.2552,123.28452,163.75002,.29076454,,,,,,,,,366.98276,119074.13,324.4679,114725.87,9281.0303,8835.5996,9817.8203,9281.0303,8835.5996,9817.8203,9281.0303,8835.5996,9817.8203,9383.6602,8772.8301,10060.62,9383.6602,8772.8301,10060.62,9383.6602,8772.8301,10060.62,168.39,148.39,192.34,168.39,148.39,192.34,168.39,148.39,192.34,171.78,149.8,198.50999,171.78,149.8,198.50999,171.78,149.8,198.50999,3767716.3,3565991.3,4030193,3767716.3,3565991.3,4030193,3767716.3,3565991.3,4030193,3816770.8,3513728.8,4111134,3816770.8,3513728.8,4111134,3816770.8,3513728.8,4111134,64377.23,57768.602,70840.594,64377.23,57768.602,70840.594,64377.23,57768.602,70840.594,65625.547,58514.352,73695.328,65625.547,58514.352,73695.328,65625.547,58514.352,73695.328,6297.1699,7125.3599,8010.4902,6297.1699,7125.3599,8010.4902,6297.1699,7125.3599,8010.4902,6358.6602,7264.6499,8342.21,6358.6602,7264.6499,8342.21,6358.6602,7264.6499,8342.21,790.72998,885.59998,992.54999,790.72998,885.59998,992.54999,790.72998,885.59998,992.54999,792.81,902.14001,1021.59,792.81,902.14001,1021.59,792.81,902.14001,1021.59,2290.05,2591.55,2933.3101,2290.05,2591.55,2933.3101,2290.05,2591.55,2933.3101,2316.04,2642.46,3037.45,2316.04,2642.46,3037.45,2316.04,2642.46,3037.45,225.83,252.92999,283.48001,225.83,252.92999,283.48001,225.83,252.92999,283.48001,226.42999,257.64999,291.76001,226.42999,257.64999,291.76001,226.42999,257.64999,291.76001,397402.97,442608.88,487232.81,397402.97,442608.88,487232.81,397402.97,442608.88,487232.81,402336.41,451205.13,506490.56,402336.41,451205.13,506490.56,402336.41,451205.13,506490.56,.86000001,.88999999,.92000002,.86000001,.88999999,.92000002,.86000001,.88999999,.92000002,.86000001,.89999998,.93000001,.86000001,.89999998,.93000001,.86000001,.89999998,.93000001,.91000003,.94,.97000003,.91000003,.94,.97000003,.91000003,.94,.97000003,.91000003,.94999999,.98000002,.91000003,.94999999,.98000002,.91000003,.94999999,.98000002,.26156762,.25686964,.27151099,.26156762,.25686964,.27151099,.26156762,.25686964,.27151099,.26175782,.25600559,.26936579,.26175782,.25600559,.26936579,.26175782,.25600559,.26936579,189.98169,68157.422,358.75784,60411.234,11408,11408,11408,148,148,148,237878,237878,237878,2449,2449,2449,6.043283,6.043283,6.043283,167.9077,7854.3999,46.77808,6923.1558,,,,,,,,,,,,,,,,,,,,16.547297,20.851858,,,343.92087,546.59851,,,,,382.3103,405.95883,382.3103,405.95883,382.3103,405.95883,16.547297,20.851858,,,1,,2.3890648,2.3890648,2.3890648,1.1377703,1.1377703,1.1377703,1,,1,,49.654587,,,26.287149,26.287149,26.287149,1,,1,,2.3890646,2.3890646,2.3890646,.81355453,.81355453,.81355453,1,,1,,62.625557,,,15.83886,15.83886,15.83886,1,
05Jul2020,Iran,163,11571,326,815,23142,57855,2560,240438,5120,12800,480876,1202190,201330,2381,6.3671875,27537,162.75893,2543.0088,168.70255,6686.9453,39.637489,6460.9106,,,,,,,,,,,,,,,,,,,,,,,,12561.233,14386.679,11139.954,3709.4949,4248.5728,3289.7727,1903.8883,2199.8882,1630.4463,700.85498,789.31635,617.96625,389.41754,,,27643.867,,,391.8811,391.8811,391.8811,27668.064,27668.064,27668.064,163,,,11571,,,164.03119,164.03119,164.03119,11581.129,11581.129,11581.129,30.428041,120997.06,103602.87,136928.83,15018239,17429386,12836074,389.41754,,,27643.867,,,391.8811,391.8811,391.8811,27668.064,27668.064,27668.064,30.428041,,,,,,,389.41754,,,27643.867,,,391.8811,391.8811,391.8811,27668.064,27668.064,27668.064,30.428041,,,,,,,.46195412,,,32.793076,,,.46487656,.46487656,.46487656,32.821781,32.821781,32.821781,.19336192,,,13.726323,,,.19458517,.19458517,.19458517,13.738338,13.738338,13.738338,3.0368497,143.53513,122.90092,162.43449,.32184049,,,,,,,,,366.98276,119074.13,324.4679,126353.49,9455.1104,9001.8701,10003.58,9455.1104,9001.8701,10003.58,9455.1104,9001.8701,10003.58,9561.2002,8937.5703,10263.54,9561.2002,8937.5703,10263.54,9561.2002,8937.5703,10263.54,174.07001,153.48,197.86,174.07001,153.48,197.86,174.07001,153.48,197.86,177.55,155.06,204.75999,177.55,155.06,204.75999,177.55,155.06,204.75999,3831006.5,3623432.5,4098927.8,3831006.5,3623432.5,4098927.8,3831006.5,3623432.5,4098927.8,3881304,3571223.5,4181552.8,3881304,3571223.5,4181552.8,3881304,3571223.5,4181552.8,63290.262,56783.539,69187.547,63290.262,56783.539,69187.547,63290.262,56783.539,69187.547,64533.102,57713.859,72502.992,64533.102,57713.859,72502.992,64533.102,57713.859,72502.992,6458.2598,7292.3501,8161.7798,6458.2598,7292.3501,8161.7798,6458.2598,7292.3501,8161.7798,6511.1299,7433.96,8511.0195,6511.1299,7433.96,8511.0195,6511.1299,7433.96,8511.0195,785.82001,879.03998,984.90002,785.82001,879.03998,984.90002,785.82001,879.03998,984.90002,790.04999,895.58002,1010.76,790.04999,895.58002,1010.76,790.04999,895.58002,1010.76,2353.72,2659.04,2997.1699,2353.72,2659.04,2997.1699,2353.72,2659.04,2997.1699,2376.9299,2711,3108.8501,2376.9299,2711,3108.8501,2376.9299,2711,3108.8501,224.42999,251.05,281.29001,224.42999,251.05,281.29001,224.42999,251.05,281.29001,225.63,255.77,288.66,225.63,255.77,288.66,225.63,255.77,288.66,391221.88,435838.47,476660.09,391221.88,435838.47,476660.09,391221.88,435838.47,476660.09,397403.63,444402.47,499107.44,397403.63,444402.47,499107.44,397403.63,444402.47,499107.44,.86000001,.88999999,.92000002,.86000001,.88999999,.92000002,.86000001,.88999999,.92000002,.86000001,.89999998,.93000001,.86000001,.89999998,.93000001,.86000001,.89999998,.93000001,.91000003,.94,.97000003,.91000003,.94,.97000003,.91000003,.94,.97000003,.91000003,.94999999,.98000002,.91000003,.94999999,.98000002,.91000003,.94999999,.98000002,.27503443,.2702896,.28597632,.27503443,.2702896,.28597632,.27503443,.2702896,.28597632,.27513012,.26867029,.28241593,.27513012,.26867029,.28241593,.27513012,.26867029,.28241593,189.98169,68157.422,358.75784,62448.98,11571,11571,11571,163,163,163,240438,240438,240438,2560,2560,2560,6.3671875,6.3671875,6.3671875,167.9077,7854.3999,46.77808,7624.8271,,,,,,,,,,,,,,,,,,,,15.705522,20.779362,,,310.71292,543.27563,,,,,363.59085,405.17841,363.59085,405.17841,363.59085,405.17841,15.705522,20.779362,,,1,,2.3890648,2.3890648,2.3890648,1.0679141,1.0679141,1.0679141,1,,1,,47.264477,,,24.722759,24.722759,24.722759,1,,1,,2.3890646,2.3890646,2.3890646,.81713855,.81713855,.81713855,1,,1,,62.462002,,,15.933449,15.933449,15.933449,1,
06Jul2020,Iran,160,11731,320,800,23462,58655,2613,243051,5226,13065,486102,1215255,204083,2753,6.12323,27237,167.28572,2517.8394,168.70255,6686.9453,39.637489,6341.998,,,,,,,,,,,,,,,,,,,,,,,,12590.555,14458.899,11104.382,3631.2751,4170.1294,3202.644,1904.5585,2209.5605,1626.0217,703.13141,794.36163,618.85712,382.25034,,,28026.117,,,401.05493,401.05493,401.05493,28069.119,28069.119,28069.119,160,,,11731,,,167.87111,167.87111,167.87111,11749,11749,11749,30.354481,120337.61,102997.95,136084.17,15138577,17565470,12939072,382.25034,,,28026.117,,,401.05493,401.05493,401.05493,28069.119,28069.119,28069.119,30.354481,,,,,,,382.25034,,,28026.117,,,401.05493,401.05493,401.05493,28069.119,28069.119,28069.119,30.354481,,,,,,,.4534519,,,33.246525,,,.47575921,.47575921,.47575921,33.297539,33.297539,33.297539,.18980311,,,13.916126,,,.19914035,.19914035,.19914035,13.937479,13.937479,13.937479,3.0997219,142.75282,122.18333,161.4325,.31764826,,,,,,,,,366.98276,119074.13,324.4679,124027.96,9634.46,9173.21,10194.44,9634.46,9173.21,10194.44,9634.46,9173.21,10194.44,9744.1104,9108.1201,10460.91,9744.1104,9108.1201,10460.91,9744.1104,9108.1201,10460.91,179.35001,158.31,202.89999,179.35001,158.31,202.89999,179.35001,158.31,202.89999,182.89999,160.03,210.45,182.89999,160.03,210.45,182.89999,160.03,210.45,3893250.3,3680031.5,4166048.3,3893250.3,3680031.5,4166048.3,3893250.3,3680031.5,4166048.3,3944784.8,3628146.8,4250411,3944784.8,3628146.8,4250411,3944784.8,3628146.8,4250411,62243.762,55880.41,67744.594,62243.762,55880.41,67744.594,62243.762,55880.41,67744.594,63480.949,56942.02,71402.18,63480.949,56942.02,71402.18,63480.949,56942.02,71402.18,6592.2998,7430.27,8297.8301,6592.2998,7430.27,8297.8301,6592.2998,7430.27,8297.8301,6640.9502,7573.8999,8643.1904,6640.9502,7573.8999,8643.1904,6640.9502,7573.8999,8643.1904,778.73999,869.97998,973.64001,778.73999,869.97998,973.64001,778.73999,869.97998,973.64001,784.95001,886.51001,997,784.95001,886.51001,997,784.95001,886.51001,997,2410.1299,2718.3999,3052.0801,2410.1299,2718.3999,3052.0801,2410.1299,2718.3999,3052.0801,2431.53,2771.3101,3169.71,2431.53,2771.3101,3169.71,2431.53,2771.3101,3169.71,222.39999,248.46001,278.04999,222.39999,248.46001,278.04999,222.39999,248.46001,278.04999,224.17,253.17999,284.72,224.17,253.17999,284.72,224.17,253.17999,284.72,385140.88,429101.72,467298.19,385140.88,429101.72,467298.19,385140.88,429101.72,467298.19,392471.28,437630.94,491969.06,392471.28,437630.94,491969.06,392471.28,437630.94,491969.06,.86000001,.88999999,.92000002,.86000001,.88999999,.92000002,.86000001,.88999999,.92000002,.86000001,.88999999,.93000001,.86000001,.88999999,.93000001,.86000001,.88999999,.93000001,.91000003,.94,.97000003,.91000003,.94,.97000003,.91000003,.94,.97000003,.91000003,.94999999,.98000002,.91000003,.94999999,.98000002,.91000003,.94999999,.98000002,.28814134,.28330141,.29950729,.28814134,.28330141,.29950729,.28814134,.28330141,.29950729,.28811792,.28104025,.29473889,.28811792,.28104025,.29473889,.28811792,.28104025,.29473889,189.98169,68157.422,358.75784,64343.223,11731,11731,11731,160,160,160,243051,243051,243051,2613,2613,2613,6.12323,6.12323,6.12323,167.9077,7854.3999,46.77808,7484.4927,,,,,,,,,,,,,,,,,,,,16.331249,20.718695,,,314.8136,540.15961,,,,,347.05191,404.09637,347.05191,404.09637,347.05191,404.09637,16.331249,20.718695,,,1,,2.3890646,2.3890646,2.3890646,1.1209376,1.1209376,1.1209376,1,,1,,46.053429,,,23.820805,23.820805,23.820805,1,,1,,2.3890646,2.3890646,2.3890646,.82128209,.82128209,.82128209,1,,1,,62.285599,,,16.018244,16.018244,16.018244,1,
07Jul2020,Iran,200,11931,400,1000,23862,59655,2637,245688,5274,13185,491376,1228440,207000,2917,7.5843763,26757,171.50893,2485.3481,168.70255,6686.9453,39.637489,7927.498,,,,,,,,,,,,,,,,,,,,,,,,12612.375,14519.388,11064.733,3575.4768,4116.0947,3136.7366,1904.1412,2206.989,1621.7323,704.47034,794.60687,619.26678,477.81293,,,28503.93,,,409.66101,409.66101,409.66101,28478.781,28478.781,28478.781,200,,,11931,,,171.47339,171.47339,171.47339,11920.473,11920.473,11920.473,30.297995,119629.56,102382.7,135595.25,15258206,17701064,13041454,477.81293,,,28503.93,,,409.66101,409.66101,409.66101,28478.781,28478.781,28478.781,30.297995,,,,,,,477.81293,,,28503.93,,,409.66101,409.66101,409.66101,28478.781,28478.781,28478.781,30.297995,,,,,,,.5668149,,,33.813339,,,.48596832,.48596832,.48596832,33.783508,33.783508,33.783508,.23725389,,,14.15338,,,.20341364,.20341364,.20341364,14.140893,14.140893,14.140893,3.1281924,141.9129,121.45347,160.85249,.3994104,,,,,,,,,366.98276,119074.13,324.4679,155034.95,9818.5898,9349.1797,10392.88,9818.5898,9349.1797,10392.88,9818.5898,9349.1797,10392.88,9931.8604,9284,10653.08,9931.8604,9284,10653.08,9931.8604,9284,10653.08,184.13,162.77,207.37,184.13,162.77,207.37,184.13,162.77,207.37,187.75,164.53,215.47,187.75,164.53,215.47,187.75,164.53,215.47,3954471.3,3735805.5,4231601,3954471.3,3735805.5,4231601,3954471.3,3735805.5,4231601,4007237,3684508.3,4317751.5,4007237,3684508.3,4317751.5,4007237,3684508.3,4317751.5,61220.82,55096.262,66533.672,61220.82,55096.262,66533.672,61220.82,55096.262,66533.672,62452.129,56136.871,70365.922,62452.129,56136.871,70365.922,62452.129,56136.871,70365.922,6701.73,7539.46,8419.5195,6701.73,7539.46,8419.5195,6701.73,7539.46,8419.5195,6748.3101,7684.8198,8740.21,6748.3101,7684.8198,8740.21,6748.3101,7684.8198,8740.21,770.26001,859.34998,955.72998,770.26001,859.34998,955.72998,770.26001,859.34998,955.72998,777.48999,875.84003,983.25,777.48999,875.84003,983.25,777.48999,875.84003,983.25,2459.45,2769.4399,3097.9199,2459.45,2769.4399,3097.9199,2459.45,2769.4399,3097.9199,2479.6599,2823.2,3219.8899,2479.6599,2823.2,3219.8899,2479.6599,2823.2,3219.8899,219.97,245.41,272.92999,219.97,245.41,272.92999,219.97,245.41,272.92999,222.03999,250.12,280.79001,222.03999,250.12,280.79001,222.03999,250.12,280.79001,380028.13,422399.88,458707.28,380028.13,422399.88,458707.28,380028.13,422399.88,458707.28,387319.78,430891.88,485223.84,387319.78,430891.88,485223.84,387319.78,430891.88,485223.84,.86000001,.88999999,.92000002,.86000001,.88999999,.92000002,.86000001,.88999999,.92000002,.86000001,.88999999,.93000001,.86000001,.88999999,.93000001,.86000001,.88999999,.93000001,.91000003,.94,.97000003,.91000003,.94,.97000003,.91000003,.94,.97000003,.91000003,.94999999,.98000002,.91000003,.94999999,.98000002,.91000003,.94999999,.98000002,.3007637,.2954284,.31167677,.3007637,.2954284,.31167677,.3007637,.2954284,.31167677,.30063027,.29308721,.30621356,.30063027,.29308721,.30621356,.30063027,.29308721,.30621356,189.98169,68157.422,358.75784,66058.086,11931,11931,11931,200,200,200,245688,245688,245688,2637,2637,2637,7.5843763,7.5843763,7.5843763,167.9077,7854.3999,46.77808,9355.6162,,,,,,,,,,,,,,,,,,,,13.185,20.592407,,,250.36903,535.30182,,,,,332.48694,402.75348,332.48694,402.75348,332.48694,402.75348,13.185,20.592407,,,1,,2.3890646,2.3890646,2.3890646,.92065001,.92065001,.92065001,1,,1,,45.36578,,,23.216087,23.216087,23.216087,1,,1,,2.3890646,2.3890646,2.3890646,.82294774,.82294774,.82294774,1,,1,,62.103992,,,16.095501,16.095501,16.095501,1,
08Jul2020,Iran,153,12084,306,765,24168,60420,2691,248379,5382,13455,496758,1241895,209463,2463,5.6856189,26832,175.4375,2450.6162,168.70255,6686.9453,39.637489,6064.5356,,,,,,,,,,,,,,,,,,,,,,,,12625.969,14567.119,10998.538,3478.6897,4013.5129,3030.3022,1902.646,2194.791,1617.5728,704.97711,791.92365,619.26617,365.52689,,,28869.457,,,417.65298,417.65298,417.65298,28896.434,28896.434,28896.434,153,,,12084,,,174.81862,174.81862,174.81862,12095.292,12095.292,12095.292,30.252996,118876.84,101759.62,135058.89,15377083,17836124,13143214,365.52689,,,28869.457,,,417.65298,417.65298,417.65298,28896.434,28896.434,28896.434,30.252996,,,,,,,365.52689,,,28869.457,,,417.65298,417.65298,417.65298,28896.434,28896.434,28896.434,30.252996,,,,,,,.43361339,,,34.246956,,,.49544898,.49544898,.49544898,34.278957,34.278957,34.278957,.18149923,,,14.33488,,,.20738199,.20738199,.20738199,14.348274,14.348274,14.348274,3.192251,141.01996,120.71432,160.21623,.3074837,,,,,,,,,366.98276,119074.13,324.4679,118601.74,10006.92,9529.2402,10596.68,10006.92,9529.2402,10596.68,10006.92,9529.2402,10596.68,10123.87,9460.0195,10849.25,10123.87,9460.0195,10849.25,10123.87,9460.0195,10849.25,188.33,166.8,211.22,188.33,166.8,211.22,188.33,166.8,211.22,192.02,168.38,219.74001,192.02,168.38,219.74001,192.02,168.38,219.74001,4014684.3,3790765.5,4295621,4014684.3,3790765.5,4295621,4014684.3,3790765.5,4295621,4068675.3,3740310.5,4383606,4068675.3,3740310.5,4383606,4068675.3,3740310.5,4383606,60213.102,54321.5,65657.172,60213.102,54321.5,65657.172,60213.102,54321.5,65657.172,61438.238,55151.77,69340.922,61438.238,55151.77,69340.922,61438.238,55151.77,69340.922,6787.6602,7621.27,8510.1104,6787.6602,7621.27,8510.1104,6787.6602,7621.27,8510.1104,6834.1699,7768.0801,8816.2002,6834.1699,7768.0801,8816.2002,6834.1699,7768.0801,8816.2002,760.92999,847.73999,936.76001,760.92999,847.73999,936.76001,760.92999,847.73999,936.76001,769.20001,864.19,969.91998,769.20001,864.19,969.91998,769.20001,864.19,969.91998,2501.3301,2812.21,3138.27,2501.3301,2812.21,3138.27,2501.3301,2812.21,3138.27,2521.3601,2866.73,3259.5801,2521.3601,2866.73,3259.5801,2521.3601,2866.73,3259.5801,217.3,242.09,267.5,217.3,242.09,267.5,217.3,242.09,267.5,219.66,246.78,276.98001,219.66,246.78,276.98001,219.66,246.78,276.98001,374924.19,415734.91,452965.19,374924.19,415734.91,452965.19,374924.19,415734.91,452965.19,380904.03,424187.38,478480.91,380904.03,424187.38,478480.91,380904.03,424187.38,478480.91,.86000001,.88999999,.92000002,.86000001,.88999999,.92000002,.86000001,.88999999,.92000002,.86000001,.88999999,.93000001,.86000001,.88999999,.93000001,.86000001,.88999999,.93000001,.91000003,.94,.97000003,.91000003,.94,.97000003,.91000003,.94,.97000003,.91000003,.94999999,.98000002,.91000003,.94999999,.98000002,.91000003,.94999999,.98000002,.31277245,.30706075,.32170135,.31277245,.30706075,.32170135,.31277245,.30706075,.32170135,.31254151,.30530301,.31689802,.31254151,.30530301,.31689802,.31254151,.30530301,.31689802,189.98169,68157.422,358.75784,67564.867,12084,12084,12084,153,153,153,248379,248379,248379,2691,2691,2691,5.6856189,5.6856189,5.6856189,167.9077,7854.3999,46.77808,7157.0464,,,,,,,,,,,,,,,,,,,,17.588236,20.554369,,,325.22049,532.64191,,,,,319.72125,401.1908,319.72125,401.1908,319.72125,401.1908,17.588236,20.554369,,,1,,2.3890646,2.3890646,2.3890646,1.2309151,1.2309151,1.2309151,1,,1,,44.175709,,,22.375734,22.375734,22.375734,1,,1,,2.3890646,2.3890646,2.3890646,.8281132,.8281132,.8281132,1,,1,,61.909756,,,16.163542,16.163542,16.163542,1,
09Jul2020,Iran,221,12305,442,1105,24610,61525,2079,250458,4158,10395,500916,1252290,212176,2713,10.630111,25977,179.24107,2413.4731,168.70255,6686.9453,39.637489,8759.8848,,,,,,,,,,,,,,,,,,,,,,,,12630.807,14601.336,10966.865,3381.0642,3908.543,2935.6536,1900.0834,2180.5513,1613.5371,704.89362,788.40033,619.05627,527.98328,,,29397.441,,,425.10794,425.10794,425.10794,29321.541,29321.541,29321.541,221,,,12305,,,177.93907,177.93907,177.93907,12273.23,12273.23,12273.23,30.21562,118083.3,101131.16,134258.11,15495166,17970382,13244345,527.98328,,,29397.441,,,425.10794,425.10794,425.10794,29321.541,29321.541,29321.541,30.21562,,,,,,,527.98328,,,29397.441,,,425.10794,425.10794,425.10794,29321.541,29321.541,29321.541,30.21562,,,,,,,.62633044,,,34.873283,,,.50429255,.50429255,.50429255,34.783249,34.783249,34.783249,.26216555,,,14.597045,,,.21108368,.21108368,.21108368,14.559359,14.559359,14.559359,2.4662542,140.07861,119.9688,159.26628,.44712779,,,,,,,,,366.98276,119074.13,324.4679,171313.63,10198.85,9712.8496,10803.76,10198.85,9712.8496,10803.76,10198.85,9712.8496,10803.76,10319.55,9627.8203,11048.8,10319.55,9627.8203,11048.8,10319.55,9627.8203,11048.8,191.92999,170.3,214.39999,191.92999,170.3,214.39999,191.92999,170.3,214.39999,195.67,171.75999,223.25,195.67,171.75999,223.25,195.67,171.75999,223.25,4073901.3,3844918.5,4358139,4073901.3,3844918.5,4358139,4073901.3,3844918.5,4358139,4129111,3795554.3,4448001,4129111,3795554.3,4448001,4129111,3795554.3,4448001,59217.051,53541.398,64900.051,59217.051,53541.398,64900.051,59217.051,53541.398,64900.051,60435.75,54360.25,68323.289,60435.75,54360.25,68323.289,60435.75,54360.25,68323.289,6851.6899,7677.6499,8571.8496,6851.6899,7677.6499,8571.8496,6851.6899,7677.6499,8571.8496,6900,7825.6499,8861.0996,6900,7825.6499,8861.0996,6900,7825.6499,8861.0996,750.08002,835.56,917.25,750.08002,835.56,917.25,750.08002,835.56,917.25,760.40002,851.96002,956.71997,760.40002,851.96002,956.71997,760.40002,851.96002,956.71997,2536.4099,2847.01,3177.01,2536.4099,2847.01,3177.01,2536.4099,2847.01,3177.01,2556.8201,2902.21,3290.8799,2556.8201,2902.21,3290.8799,2556.8201,2902.21,3290.8799,214.19,238.60001,261.92001,214.19,238.60001,261.92001,214.19,238.60001,261.92001,217.14,243.28,273.20001,217.14,243.28,273.20001,217.14,243.28,273.20001,369828.28,409109.5,447849.72,369828.28,409109.5,447849.72,369828.28,409109.5,447849.72,375688.78,417520.22,471744.22,375688.78,417520.22,471744.22,375688.78,417520.22,471744.22,.86000001,.88999999,.92000002,.86000001,.88999999,.92000002,.86000001,.88999999,.92000002,.86000001,.88999999,.93000001,.86000001,.88999999,.93000001,.86000001,.88999999,.93000001,.91000003,.94,.97000003,.91000003,.94,.97000003,.91000003,.94,.97000003,.91000003,.94999999,.98000002,.91000003,.94999999,.98000002,.91000003,.94999999,.98000002,.32411271,.31807163,.33035412,.32411271,.31807163,.33035412,.32411271,.31807163,.33035412,.32376531,.31596616,.32675534,.32376531,.31596616,.32675534,.32376531,.31596616,.32675534,189.98169,68157.422,358.75784,68856.391,12305,12305,12305,221,221,221,250458,250458,250458,2079,2079,2079,10.630111,10.630111,10.630111,167.9077,7854.3999,46.77808,10337.956,,,,,,,,,,,,,,,,,,,,9.4072399,20.354164,,,223.6497,527.09235,,,,,308.53464,399.44714,308.53464,399.44714,308.53464,399.44714,9.4072399,20.354164,,,1,,2.3890646,2.3890646,2.3890646,.86846149,.86846149,.86846149,1,,1,,56.798126,,,28.483431,28.483431,28.483431,1,,1,,2.3890648,2.3890648,2.3890648,.82883781,.82883781,.82883781,1,,1,,61.867325,,,16.265806,16.265806,16.265806,1,
10Jul2020,Iran,142,12447,284,710,24894,62235,2262,252720,4524,11310,505440,1263600,215015,2839,6.2776303,25258,182.26785,2385.625,168.70255,6686.9453,39.637489,5628.5234,,,,,,,,,,,,,,,,,,,,,,,,12626.585,14621.522,10929.756,3255.0715,3769.3567,2817.6372,1896.4694,2167.915,1609.6191,704.4718,785.37994,618.70264,339.24719,,,29736.688,,,432.1163,432.1163,432.1163,29753.658,29753.658,29753.658,142,,,12447,,,180.87259,180.87259,180.87259,12454.104,12454.104,12454.104,30.183743,117252.97,100241.38,133146.39,15612419,18103528,13344587,339.24719,,,29736.688,,,432.1163,432.1163,432.1163,29753.658,29753.658,29753.658,30.183743,,,,,,,339.24719,,,29736.688,,,432.1163,432.1163,432.1163,29753.658,29753.658,29753.658,30.183743,,,,,,,.40243855,,,35.275723,,,.51260632,.51260632,.51260632,35.295856,35.295856,35.295856,.16845025,,,14.765495,,,.21456361,.21456361,.21456361,14.773922,14.773922,14.773922,2.6833415,139.09361,118.91328,157.94748,.28932929,,,,,,,,,366.98276,119074.13,324.4679,110074.82,10393.76,9897.4502,11014.42,10393.76,9897.4502,11014.42,10393.76,9897.4502,11014.42,10518.24,9798.1396,11251.39,10518.24,9798.1396,11251.39,10518.24,9798.1396,11251.39,194.91,173.25,217.61,194.91,173.25,217.61,194.91,173.25,217.61,198.7,174.66,225.97,198.7,174.66,225.97,198.7,174.66,225.97,4132133,3898271.3,4419184,4132133,3898271.3,4419184,4132133,3898271.3,4419184,4188554.5,3850239,4510962.5,4188554.5,3850239,4510962.5,4188554.5,3850239,4510962.5,58231.559,52726.898,64164.941,58231.559,52726.898,64164.941,58231.559,52726.898,64164.941,59443.551,53491.531,67312.031,59443.551,53491.531,67312.031,59443.551,53491.531,67312.031,6895.6802,7710.8799,8607.3203,6895.6802,7710.8799,8607.3203,6895.6802,7710.8799,8607.3203,6947.4902,7859.8398,8877.8398,6947.4902,7859.8398,8877.8398,6947.4902,7859.8398,8877.8398,738.64001,823.07001,898.69,738.64001,823.07001,898.69,738.64001,823.07001,898.69,751.29999,839.40002,943.12,751.29999,839.40002,943.12,751.29999,839.40002,943.12,2565.0601,2874.25,3207.1499,2565.0601,2874.25,3207.1499,2565.0601,2874.25,3207.1499,2586.3301,2930.02,3315.8999,2586.3301,2930.02,3315.8999,2586.3301,2930.02,3315.8999,210.92,235.03,256.60999,210.92,235.03,256.60999,210.92,235.03,256.60999,214.53999,239.69,269.31,214.53999,239.69,269.31,214.53999,239.69,269.31,364395.5,402526.88,442982.59,364395.5,402526.88,442982.59,364395.5,402526.88,442982.59,369871.22,410893.78,465018.38,369871.22,410893.78,465018.38,369871.22,410893.78,465018.38,.86000001,.88999999,.92000002,.86000001,.88999999,.92000002,.86000001,.88999999,.92000002,.86000001,.88999999,.93000001,.86000001,.88999999,.93000001,.86000001,.88999999,.93000001,.91000003,.94,.97000003,.91000003,.94,.97000003,.91000003,.94,.97000003,.91000003,.94999999,.98000002,.91000003,.94999999,.98000002,.91000003,.94999999,.98000002,.33471543,.32857993,.33914158,.33471543,.32857993,.33914158,.33471543,.32857993,.33914158,.33426669,.32651898,.33570522,.33426669,.32651898,.33570522,.33426669,.32651898,.33570522,189.98169,68157.422,358.75784,69925.492,12447,12447,12447,142,142,142,252720,252720,252720,2262,2262,2262,6.2776303,6.2776303,6.2776303,167.9077,7854.3999,46.77808,6642.4873,,,,,,,,,,,,,,,,,,,,15.929578,20.303688,,,345.62695,525.02216,,,,,298.76126,397.55902,298.76126,397.55902,298.76126,397.55902,15.929578,20.303688,,,1,,2.3890648,2.3890648,2.3890648,1.3726057,1.3726057,1.3726057,1,,1,,51.835972,,,25.743395,25.743395,25.743395,1,,1,,2.3890646,2.3890646,2.3890646,.83504134,.83504134,.83504134,1,,1,,61.777538,,,16.350637,16.350637,16.350637,1,
11Jul2020,Iran,188,12635,376,940,25270,63175,2397,255117,4794,11985,510234,1275585,217666,2651,7.8431373,24816,184.76785,2367.7144,168.70255,6686.9453,39.637489,7451.8481,,,,,,,,,,,,,,,,,,,,,,,,12722.04,14753.597,10953.64,3186.3044,3695.1189,2743.3989,1891.8262,2161.2153,1608.0287,703.85382,783.5307,618.87317,449.14417,,,30185.832,,,438.77811,438.77811,438.77811,30192.436,30192.436,30192.436,188,,,12635,,,183.66104,183.66104,183.66104,12637.765,12637.765,12637.765,30.156401,116389.9,99867.953,131974.89,15728809,18235502,13444454,449.14417,,,30185.832,,,438.77811,438.77811,438.77811,30192.436,30192.436,30192.436,30.156401,,,,,,,449.14417,,,30185.832,,,438.77811,438.77811,438.77811,30192.436,30192.436,30192.436,30.156401,,,,,,,.53280598,,,35.808529,,,.52050906,.52050906,.52050906,35.816364,35.816364,35.816364,.22301865,,,14.988514,,,.21787149,.21787149,.21787149,14.991794,14.991794,14.991794,2.8434877,138.06978,118.4703,156.55777,.38589618,,,,,,,,,366.98276,119074.13,324.4679,145732.86,10591.04,10082.96,11230.7,10591.04,10082.96,11230.7,10591.04,10082.96,11230.7,10719.36,9971.0498,11461.08,10719.36,9971.0498,11461.08,10719.36,9971.0498,11461.08,197.28,175.67999,220.25,197.28,175.67999,220.25,197.28,175.67999,220.25,201.11,177.09,228.19,201.11,177.09,228.19,201.11,177.09,228.19,4189389.3,3950830,4478784.5,4189389.3,3950830,4478784.5,4189389.3,3950830,4478784.5,4247016,3904364.8,4572515,4247016,3904364.8,4572515,4247016,3904364.8,4572515,57256.379,51817.672,63440.391,57256.379,51817.672,63440.391,57256.379,51817.672,63440.391,58461.449,52625.051,66307.18,58461.449,52625.051,66307.18,58461.449,52625.051,66307.18,6915.3398,7723.3501,8619.2197,6915.3398,7723.3501,8619.2197,6915.3398,7723.3501,8619.2197,6978.4502,7873.0601,8869.4404,6978.4502,7873.0601,8869.4404,6978.4502,7873.0601,8869.4404,728.02002,810.41998,881.14001,728.02002,810.41998,881.14001,728.02002,810.41998,881.14001,742.03003,826.69,930.21002,742.03003,826.69,930.21002,742.03003,826.69,930.21002,2587.6599,2894.3899,3229.22,2587.6599,2894.3899,3229.22,2587.6599,2894.3899,3229.22,2610.24,2950.6699,3332.1899,2610.24,2950.6699,3332.1899,2610.24,2950.6699,3332.1899,207.88,231.41,251.59,207.88,231.41,251.59,207.88,231.41,251.59,211.88,236.05,265.60999,211.88,236.05,265.60999,211.88,236.05,265.60999,358471.28,395948.88,438150.84,358471.28,395948.88,438150.84,358471.28,395948.88,438150.84,364065.5,404284.47,458313.44,364065.5,404284.47,458313.44,364065.5,404284.47,458313.44,.79000002,.81,.82999998,.79000002,.81,.82999998,.79000002,.81,.82999998,.77999997,.81,.82999998,.77999997,.81,.82999998,.77999997,.81,.82999998,.83999997,.86000001,.88,.83999997,.86000001,.88,.83999997,.86000001,.88,.82999998,.86000001,.88,.82999998,.86000001,.88,.82999998,.86000001,.88,.3445555,.33903491,.34717631,.3445555,.33903491,.34717631,.3445555,.33903491,.34717631,.34400448,.33651274,.34414071,.34400448,.33651274,.34414071,.34400448,.33651274,.34414071,189.98169,68157.422,358.75784,70775.75,12635,12635,12635,188,188,188,255117,255117,255117,2397,2397,2397,7.8431373,7.8431373,7.8431373,167.9077,7854.3999,46.77808,8794.2793,,,,,,,,,,,,,,,,,,,,12.75,20.191294,,,259.13705,521.06592,,,,,290.229,395.55975,290.229,395.55975,290.229,395.55975,12.75,20.191294,,,1,,2.3890648,2.3890648,2.3890648,1.0493617,1.0493617,1.0493617,1,,1,,48.556488,,,23.886683,23.886683,23.886683,1,,1,,2.3890646,2.3890646,2.3890646,.83823031,.83823031,.83823031,1,,1,,61.653316,,,16.421442,16.421442,16.421442,1,
12Jul2020,Iran,194,12829,388,970,25658,64145,2186,257303,4372,10930,514606,1286515,219993,2327,8.8746567,24481,187.00893,2357.0356,168.70255,6686.9453,39.637489,7689.6729,,,,,,,,,,,,,,,,,,,,,,,,12908.457,14987.684,11069.781,3205.2163,3721.4956,2748.6663,1886.1825,2152.6326,1606.193,703.09619,781.57037,619.33459,463.47855,,,30649.311,,,445.20218,445.20218,445.20218,30637.639,30637.639,30637.639,194,,,12829,,,186.34999,186.34999,186.34999,12824.114,12824.114,12824.114,30.133236,115498.15,99236.109,130989.63,15844307,18366492,13543691,463.47855,,,30649.311,,,445.20218,445.20218,445.20218,30637.639,30637.639,30637.639,30.133236,,,,,,,463.47855,,,30649.311,,,445.20218,445.20218,445.20218,30637.639,30637.639,30637.639,30.133236,,,,,,,.54981041,,,36.358341,,,.5281297,.5281297,.5281297,36.344494,36.344494,36.344494,.23013628,,,15.218651,,,.22106129,.22106129,.22106129,15.212854,15.212854,15.212854,2.5931849,137.01192,117.72076,155.38899,.40128657,,,,,,,,,366.98276,119074.13,324.4679,150383.91,10790.11,10270.15,11448.67,10790.11,10270.15,11448.67,10790.11,10270.15,11448.67,10922.29,10146.12,11682.87,10922.29,10146.12,11682.87,10922.29,10146.12,11682.87,199.07001,177.60001,222.22,199.07001,177.60001,222.22,199.07001,177.60001,222.22,202.94,179.05,229.77,202.94,179.05,229.77,202.94,179.05,229.77,4245347.5,4002258.8,4536780,4245347.5,4002258.8,4536780,4245347.5,4002258.8,4536780,4304154,3957498.3,4632389,4304154,3957498.3,4632389,4304154,3957498.3,4632389,55958.059,50601.988,62154.602,55958.059,50601.988,62154.602,55958.059,50601.988,62154.602,57138.039,51383.77,64849.828,57138.039,51383.77,64849.828,57138.039,51383.77,64849.828,6916.3398,7717.4199,8610.2402,6916.3398,7717.4199,8610.2402,6916.3398,7717.4199,8610.2402,6986.8999,7867.6802,8838.9102,6986.8999,7867.6802,8838.9102,6986.8999,7867.6802,8838.9102,718.23999,797.65002,867.71002,718.23999,797.65002,867.71002,718.23999,797.65002,867.71002,731.28003,813.84003,917.32001,731.28003,813.84003,917.32001,731.28003,813.84003,917.32001,2604.6299,2907.95,3243.8201,2604.6299,2907.95,3243.8201,2604.6299,2907.95,3243.8201,2628.9199,2964.6599,3340.4199,2628.9199,2964.6599,3340.4199,2628.9199,2964.6599,3340.4199,205.08,227.75,247.75999,205.08,227.75,247.75999,205.08,227.75,247.75999,208.8,232.37,261.92001,208.8,232.37,261.92001,208.8,232.37,261.92001,348202.19,384835.16,425495.06,348202.19,384835.16,425495.06,348202.19,384835.16,425495.06,353782.41,392845.19,445127.75,353782.41,392845.19,445127.75,353782.41,392845.19,445127.75,.79000002,.81,.82999998,.79000002,.81,.82999998,.79000002,.81,.82999998,.77999997,.81,.82999998,.77999997,.81,.82999998,.77999997,.81,.82999998,.83999997,.86000001,.88,.83999997,.86000001,.88,.83999997,.86000001,.88,.82999998,.86000001,.88,.82999998,.86000001,.88,.82999998,.86000001,.88,.35574859,.35097435,.35752782,.35574859,.35097435,.35752782,.35574859,.35097435,.35752782,.35517496,.34845635,.3543109,.35517496,.34845635,.3543109,.35517496,.34845635,.3543109,189.98169,68157.422,358.75784,71417.93,12829,12829,12829,194,194,194,257303,257303,257303,2186,2186,2186,8.8746567,8.8746567,8.8746567,167.9077,7854.3999,46.77808,9074.9473,,,,,,,,,,,,,,,,,,,,11.268042,20.056356,,,249.19847,516.95477,,,,,281.09738,393.44803,281.09738,393.44803,281.09738,393.44803,11.268042,20.056356,,,1,,2.3890648,2.3890648,2.3890648,1.026134,1.026134,1.026134,1,,1,,52.835384,,,25.598379,25.598379,25.598379,1,,1,,2.3890646,2.3890646,2.3890646,.84107184,.84107184,.84107184,1,,1,,61.5784,,,16.499409,16.499409,16.499409,1,
13Jul2020,Iran,203,13032,406,1015,26064,65160,2349,259652,4698,11745,519304,1298260,222539,2546,8.6419754,24081,188.66072,2358.5,168.70255,6686.9453,39.637489,8046.4102,,,,,,,,,,,,,,,,,,,,,,,,13160.516,15311.588,11244.298,3238.8425,3768.228,2767.2559,1879.5713,2144.5989,1603.0295,702.25299,780.19098,619.85468,484.98013,,,31134.291,,,451.5051,451.5051,451.5051,31089.143,31089.143,31089.143,203,,,13032,,,188.98822,188.98822,188.98822,13013.103,13013.103,13013.103,30.114296,114581.71,98585.977,130073.14,15958889,18496566,13642277,484.98013,,,31134.291,,,451.5051,451.5051,451.5051,31089.143,31089.143,31089.143,30.114296,,,,,,,484.98013,,,31134.291,,,451.5051,451.5051,451.5051,31089.143,31089.143,31089.143,30.114296,,,,,,,.57531708,,,36.933659,,,.53560668,.53560668,.53560668,36.8801,36.8801,36.8801,.24081269,,,15.459463,,,.22419095,.22419095,.22419095,15.437046,15.437046,15.437046,2.7865469,135.92477,116.94952,154.30179,.42326137,,,,,,,,,366.98276,119074.13,324.4679,157360.48,10990.42,10456.14,11673.77,10990.42,10456.14,11673.77,10990.42,10456.14,11673.77,11126.5,10322.94,11912.58,11126.5,10322.94,11912.58,11126.5,10322.94,11912.58,200.31,179.06,223.57001,200.31,179.06,223.57001,200.31,179.06,223.57001,204.2,180.58,230.67999,204.2,180.58,230.67999,204.2,180.58,230.67999,4299672.5,4052196.3,4592996,4299672.5,4052196.3,4592996,4299672.5,4052196.3,4592996,4359611,4009208.3,4690322.5,4359611,4009208.3,4690322.5,4359611,4009208.3,4690322.5,54325.012,49098.48,60283.602,54325.012,49098.48,60283.602,54325.012,49098.48,60283.602,55457.07,49856.57,62903.121,55457.07,49856.57,62903.121,55457.07,49856.57,62903.121,6903.02,7695.0601,8550.9404,6903.02,7695.0601,8550.9404,6903.02,7695.0601,8550.9404,6979.8799,7845.6899,8791.2803,6979.8799,7845.6899,8791.2803,6979.8799,7845.6899,8791.2803,707.79999,784.25,855.87,707.79999,784.25,855.87,707.79999,784.25,855.87,718.75,800.33002,903.48999,718.75,800.33002,903.48999,718.75,800.33002,903.48999,2614.96,2915.3799,3251.4299,2614.96,2915.3799,3251.4299,2614.96,2915.3799,3251.4299,2640.51,2972.4399,3341.2,2640.51,2972.4399,3341.2,2640.51,2972.4399,3341.2,202.10001,223.92,244.38,202.10001,223.92,244.38,202.10001,223.92,244.38,205.22,228.50999,257.95999,205.22,228.50999,257.95999,205.22,228.50999,257.95999,338081.53,373853.63,412954.78,338081.53,373853.63,412954.78,338081.53,373853.63,412954.78,343477.47,381537.59,432035.72,343477.47,381537.59,432035.72,343477.47,381537.59,432035.72,.79000002,.81,.82999998,.79000002,.81,.82999998,.79000002,.81,.82999998,.76999998,.81,.82999998,.76999998,.81,.82999998,.76999998,.81,.82999998,.83999997,.86000001,.88,.83999997,.86000001,.88,.83999997,.86000001,.88,.82999998,.86000001,.88,.82999998,.86000001,.88,.82999998,.86000001,.88,.36872518,.36469561,.37086371,.36872518,.36469561,.37086371,.36872518,.36469561,.37086371,.36821273,.36219901,.36672264,.36821273,.36219901,.36672264,.36821273,.36219901,.36672264,189.98169,68157.422,358.75784,71862.781,13032,13032,13032,203,203,203,259652,259652,259652,2349,2349,2349,8.6419754,8.6419754,8.6419754,167.9077,7854.3999,46.77808,9495.9502,,,,,,,,,,,,,,,,,,,,11.571428,19.924187,,,236.26064,512.5824,,,,,271.20468,391.22003,271.20468,391.22003,271.20468,391.22003,11.571428,19.924187,,,1,,2.3890648,2.3890648,2.3890648,.98674875,.98674875,.98674875,1,,1,,48.778931,,,23.126867,23.126867,23.126867,1,,1,,2.3890648,2.3890648,2.3890648,.84334099,.84334099,.84334099,1,,1,,61.462608,,,16.559366,16.559366,16.559366,1,
14Jul2020,Iran,179,13211,358,895,26422,66055,2521,262173,5042,12605,524346,1310865,225270,2731,7.1003571,23692,190.53571,2361.8303,168.70255,6686.9453,39.637489,7095.1104,,,,,,,,,,,,,,,,,,,,,,,,13394.213,15642.813,11402.526,3280.1392,3830.804,2792.3904,1872.0255,2131.6375,1599.387,701.3725,779.11108,619.67346,427.64258,,,31561.934,,,457.80661,457.80661,457.80661,31546.949,31546.949,31546.949,179,,,13211,,,191.62587,191.62587,191.62587,13204.729,13204.729,13204.729,30.100134,113644.59,97795.961,128954.02,16072534,18625520,13740073,427.64258,,,31561.934,,,457.80661,457.80661,457.80661,31546.949,31546.949,31546.949,30.100134,,,,,,,427.64258,,,31561.934,,,457.80661,457.80661,457.80661,31546.949,31546.949,31546.949,30.100134,,,,,,,.5072993,,,37.440956,,,.543082,.543082,.543082,37.423183,37.423183,37.423183,.21234223,,,15.671805,,,.22731991,.22731991,.22731991,15.664366,15.664366,15.664366,2.9905853,134.81311,116.01236,152.9742,.37629822,,,,,,,,,366.98276,119074.13,324.4679,138756.28,11191.45,10641.66,11898.68,11191.45,10641.66,11898.68,11191.45,10641.66,11898.68,11331.45,10501.1,12142.21,11331.45,10501.1,12142.21,11331.45,10501.1,12142.21,201.03,180.03,224.33,201.03,180.03,224.33,201.03,180.03,224.33,204.95,181.7,230.96001,204.95,181.7,230.96001,204.95,181.7,230.96001,4352300,4100567,4647418,4352300,4100567,4647418,4352300,4100567,4647418,4413317.5,4059478.5,4746281.5,4413317.5,4059478.5,4746281.5,4413317.5,4059478.5,4746281.5,52627.641,47539.039,58281.102,52627.641,47539.039,58281.102,52627.641,47539.039,58281.102,53706.219,48277.352,60853.219,53706.219,48277.352,60853.219,53706.219,48277.352,60853.219,6876.1899,7657.4102,8465.8096,6876.1899,7657.4102,8465.8096,6876.1899,7657.4102,8465.8096,6960.0298,7808.1699,8743.4502,6960.0298,7808.1699,8743.4502,6960.0298,7808.1699,8743.4502,695.90997,769.59003,843,695.90997,769.59003,843,695.90997,769.59003,843,706.81,785.47998,887.81,706.81,785.47998,887.81,706.81,785.47998,887.81,2618.23,2916.9099,3252.27,2618.23,2916.9099,3252.27,2618.23,2916.9099,3252.27,2646.23,2974.24,3334.8999,2646.23,2974.24,3334.8999,2646.23,2974.24,3334.8999,198.69,219.73,240.69,198.69,219.73,240.69,198.69,219.73,240.69,201.8,224.25999,253.48,201.8,224.25999,253.48,201.8,224.25999,253.48,328080.53,363072.16,400727.53,328080.53,363072.16,400727.53,328080.53,363072.16,400727.53,333373.94,370436.63,419172.16,333373.94,370436.63,419172.16,333373.94,370436.63,419172.16,.79000002,.81,.82999998,.79000002,.81,.82999998,.79000002,.81,.82999998,.76999998,.81,.82999998,.76999998,.81,.82999998,.76999998,.81,.82999998,.83999997,.86000001,.88,.83999997,.86000001,.88,.83999997,.86000001,.88,.82999998,.86000001,.88,.82999998,.86000001,.88,.82999998,.86000001,.88,.38198557,.37869927,.38491037,.38198557,.37869927,.38491037,.38198557,.37869927,.38491037,.38161317,.37636694,.37953621,.38161317,.37636694,.37953621,.38161317,.37636694,.37953621,189.98169,68157.422,358.75784,72121.086,13211,13211,13211,179,179,179,262173,262173,262173,2521,2521,2521,7.1003571,7.1003571,7.1003571,167.9077,7854.3999,46.77808,8373.2764,,,,,,,,,,,,,,,,,,,,14.083798,19.845053,,,265.74667,509.23795,,,,,261.78998,388.89508,261.78998,388.89508,261.78998,388.89508,14.083798,19.845053,,,1,,2.3890648,2.3890648,2.3890648,1.1230726,1.1230726,1.1230726,1,,1,,45.079174,,,20.8757,20.8757,20.8757,1,,1,,2.3890648,2.3890648,2.3890648,.84713119,.84713119,.84713119,1,,1,,61.305069,,,16.60087,16.60087,16.60087,1,
15Jul2020,Iran,199,13410,398,995,26820,67050,2388,264561,4776,11940,529122,1322805,227561,2291,8.333333,23590,192.73215,2363.509,168.70255,6686.9453,39.637489,7887.8604,,,,,,,,,,,,,,,,,,,,,,,,13575.893,15908.364,11512.913,3351.5835,3927.4185,2842.2803,1863.58,2115.4263,1592.6674,700.42358,775.86554,619.60461,475.42386,,,32037.357,,,464.15295,464.15295,464.15295,32011.104,32011.104,32011.104,199,,,13410,,,194.28229,194.28229,194.28229,13399.011,13399.011,13399.011,30.091879,112690.87,96951.477,127855.18,16185225,18753374,13837024,475.42386,,,32037.357,,,464.15295,464.15295,464.15295,32011.104,32011.104,32011.104,30.091879,,,,,,,475.42386,,,32037.357,,,464.15295,464.15295,464.15295,32011.104,32011.104,32011.104,30.091879,,,,,,,.56398082,,,38.004936,,,.55061048,.55061048,.55061048,37.973793,37.973793,37.973793,.23606761,,,15.907873,,,.23047115,.23047115,.23047115,15.894836,15.894836,15.894836,2.8328114,133.68173,115.01057,151.67068,.42188323,,,,,,,,,366.98276,119074.13,324.4679,154259.78,11392.73,10826.19,12122.81,11392.73,10826.19,12122.81,11392.73,10826.19,12122.81,11536.67,10680.22,12371.21,11536.67,10680.22,12371.21,11536.67,10680.22,12371.21,201.28,180.39,224.55,201.28,180.39,224.55,201.28,180.39,224.55,205.22,182.27,230.67,205.22,182.27,230.67,205.22,182.27,230.67,4403271,4147407,4700092.5,4403271,4147407,4700092.5,4403271,4147407,4700092.5,4465314.5,4108626.8,4800474,4465314.5,4108626.8,4800474,4465314.5,4108626.8,4800474,50970.82,45990.871,56378.539,50970.82,45990.871,56378.539,50970.82,45990.871,56378.539,51997.211,46736.859,58882.102,51997.211,46736.859,58882.102,51997.211,46736.859,58882.102,6836.0098,7605.0098,8366.7402,6836.0098,7605.0098,8366.7402,6836.0098,7605.0098,8366.7402,6927.75,7755.6001,8686.9199,6927.75,7755.6001,8686.9199,6927.75,7755.6001,8686.9199,682.19,753.46997,827.81,682.19,753.46997,827.81,682.19,753.46997,827.81,692.37,769.06,869.96002,692.37,769.06,869.96002,692.37,769.06,869.96002,2616.3601,2912.6499,3233.03,2616.3601,2912.6499,3233.03,2616.3601,2912.6499,3233.03,2647.0901,2970.1399,3322.6399,2647.0901,2970.1399,3322.6399,2647.0901,2970.1399,3322.6399,194.77,215.12,236.35001,194.77,215.12,236.35001,194.77,215.12,236.35001,197.67,219.57001,248.37,197.67,219.57001,248.37,197.67,219.57001,248.37,318197.16,352520.94,388954.66,318197.16,352520.94,388954.66,318197.16,352520.94,388954.66,323497.22,359574.59,406759.16,323497.22,359574.59,406759.16,323497.22,359574.59,406759.16,.79000002,.81,.82999998,.79000002,.81,.82999998,.79000002,.81,.82999998,.76999998,.81,.82999998,.76999998,.81,.82999998,.76999998,.81,.82999998,.83999997,.86000001,.88,.83999997,.86000001,.88,.83999997,.86000001,.88,.82999998,.86000001,.88,.82999998,.86000001,.88,.82999998,.86000001,.88,.3948926,.39223,.39828986,.3948926,.39223,.39828986,.3948926,.39223,.39828986,.39467502,.38999197,.39174893,.39467502,.38999197,.39174893,.39467502,.38999197,.39174893,189.98169,68157.422,358.75784,72210.781,13410,13410,13410,199,199,199,264561,264561,264561,2388,2388,2388,8.333333,8.333333,8.333333,167.9077,7854.3999,46.77808,9308.8379,,,,,,,,,,,,,,,,,,,,12,19.728636,,,237.03242,505.19852,,,,,253.23341,386.49829,253.23341,386.49829,253.23341,386.49829,12,19.728636,,,1,,2.3890646,2.3890646,2.3890646,1.0114573,1.0114573,1.0114573,1,,1,,47.190479,,,21.344564,21.344564,21.344564,1,,1,,2.3890648,2.3890648,2.3890648,.84956974,.84956974,.84956974,1,,1,,61.17767,,,16.643688,16.643688,16.643688,1,
16Jul2020,Iran,198,13608,396,990,27216,68040,2500,267061,5000,12500,534122,1335305,230608,3047,7.9200001,22845,195.24107,2368.3928,168.70255,6686.9453,39.637489,7848.2227,,,,,,,,,,,,,,,,,,,,,,,,13471.566,15779.861,11379.708,3391.6328,3972.7744,2864.9817,1854.2775,2098.4314,1587.7118,699.30542,772.46851,618.47113,473.03479,,,32510.393,,,470.52164,470.52164,470.52164,32481.625,32481.625,32481.625,198,,,13608,,,196.94806,196.94806,196.94806,13595.959,13595.959,13595.959,30.090994,111724.66,96127.063,126765.22,16296949,18880140,13933151,473.03479,,,32510.393,,,470.52164,470.52164,470.52164,32481.625,32481.625,32481.625,30.090994,,,,,,,473.03479,,,32510.393,,,470.52164,470.52164,470.52164,32481.625,32481.625,32481.625,30.090994,,,,,,,.56114674,,,38.566082,,,.55816543,.55816543,.55816543,38.53196,38.53196,38.53196,.23488134,,,16.142754,,,.23363346,.23363346,.23363346,16.128469,16.128469,16.128469,2.9656734,132.53555,114.03259,150.3777,.42339334,,,,,,,,,366.98276,119074.13,324.4679,153484.61,11593.8,11007.71,12345.65,11593.8,11007.71,12345.65,11593.8,11007.71,12345.65,11741.69,10859.94,12599.02,11741.69,10859.94,12599.02,11741.69,10859.94,12599.02,201.07001,180.36,223.85001,201.07001,180.36,223.85001,201.07001,180.36,223.85001,205.03,182.39999,229.83,205.03,182.39999,229.83,205.03,182.39999,229.83,4452654,4192782.8,4751084.5,4452654,4192782.8,4751084.5,4452654,4192782.8,4751084.5,4515675,4156459,4853561,4515675,4156459,4853561,4515675,4156459,4853561,49383.25,44508.602,54566.441,49383.25,44508.602,54566.441,49383.25,44508.602,54566.441,50360.719,45259.988,57077.121,50360.719,45259.988,57077.121,50360.719,45259.988,57077.121,6782.5898,7538.2402,8258.0996,6782.5898,7538.2402,8258.0996,6782.5898,7538.2402,8258.0996,6883.29,7688.2998,8614.1904,6883.29,7688.2998,8614.1904,6883.29,7688.2998,8614.1904,666.28998,736.03998,810.20001,666.28998,736.03998,810.20001,666.28998,736.03998,810.20001,676.70001,751.25,850.15997,676.70001,751.25,850.15997,676.70001,751.25,850.15997,2609.3501,2902.6799,3207.78,2609.3501,2902.6799,3207.78,2609.3501,2902.6799,3207.78,2643.1399,2960.2,3309.1799,2643.1399,2960.2,3309.1799,2643.1399,2960.2,3309.1799,190.22,210.14,231.32001,190.22,210.14,231.32001,190.22,210.14,231.32001,193.19,214.48,242.72,193.19,214.48,242.72,193.19,214.48,242.72,308558.88,342217.19,377449.53,308558.88,342217.19,377449.53,308558.88,342217.19,377449.53,313861.5,348969.81,395152.66,313861.5,348969.81,395152.66,313861.5,348969.81,395152.66,.79000002,.81,.82999998,.79000002,.81,.82999998,.79000002,.81,.82999998,.76999998,.81,.82999998,.76999998,.81,.82999998,.76999998,.81,.82999998,.83999997,.86000001,.88,.83999997,.86000001,.88,.83999997,.86000001,.88,.82999998,.86000001,.88,.82999998,.86000001,.88,.82999998,.86000001,.88,.40716237,.40522504,.41023383,.40716237,.40522504,.41023383,.40716237,.40522504,.41023383,.40712285,.40300494,.40266573,.40712285,.40300494,.40266573,.40712285,.40300494,.40266573,189.98169,68157.422,358.75784,72135.445,13608,13608,13608,198,198,198,267061,267061,267061,2500,2500,2500,7.9200001,7.9200001,7.9200001,167.9077,7854.3999,46.77808,9262.0596,,,,,,,,,,,,,,,,,,,,12.626263,19.625294,,,236.187,501.2843,,,,,245.60226,384.05475,245.60226,384.05475,245.60226,384.05475,12.626263,19.625294,,,1,,2.3890646,2.3890646,2.3890646,1.0155051,1.0155051,1.0155051,1,,1,,44.689865,,,19.7533,19.7533,19.7533,1,,1,,2.3890648,2.3890648,2.3890648,.85198408,.85198408,.85198408,1,,1,,61.023319,,,16.672798,16.672798,16.672798,1,
17Jul2020,Iran,183,13791,366,915,27582,68955,2379,269440,4758,11895,538880,1347200,232873,2265,7.6923075,22776,198.41071,2374.9285,168.70255,6686.9453,39.637489,7253.6606,,,,,,,,,,,,,,,,,,,,,,,,13454.362,15702.054,11316.382,3423.6047,3995.5537,2879.573,1844.1713,2085.4871,1578.4414,697.91754,771.34729,617.27252,437.19882,,,32947.59,,,476.88647,476.88647,476.88647,32958.512,32958.512,32958.512,183,,,13791,,,199.61221,199.61221,199.61221,13795.571,13795.571,13795.571,30.098721,110750.14,95325.977,125643.59,16407699,19005784,14028477,437.19882,,,32947.59,,,476.88647,476.88647,476.88647,32958.512,32958.512,32958.512,30.098721,,,,,,,437.19882,,,32947.59,,,476.88647,476.88647,476.88647,32958.512,32958.512,32958.512,30.098721,,,,,,,.51863563,,,39.084721,,,.56571585,.56571585,.56571585,39.097675,39.097675,39.097675,.2170873,,,16.359842,,,.23679386,.23679386,.23679386,16.365265,16.365265,16.365265,2.822135,131.3795,113.08229,149.04715,.39476141,,,,,,,,,366.98276,119074.13,324.4679,141856.98,11794.23,11188.88,12566.72,11794.23,11188.88,12566.72,11794.23,11188.88,12566.72,11946.09,11039.89,12825.17,11946.09,11039.89,12825.17,11946.09,11039.89,12825.17,200.42999,179.94,222.09,200.42999,179.94,222.09,200.42999,179.94,222.09,204.39,182.16,228.8,204.39,182.16,228.8,204.39,182.16,228.8,4500518.5,4236761,4800457,4500518.5,4236761,4800457,4500518.5,4236761,4800457,4564471.5,4203029.5,4904902,4564471.5,4203029.5,4904902,4564471.5,4203029.5,4904902,47864.281,43102.109,52843.852,47864.281,43102.109,52843.852,47864.281,43102.109,52843.852,48796.172,43846.211,55352.328,48796.172,43846.211,55352.328,48796.172,43846.211,55352.328,6711.29,7457.6899,8136.46,6711.29,7457.6899,8136.46,6711.29,7457.6899,8136.46,6827.0801,7606.7998,8527.2803,6827.0801,7606.7998,8527.2803,6827.0801,7606.7998,8527.2803,649.19,717.65997,790.75,649.19,717.65997,790.75,649.19,717.65997,790.75,659.84003,732.40997,828.90997,659.84003,732.40997,828.90997,659.84003,732.40997,828.90997,2597.26,2887.1599,3176.9299,2597.26,2887.1599,3176.9299,2597.26,2887.1599,3176.9299,2634.48,2944.5701,3291.3899,2634.48,2944.5701,3291.3899,2634.48,2944.5701,3291.3899,185.34,204.88,225.75999,185.34,204.88,225.75999,185.34,204.88,225.75999,188.37,209.09,236.64,188.37,209.09,236.64,188.37,209.09,236.64,299171.59,332168.09,366225.56,299171.59,332168.09,366225.56,299171.59,332168.09,366225.56,304472.22,338630.03,383815.94,304472.22,338630.03,383815.94,304472.22,338630.03,383815.94,.79000002,.81,.82999998,.79000002,.81,.82999998,.79000002,.81,.82999998,.76999998,.81,.82999998,.76999998,.81,.82999998,.76999998,.81,.82999998,.83999997,.86000001,.88,.83999997,.86000001,.88,.83999997,.86000001,.88,.82999998,.86000001,.88,.82999998,.86000001,.88,.82999998,.86000001,.88,.41874647,.41747376,.42027596,.41874647,.41747376,.42027596,.41874647,.41747376,.42027596,.41886482,.41545209,.41335207,.41886482,.41545209,.41335207,.41886482,.41545209,.41335207,189.98169,68157.422,358.75784,71905.828,13791,13791,13791,183,183,183,269440,269440,269440,2379,2379,2379,7.6923075,7.6923075,7.6923075,167.9077,7854.3999,46.77808,8560.3887,,,,,,,,,,,,,,,,,,,,13,19.53738,,,253.31757,497.9939,,,,,238.80798,381.58646,238.80798,381.58646,238.80798,381.58646,13,19.53738,,,1,,2.3890646,2.3890646,2.3890646,1.0952458,1.0952458,1.0952458,1,,1,,46.553234,,,20.119495,20.119495,20.119495,1,,1,,2.3890646,2.3890646,2.3890646,.85521215,.85521215,.85521215,1,,1,,60.895557,,,16.70323,16.70323,16.70323,1,
18Jul2020,Iran,188,13979,376,940,27958,69895,2166,271606,4332,10830,543212,1358030,235300,2427,8.679594,22327,202.07143,2386.6963,168.70255,6686.9453,39.637489,7451.8481,,,,,,,,,,,,,,,,,,,,,,,,13578.187,15794.9,11408.624,3518.8948,4093.374,2956.6355,1833.3206,2077.9941,1569.0127,696.21582,770.76605,615.96729,449.14417,,,33396.734,,,483.21991,483.21991,483.21991,33441.73,33441.73,33441.73,188,,,13979,,,202.26321,202.26321,202.26321,13997.834,13997.834,13997.834,30.115471,109771.29,94551.398,124577.76,16517471,19130362,14123028,449.14417,,,33396.734,,,483.21991,483.21991,483.21991,33441.73,33441.73,33441.73,30.115471,,,,,,,449.14417,,,33396.734,,,483.21991,483.21991,483.21991,33441.73,33441.73,33441.73,30.115471,,,,,,,.53280598,,,39.617527,,,.57322901,.57322901,.57322901,39.670902,39.670902,39.670902,.22301865,,,16.582861,,,.23993866,.23993866,.23993866,16.605204,16.605204,16.605204,2.5694597,130.21832,112.16343,147.78278,.40916359,,,,,,,,,366.98276,119074.13,324.4679,145732.86,11993.62,11369.33,12785.57,11993.62,11369.33,12785.57,11993.62,11369.33,12785.57,12149.43,11219.7,13049.19,12149.43,11219.7,13049.19,12149.43,11219.7,13049.19,199.39,179.16,219.89,199.39,179.16,219.89,199.39,179.16,219.89,203.34,181.59,227.52,203.34,181.59,227.52,203.34,181.59,227.52,4546923.5,4279400,4848266.5,4546923.5,4279400,4848266.5,4546923.5,4279400,4848266.5,4611766,4248386,4954566,4611766,4248386,4954566,4611766,4248386,4954566,46405.199,41827.949,51197.539,46405.199,41827.949,51197.539,46405.199,41827.949,51197.539,47294.359,42487.891,53696.602,47294.359,42487.891,53696.602,47294.359,42487.891,53696.602,6624.7598,7364.2002,8010.7798,6624.7598,7364.2002,8010.7798,6624.7598,7364.2002,8010.7798,6755.6299,7511.9199,8431.1797,6755.6299,7511.9199,8431.1797,6755.6299,7511.9199,8431.1797,631.58002,698.71002,770.15997,631.58002,698.71002,770.15997,631.58002,698.71002,770.15997,641.91998,712.96002,806.73999,641.91998,712.96002,806.73999,641.91998,712.96002,806.73999,2580.25,2866.3201,3141.28,2580.25,2866.3201,3141.28,2580.25,2866.3201,3141.28,2621.3101,2923.47,3267.9399,2621.3101,2923.47,3267.9399,2621.3101,2923.47,3267.9399,180.3,199.47,219.88,180.3,199.47,219.88,180.3,199.47,219.88,183.25,203.53999,230.31,183.25,203.53999,230.31,183.25,203.53999,230.31,290579.56,322374.63,355286.34,290579.56,322374.63,355286.34,290579.56,322374.63,355286.34,295329.44,328556.28,372751.94,295329.44,328556.28,372751.94,295329.44,328556.28,372751.94,.79000002,.81,.82999998,.79000002,.81,.82999998,.79000002,.81,.82999998,.76999998,.81,.82999998,.76999998,.81,.82999998,.76999998,.81,.82999998,.83999997,.86000001,.88,.83999997,.86000001,.88,.83999997,.86000001,.88,.82999998,.86000001,.88,.82999998,.86000001,.88,.82999998,.86000001,.88,.42967167,.42832604,.42949331,.42967167,.42832604,.42949331,.42967167,.42832604,.42949331,.42994556,.42739236,.42371398,.42994556,.42739236,.42371398,.42994556,.42739236,.42371398,189.98169,68157.422,358.75784,71532.727,13979,13979,13979,188,188,188,271606,271606,271606,2166,2166,2166,8.679594,8.679594,8.679594,167.9077,7854.3999,46.77808,8794.2793,,,,,,,,,,,,,,,,,,,,11.521276,19.429573,,,244.40102,494.5834,,,,,232.73584,379.11185,232.73584,379.11185,232.73584,379.11185,11.521276,19.429573,,,1,,2.3890648,2.3890648,2.3890648,1.0605851,1.0605851,1.0605851,1,,1,,50.679264,,,21.424376,21.424376,21.424376,1,,1,,2.3890646,2.3890646,2.3890646,.85797411,.85797411,.85797411,1,,1,,60.814087,,,16.740881,16.740881,16.740881,1,
19Jul2020,Iran,209,14188,418,1045,28376,70940,2182,273788,4364,10910,547576,1368940,237788,2488,9.5783682,21812,205.75893,2404.2231,168.70255,6686.9453,39.637489,8284.2354,,,,,,,,,,,,,,,,,,,,,,,,13694.492,15899.842,11500.144,3574.155,4149.7339,3001.4475,1821.7849,2069.7747,1559.4639,694.20624,769.33081,614.73962,499.31451,,,33896.051,,,489.49307,489.49307,489.49307,33931.223,33931.223,33931.223,209,,,14188,,,204.88899,204.88899,204.88899,14202.724,14202.724,14202.724,30.140503,108792,93806.43,123774.64,16626263,19254136,14216835,499.31451,,,33896.051,,,489.49307,489.49307,489.49307,33931.223,33931.223,33931.223,30.140503,,,,,,,499.31451,,,33896.051,,,489.49307,489.49307,489.49307,33931.223,33931.223,33931.223,30.140503,,,,,,,.59232152,,,40.209846,,,.58067065,.58067065,.58067065,40.251575,40.251575,40.251575,.2479303,,,16.830791,,,.24305356,.24305356,.24305356,16.848257,16.848257,16.848257,2.5884399,129.05663,111.2797,146.83008,.45896253,,,,,,,,,366.98276,119074.13,324.4679,162011.53,12191.57,11548.7,13001.83,12191.57,11548.7,13001.83,12191.57,11548.7,13001.83,12351.32,11399,13270.65,12351.32,11399,13270.65,12351.32,11399,13270.65,197.95,178.00999,217.34,197.95,178.00999,217.34,197.95,178.00999,217.34,201.89,180.67999,225.96001,201.89,180.67999,225.96001,201.89,180.67999,225.96001,4591921,4320747,4894566.5,4591921,4320747,4894566.5,4591921,4320747,4894566.5,4657612,4292566,5002612.5,4657612,4292566,5002612.5,4657612,4292566,5002612.5,44997.461,40597.012,49614.48,44997.461,40597.012,49614.48,44997.461,40597.012,49614.48,45846.199,41177.52,52098.98,45846.199,41177.52,52098.98,45846.199,41177.52,52098.98,6533.0298,7258.8999,7873.8599,6533.0298,7258.8999,7873.8599,6533.0298,7258.8999,7873.8599,6661.4502,7404.79,8319.5596,6661.4502,7404.79,8319.5596,6661.4502,7404.79,8319.5596,613.54999,679.51001,749.34003,613.54999,679.51001,749.34003,613.54999,679.51001,749.34003,623.84998,693.22998,784.10999,623.84998,693.22998,784.10999,623.84998,693.22998,784.10999,2558.6001,2840.5,3102.1201,2558.6001,2840.5,3102.1201,2558.6001,2840.5,3102.1201,2603.8799,2897.23,3240.5801,2603.8799,2897.23,3240.5801,2603.8799,2897.23,3240.5801,175.14999,193.98,213.92999,175.14999,193.98,213.92999,175.14999,193.98,213.92999,178.09,197.89999,223.84,178.09,197.89999,223.84,178.09,197.89999,223.84,282226.84,312834.59,344630.34,282226.84,312834.59,344630.34,282226.84,312834.59,344630.34,286430.47,318746.19,361959.5,286430.47,318746.19,361959.5,286430.47,318746.19,361959.5,.79000002,.81,.82999998,.79000002,.81,.82999998,.79000002,.81,.82999998,.76999998,.81,.82999998,.76999998,.81,.82999998,.76999998,.81,.82999998,.83999997,.86000001,.88,.83999997,.86000001,.88,.83999997,.86000001,.88,.82999998,.86000001,.88,.82999998,.86000001,.88,.82999998,.86000001,.88,.43991369,.43848053,.4380576,.43991369,.43848053,.4380576,.43991369,.43848053,.4380576,.44036365,.43878308,.43371293,.44036365,.43878308,.43371293,.44036365,.43878308,.43371293,189.98169,68157.422,358.75784,71016.117,14188,14188,14188,209,209,209,273788,273788,273788,2182,2182,2182,9.5783682,9.5783682,9.5783682,167.9077,7854.3999,46.77808,9776.6191,,,,,,,,,,,,,,,,,,,,10.440191,19.297153,,,217.88271,490.50739,,,,,227.31731,376.64722,227.31731,376.64722,227.31731,376.64722,10.440191,19.297153,,,1,,2.3890646,2.3890646,2.3890646,.94712919,.94712919,.94712919,1,,1,,49.858845,,,20.622118,20.622118,20.622118,1,,1,,2.3890648,2.3890648,2.3890648,.85928744,.85928744,.85928744,1,,1,,60.726776,,,16.771812,16.771812,16.771812,1,
20Jul2020,Iran,217,14405,434,1085,28810,72025,2414,276202,4828,12070,552404,1381010,240087,2299,8.9892292,21710,209.17857,2423.2588,168.70255,6686.9453,39.637489,8601.335,,,,,,,,,,,,,,,,,,,,,,,,13712.966,15901.2,11515.221,3626.1675,4204.8101,3045.01,1809.6241,2057.5024,1549.8328,691.8988,766.02484,613.93213,518.427,,,34414.477,,,495.67578,495.67578,495.67578,34426.898,34426.898,34426.898,217,,,14405,,,207.47693,207.47693,207.47693,14410.2,14410.2,14410.2,30.172049,107816.13,93094.109,122935.02,16734079,19377072,14309929,518.427,,,34414.477,,,495.67578,495.67578,495.67578,34426.898,34426.898,34426.898,30.172049,,,,,,,518.427,,,34414.477,,,495.67578,495.67578,495.67578,34426.898,34426.898,34426.898,30.172049,,,,,,,.61499411,,,40.824841,,,.58800501,.58800501,.58800501,40.839577,40.839577,40.839577,.25742045,,,17.088211,,,.24612352,.24612352,.24612352,17.094379,17.094379,17.094379,2.8636544,127.89898,110.43469,145.83405,.48084363,,,,,,,,,366.98276,119074.13,324.4679,168212.92,12387.71,11726.64,13215.12,12387.71,11726.64,13215.12,12387.71,11726.64,13215.12,12551.38,11577.44,13489.19,12551.38,11577.44,13489.19,12551.38,11577.44,13489.19,196.14,176.52,214.52,196.14,176.52,214.52,196.14,176.52,214.52,200.06,179.46001,223.95,200.06,179.46001,223.95,200.06,179.46001,223.95,4635556,4360845.5,4939403.5,4635556,4360845.5,4939403.5,4635556,4360845.5,4939403.5,4702057,4335602.5,5049096.5,4702057,4335602.5,5049096.5,4702057,4335602.5,5049096.5,43634.789,39404.129,48085.102,43634.789,39404.129,48085.102,43634.789,39404.129,48085.102,44445.039,39928.051,50551.641,44445.039,39928.051,50551.641,44445.039,39928.051,50551.641,6439.1001,7143.1201,7743.6299,6439.1001,7143.1201,7743.6299,6439.1001,7143.1201,7743.6299,6553.27,7286.77,8193.9805,6553.27,7286.77,8193.9805,6553.27,7286.77,8193.9805,595.56,660.32001,728.28003,595.56,660.32001,728.28003,595.56,660.32001,728.28003,605.84003,673.51001,762.29999,605.84003,673.51001,762.29999,605.84003,673.51001,762.29999,2532.6299,2810.0901,3058.6201,2532.6299,2810.0901,3058.6201,2532.6299,2810.0901,3058.6201,2578.8501,2866.27,3209.3201,2578.8501,2866.27,3209.3201,2578.8501,2866.27,3209.3201,170.00999,188.5,207.91,170.00999,188.5,207.91,170.00999,188.5,207.91,172.95,192.25999,217.62,172.95,192.25999,217.62,172.95,192.25999,217.62,274086.63,303544.31,334253.69,274086.63,303544.31,334253.69,274086.63,303544.31,334253.69,277835.16,309195.84,351435.66,277835.16,309195.84,351435.66,277835.16,309195.84,351435.66,.79000002,.81,.82999998,.79000002,.81,.82999998,.79000002,.81,.82999998,.76999998,.81,.81999999,.76999998,.81,.81999999,.76999998,.81,.81999999,.83999997,.86000001,.88,.83999997,.86000001,.88,.83999997,.86000001,.88,.82999998,.86000001,.88,.82999998,.86000001,.88,.82999998,.86000001,.88,.44950372,.44797337,.44612572,.44950372,.44797337,.44612572,.44950372,.44797337,.44612572,.45012897,.44945848,.44301233,.45012897,.44945848,.44301233,.45012897,.44945848,.44301233,189.98169,68157.422,358.75784,70366.766,14405,14405,14405,217,217,217,276202,276202,276202,2414,2414,2414,8.9892292,8.9892292,8.9892292,167.9077,7854.3999,46.77808,10150.844,,,,,,,,,,,,,,,,,,,,11.124424,19.174036,,,207.96782,486.25116,,,,,222.46758,374.20605,222.46758,374.20605,222.46758,374.20605,11.124424,19.174036,,,1,,2.3890646,2.3890646,2.3890646,.90387094,.90387094,.90387094,1,,1,,44.662857,,,18.07572,18.07572,18.07572,1,,1,,2.3890646,2.3890646,2.3890646,.85995907,.85995907,.85995907,1,,1,,60.58638,,,16.783209,16.783209,16.783209,1,
21Jul2020,Iran,229,14634,458,1145,29268,73170,2625,278827,5250,13125,557654,1394135,242351,2264,8.7238092,21842,212.00893,2441.7856,168.70255,6686.9453,39.637489,9076.9854,,,,,,,,,,,,,,,,,,,,,,,,13609.843,15776.952,11427.409,3621.8374,4198.5464,3041.0505,1796.8992,2040.4655,1536.1969,689.30042,762.28186,611.46362,547.09583,,,34961.57,,,501.73157,501.73157,501.73157,34928.633,34928.633,34928.633,229,,,14634,,,210.01172,210.01172,210.01172,14620.212,14620.212,14620.212,30.207798,106847.57,92417.359,122065.76,16840926,19499136,14402346,547.09583,,,34961.57,,,501.73157,501.73157,501.73157,34928.633,34928.633,34928.633,30.207798,,,,,,,547.09583,,,34961.57,,,501.73157,501.73157,501.73157,34928.633,34928.633,34928.633,30.207798,,,,,,,.64900303,,,41.473843,,,.59518886,.59518886,.59518886,41.434769,41.434769,41.434769,.27165571,,,17.359867,,,.24913049,.24913049,.24913049,17.34351,17.34351,17.34351,3.1139572,126.75,109.63189,144.80287,.51203394,,,,,,,,,366.98276,119074.13,324.4679,177515.03,12581.7,11902.83,13425.15,12581.7,11902.83,13425.15,12581.7,11902.83,13425.15,12749.25,11754.68,13704.44,12749.25,11754.68,13704.44,12749.25,11754.68,13704.44,193.99001,174.67999,211.42,193.99001,174.67999,211.42,193.99001,174.67999,211.42,197.87,177.94,221.77,197.87,177.94,221.77,197.87,177.94,221.77,4677869,4399732.5,4982822.5,4677869,4399732.5,4982822.5,4677869,4399732.5,4982822.5,4745143.5,4377525,5094067.5,4745143.5,4377525,5094067.5,4745143.5,4377525,5094067.5,42313.129,38245.98,46657.18,42313.129,38245.98,46657.18,42313.129,38245.98,46657.18,43086.578,38716.289,49049.512,43086.578,38716.289,49049.512,43086.578,38716.289,49049.512,6336.3501,7018.25,7617.3999,6336.3501,7018.25,7617.3999,6336.3501,7018.25,7617.3999,6441.1802,7159.29,8056.1699,6441.1802,7159.29,8056.1699,6441.1802,7159.29,8056.1699,577.78003,641.32001,707.27002,577.78003,641.32001,707.27002,577.78003,641.32001,707.27002,588.03998,653.96002,740.96997,588.03998,653.96002,740.96997,588.03998,653.96002,740.96997,2501.72,2775.53,3013.8501,2501.72,2775.53,3013.8501,2501.72,2775.53,3013.8501,2548.25,2831.01,3172.72,2548.25,2831.01,3172.72,2548.25,2831.01,3172.72,164.94,183.07001,201.91,164.94,183.07001,201.91,164.94,183.07001,201.91,167.86,186.67999,211.52,167.86,186.67999,211.52,167.86,186.67999,211.52,266155.5,294499.66,324421.53,266155.5,294499.66,324421.53,266155.5,294499.66,324421.53,269533.25,299900.78,341176.66,269533.25,299900.78,341176.66,269533.25,299900.78,341176.66,.79000002,.81,.82999998,.79000002,.81,.82999998,.79000002,.81,.82999998,.76999998,.80000001,.81999999,.76999998,.80000001,.81999999,.76999998,.80000001,.81999999,.83999997,.86000001,.88,.83999997,.86000001,.88,.83999997,.86000001,.88,.82999998,.86000001,.88,.82999998,.86000001,.88,.82999998,.86000001,.88,.45846292,.45672771,.45313498,.45846292,.45672771,.45313498,.45846292,.45672771,.45313498,.45923814,.45959985,.452135,.45923814,.45959985,.452135,.45923814,.45959985,.452135,189.98169,68157.422,358.75784,69595.438,14634,14634,14634,229,229,229,278827,278827,278827,2625,2625,2625,8.7238092,8.7238092,8.7238092,167.9077,7854.3999,46.77808,10712.181,,,,,,,,,,,,,,,,,,,,11.462882,19.05337,,,195.29956,481.69821,,,,,218.12015,371.79944,218.12015,371.79944,218.12015,371.79944,11.462882,19.05337,,,1,,2.3890648,2.3890648,2.3890648,.8471179,.8471179,.8471179,1,,1,,40.703835,,,16.119287,16.119287,16.119287,1,,1,,2.3890646,2.3890646,2.3890646,.85975814,.85975814,.85975814,1,,1,,60.399193,,,16.776958,16.776958,16.776958,1,
22Jul2020,Iran,219,14853,438,1095,29706,74265,2586,281413,5172,12930,562826,1407065,244840,2489,8.4686775,21720,213.85715,2458.7947,168.70255,6686.9453,39.637489,8680.6104,,,,,,,,,,,,,,,,,,,,,,,,13468.855,15633.288,11313.027,3593.5659,4171.0488,3018.3789,1783.6727,2022.5122,1530.4742,686.29688,759.25543,609.55768,523.20514,,,35484.777,,,507.49237,507.49237,507.49237,35436.125,35436.125,35436.125,219,,,14853,,,212.42303,212.42303,212.42303,14832.635,14832.635,14832.635,30.245476,105890.2,91779.086,121173.6,16946816,19620310,14494125,523.20514,,,35484.777,,,507.49237,507.49237,507.49237,35436.125,35436.125,35436.125,30.245476,,,,,,,523.20514,,,35484.777,,,507.49237,507.49237,507.49237,35436.125,35436.125,35436.125,30.245476,,,,,,,.62066227,,,42.094505,,,.60202265,.60202265,.60202265,42.036789,42.036789,42.036789,.25979301,,,17.619659,,,.25199094,.25199094,.25199094,17.595501,17.595501,17.595501,3.0676928,125.6143,108.87472,143.74454,.49410155,,,,,,,,,366.98276,119074.13,324.4679,169763.27,12773.22,12076.96,13631.63,12773.22,12076.96,13631.63,12773.22,12076.96,13631.63,12944.61,11930.39,13916.09,12944.61,11930.39,13916.09,12944.61,11930.39,13916.09,191.53,172.39999,208.17,191.53,172.39999,208.17,191.53,172.39999,208.17,195.37,175.77,219.19,195.37,175.77,219.19,195.37,175.77,219.19,4718899,4437444,5024866.5,4718899,4437444,5024866.5,4718899,4437444,5024866.5,4786911.5,4418361,5137572.5,4786911.5,4418361,5137572.5,4786911.5,4418361,5137572.5,41029.969,37120.531,45334.32,41029.969,37120.531,45334.32,41029.969,37120.531,45334.32,41768.148,37539.879,47589.609,41768.148,37539.879,47589.609,41768.148,37539.879,47589.609,6226.0601,6885.75,7480.3799,6226.0601,6885.75,7480.3799,6226.0601,6885.75,7480.3799,6337.8398,7023.8398,7907.9102,6337.8398,7023.8398,7907.9102,6337.8398,7023.8398,7907.9102,560.82001,622.60999,686.5,560.82001,622.60999,686.5,560.82001,622.60999,686.5,570.56,634.72998,719.90997,570.56,634.72998,719.90997,570.56,634.72998,719.90997,2466.77,2737.27,2965.47,2466.77,2737.27,2965.47,2466.77,2737.27,2965.47,2514.23,2791.9399,3131.3401,2514.23,2791.9399,3131.3401,2514.23,2791.9399,3131.3401,160.09,177.73,195.97,160.09,177.73,195.97,160.09,177.73,195.97,162.87,181.19,205.5,162.87,181.19,205.5,162.87,181.19,205.5,258429.95,285696.28,315360.78,258429.95,285696.28,315360.78,258429.95,285696.28,315360.78,261454.69,290856.44,331178.75,261454.69,290856.44,331178.75,261454.69,290856.44,331178.75,.77999997,.81,.82999998,.77999997,.81,.82999998,.77999997,.81,.82999998,.76999998,.80000001,.81999999,.76999998,.80000001,.81999999,.76999998,.80000001,.81999999,.83999997,.86000001,.88,.83999997,.86000001,.88,.83999997,.86000001,.88,.82999998,.86000001,.88,.82999998,.86000001,.88,.82999998,.86000001,.88,.46680513,.46443298,.45918852,.46680513,.46443298,.45918852,.46680513,.46443298,.45918852,.46774876,.46822208,.46058375,.46774876,.46822208,.46058375,.46774876,.46822208,.46058375,189.98169,68157.422,358.75784,68712.891,14853,14853,14853,219,219,219,281413,281413,281413,2586,2586,2586,8.4686775,8.4686775,8.4686775,167.9077,7854.3999,46.77808,10244.399,,,,,,,,,,,,,,,,,,,,11.808219,18.946543,,,202.38754,477.5799,,,,,214.22215,369.43692,214.22215,369.43692,214.22215,369.43692,11.808219,18.946543,,,1,,2.3890646,2.3890646,2.3890646,.8745662,.8745662,.8745662,1,,1,,40.947487,,,15.866191,15.866191,15.866191,1,,1,,2.3890646,2.3890646,2.3890646,.85997576,.85997576,.85997576,1,,1,,60.220444,,,16.768589,16.768589,16.768589,1,
23Jul2020,Iran,221,15074,442,1105,30148,75370,2621,284034,5242,13105,568068,1420170,247230,2390,8.4318962,21730,214.83929,2472.9822,168.70255,6686.9453,39.637489,8759.8848,,,,,,,,,,,,,,,,,,,,,,,,13262.675,15409.994,11148.867,3559.2017,4135.4614,2991.9355,1770.0066,2007.4133,1520.7913,682.64093,755.328,607.00287,527.98328,,,36012.762,,,512.64392,512.64392,512.64392,35948.77,35948.77,35948.77,221,,,15074,,,214.57935,214.57935,214.57935,15047.214,15047.214,15047.214,30.283251,104947.84,91182.109,120265.13,17051764,19740576,14585308,527.98328,,,36012.762,,,512.64392,512.64392,512.64392,35948.77,35948.77,35948.77,30.283251,,,,,,,527.98328,,,36012.762,,,512.64392,512.64392,512.64392,35948.77,35948.77,35948.77,30.283251,,,,,,,.62633044,,,42.720837,,,.60813379,.60813379,.60813379,42.644924,42.644924,42.644924,.26216555,,,17.881824,,,.25454891,.25454891,.25454891,17.85005,17.85005,17.85005,3.1092122,124.49641,108.16655,142.66684,.50309116,,,,,,,,,366.98276,119074.13,324.4679,171313.63,12962,12248.76,13834.34,12962,12248.76,13834.34,12962,12248.76,13834.34,13137.18,12104.28,14123.89,13137.18,12104.28,14123.89,13137.18,12104.28,14123.89,188.78,169.97,204.66,188.78,169.97,204.66,188.78,169.97,204.66,192.57001,173.33,216.25,192.57001,173.33,216.25,192.57001,173.33,216.25,4758682.5,4474014,5065590,4758682.5,4474014,5065590,4758682.5,4474014,5065590,4827400,4458136,5179656.5,4827400,4458136,5179656.5,4827400,4458136,5179656.5,39783.672,35994.238,44046.301,39783.672,35994.238,44046.301,39783.672,35994.238,44046.301,40488.031,36397.43,46170.121,40488.031,36397.43,46170.121,40488.031,36397.43,46170.121,6109.5,6746.9902,7340.7598,6109.5,6746.9902,7340.7598,6109.5,6746.9902,7340.7598,6211.3901,6881.8501,7750.98,6211.3901,6881.8501,7750.98,6211.3901,6881.8501,7750.98,544.77002,604.28003,666.08002,544.77002,604.28003,666.08002,544.77002,604.28003,666.08002,553.44,615.88,699.21002,553.44,615.88,699.21002,553.44,615.88,699.21002,2432.1101,2695.78,2913.99,2432.1101,2695.78,2913.99,2432.1101,2695.78,2913.99,2474.72,2749.51,3085.72,2474.72,2749.51,3085.72,2474.72,2749.51,3085.72,155.50999,172.49001,190.14,155.50999,172.49001,190.14,155.50999,172.49001,190.14,157.98,175.8,199.59,157.98,175.8,199.59,157.98,175.8,199.59,250721.45,277129.91,306521.59,250721.45,277129.91,306521.59,250721.45,277129.91,306521.59,253595.31,282058.22,321437.94,253595.31,282058.22,321437.94,253595.31,282058.22,321437.94,.77999997,.81,.82999998,.77999997,.81,.82999998,.77999997,.81,.82999998,.76999998,.80000001,.81999999,.76999998,.80000001,.81999999,.76999998,.80000001,.81999999,.83999997,.86000001,.88,.83999997,.86000001,.88,.83999997,.86000001,.88,.82999998,.86000001,.88,.82999998,.86000001,.88,.82999998,.86000001,.88,.47451627,.47221446,.46464744,.47451627,.47221446,.46464744,.47451627,.47221446,.46464744,.47562206,.47621495,.46837652,.47562206,.47621495,.46837652,.47562206,.47621495,.46837652,189.98169,68157.422,358.75784,67726.305,15074,15074,15074,221,221,221,284034,284034,284034,2621,2621,2621,8.4318962,8.4318962,8.4318962,167.9077,7854.3999,46.77808,10337.956,,,,,,,,,,,,,,,,,,,,11.859729,18.842644,,,198.77113,473.49225,,,,,210.74092,367.12564,210.74092,367.12564,210.74092,367.12564,11.859729,18.842644,,,1,,2.3890646,2.3890646,2.3890646,.85420811,.85420811,.85420811,1,,1,,40.041142,,,15.178814,15.178814,15.178814,1,,1,,2.3890648,2.3890648,2.3890648,.85989118,.85989118,.85989118,1,,1,,60.034237,,,16.753918,16.753918,16.753918,1,
24Jul2020,Iran,215,15289,430,1075,30578,76445,2489,286523,4978,12445,573046,1432615,249212,1982,8.6380072,22022,215.05357,2483.4197,168.70255,6686.9453,39.637489,8522.0605,,,,,,,,,,,,,,,,,,,,,,,,13182.819,15291.4,11040.944,3563.3386,4133.292,2984.386,1755.9623,1993.368,1510.8279,678.07849,748.83331,602.82739,513.64893,,,36526.41,,,516.85486,516.85486,516.85486,36465.621,36465.621,36465.621,215,,,15289,,,216.34193,216.34193,216.34193,15263.557,15263.557,15263.557,30.319878,104024.13,90629.25,119346.73,17155788,19859922,14675937,513.64893,,,36526.41,,,516.85486,516.85486,516.85486,36465.621,36465.621,36465.621,30.319878,,,,,,,513.64893,,,36526.41,,,516.85486,516.85486,516.85486,36465.621,36465.621,36465.621,30.319878,,,,,,,.609326,,,43.330162,,,.61312914,.61312914,.61312914,43.258053,43.258053,43.258053,.25504792,,,18.136873,,,.25663981,.25663981,.25663981,18.106689,18.106689,18.106689,2.9526246,123.40064,107.5107,141.57738,.49377865,,,,,,,,,366.98276,119074.13,324.4679,166662.59,13147.79,12417.99,14033.07,13147.79,12417.99,14033.07,13147.79,12417.99,14033.07,13326.69,12276.06,14327.6,13326.69,12276.06,14327.6,13326.69,12276.06,14327.6,185.78999,167.53,201.19,185.78999,167.53,201.19,185.78999,167.53,201.19,189.50999,170.47,212.98,189.50999,170.47,212.98,189.50999,170.47,212.98,4797255.5,4509474.5,5105138,4797255.5,4509474.5,5105138,4797255.5,4509474.5,5105138,4866645,4496875.5,5220364.5,4866645,4496875.5,5220364.5,4866645,4496875.5,5220364.5,38573.102,34887.969,42718.059,38573.102,34887.969,42718.059,38573.102,34887.969,42718.059,39244.988,35287.879,44789.789,39244.988,35287.879,44789.789,39244.988,35287.879,44789.789,5980.4102,6603.29,7196.3799,5980.4102,6603.29,7196.3799,5980.4102,6603.29,7196.3799,6080.3701,6734.6899,7587.0601,6080.3701,6734.6899,7587.0601,6080.3701,6734.6899,7587.0601,529.07001,586.37,646.09003,529.07001,586.37,646.09003,529.07001,586.37,646.09003,536.72998,597.46002,678.95001,536.72998,597.46002,678.95001,536.72998,597.46002,678.95001,2395.29,2651.48,2868.3799,2395.29,2651.48,2868.3799,2395.29,2651.48,2868.3799,2437.27,2704.1799,3036.4099,2437.27,2704.1799,3036.4099,2437.27,2704.1799,3036.4099,151.03,167.38,184.42999,151.03,167.38,184.42999,151.03,167.38,184.42999,153.21001,170.53999,193.8,153.21001,170.53999,193.8,153.21001,170.53999,193.8,243109.84,268796.25,297765.84,243109.84,268796.25,297765.84,243109.84,268796.25,297765.84,245951.06,273501.56,311950.41,245951.06,273501.56,311950.41,245951.06,273501.56,311950.41,.77999997,.81,.82999998,.77999997,.81,.82999998,.77999997,.81,.82999998,.76999998,.80000001,.81999999,.76999998,.80000001,.81999999,.76999998,.80000001,.81999999,.83999997,.86000001,.88,.83999997,.86000001,.88,.83999997,.86000001,.88,.82999998,.86000001,.88,.82999998,.86000001,.88,.82999998,.86000001,.88,.48165688,.48019418,.47097179,.48165688,.48019418,.47097179,.48165688,.48019418,.47097179,.48288968,.48308372,.47551015,.48288968,.48308372,.47551015,.48288968,.48308372,.47551015,189.98169,68157.422,358.75784,66653.617,15289,15289,15289,215,215,215,286523,286523,286523,2489,2489,2489,8.6380072,8.6380072,8.6380072,167.9077,7854.3999,46.77808,10057.287,,,,,,,,,,,,,,,,,,,,11.576744,18.740467,,,202.5199,469.68173,,,,,207.61668,364.87161,207.61668,364.87161,207.61668,364.87161,11.576744,18.740467,,,1,,2.3890648,2.3890648,2.3890648,.8641395,.8641395,.8641395,1,,1,,41.793541,,,15.497429,15.497429,15.497429,1,,1,,2.3890648,2.3890648,2.3890648,.85995096,.85995096,.85995096,1,,1,,59.875778,,,16.743004,16.743004,16.743004,1,
25Jul2020,Iran,195,15484,390,975,30968,77420,2316,288839,4632,11580,577678,1444195,251319,2107,8.4196892,22036,214.63393,2492.4822,168.70255,6686.9453,39.637489,7729.3105,,,,,,,,,,,,,,,,,,,,,,,,13219.346,15305.648,11033.072,3601.4109,4169.7925,3005.7937,1741.601,1976.2174,1498.7211,672.44366,743.06592,597.78302,465.86761,,,36992.277,,,519.7879,519.7879,519.7879,36985.41,36985.41,36985.41,195,,,15484,,,217.56961,217.56961,217.56961,15481.126,15481.126,15481.126,30.354523,103122.88,90039.227,118424.54,17258912,19978346,14765976,465.86761,,,36992.277,,,519.7879,519.7879,519.7879,36985.41,36985.41,36985.41,30.354523,,,,,,,465.86761,,,36992.277,,,519.7879,519.7879,519.7879,36985.41,36985.41,36985.41,30.354523,,,,,,,.55264449,,,43.882809,,,.61660844,.61660844,.61660844,43.87466,43.87466,43.87466,.23132254,,,18.368196,,,.25809619,.25809619,.25809619,18.364786,18.364786,18.364786,2.7474,122.33153,106.81078,140.48341,.4517597,,,,,,,,,366.98276,119074.13,324.4679,151159.08,13330.37,12584.43,14227.67,13330.37,12584.43,14227.67,13330.37,12584.43,14227.67,13512.92,12445.51,14527.02,13512.92,12445.51,14527.02,13512.92,12445.51,14527.02,182.58,164.88,197.92,182.58,164.88,197.92,182.58,164.88,197.92,186.23,167.69,209.42,186.23,167.69,209.42,186.23,167.69,209.42,4834653,4543535,5143416.5,4834653,4543535,5143416.5,4834653,4543535,5143416.5,4904683,4534605,5259738,4904683,4534605,5259738,4904683,4534605,5259738,37397.34,33758.309,41360.82,37397.34,33758.309,41360.82,37397.34,33758.309,41360.82,38038.078,34210.34,43447.719,38038.078,34210.34,43447.719,38038.078,34210.34,43447.719,5840.9399,6455.8398,7045.6099,5840.9399,6455.8398,7045.6099,5840.9399,6455.8398,7045.6099,5946.0298,6583.6001,7417.7202,5946.0298,6583.6001,7417.7202,5946.0298,6583.6001,7417.7202,513.76001,568.89001,626.58002,513.76001,568.89001,626.58002,513.76001,568.89001,626.58002,520.57001,579.48999,659.14001,520.57001,579.48999,659.14001,520.57001,579.48999,659.14001,2354.72,2604.79,2819.6599,2354.72,2604.79,2819.6599,2354.72,2604.79,2819.6599,2400.28,2656.3701,2983.9399,2400.28,2656.3701,2983.9399,2400.28,2656.3701,2983.9399,146.64999,162.39,178.86,146.64999,162.39,178.86,146.64999,162.39,178.86,148.59,165.41,188.14999,148.59,165.41,188.14999,148.59,165.41,188.14999,235494.8,260712.88,288384.78,235494.8,260712.88,288384.78,235494.8,260712.88,288384.78,238518.39,265205.88,302735.88,238518.39,265205.88,302735.88,238518.39,265205.88,302735.88,.91000003,.95999998,1,.91000003,.95999998,1,.91000003,.95999998,1,.91000003,.94999999,.99000001,.91000003,.94999999,.99000001,.91000003,.94999999,.99000001,.98000002,1.02,1.0700001,.98000002,1.02,1.0700001,.98000002,1.02,1.0700001,.98000002,1.02,1.0599999,.98000002,1.02,1.0599999,.98000002,1.02,1.0599999,.48821655,.4884131,.47852048,.48821655,.4884131,.47852048,.48821655,.4884131,.47852048,.48958835,.49017346,.48200458,.48958835,.49017346,.48200458,.48958835,.49017346,.48200458,189.98169,68157.422,358.75784,65502.008,15484,15484,15484,195,195,195,288839,288839,288839,2316,2316,2316,8.4196892,8.4196892,8.4196892,167.9077,7854.3999,46.77808,9121.7256,,,,,,,,,,,,,,,,,,,,11.876923,18.65403,,,221.35663,466.55447,,,,,204.82715,362.67957,204.82715,362.67957,204.82715,362.67957,11.876923,18.65403,,,1,,2.3890648,2.3890648,2.3890648,.93630773,.93630773,.93630773,1,,1,,44.526287,,,16.147383,16.147383,16.147383,1,,1,,2.3890646,2.3890646,2.3890646,.86091256,.86091256,.86091256,1,,1,,59.752705,,,16.738228,16.738228,16.738228,1,
26Jul2020,Iran,216,15700,432,1080,31400,78500,2333,291172,4666,11665,582344,1455860,253213,1894,9.2584658,22259,213.94643,2502.4731,168.70255,6686.9453,39.637489,8561.6973,,,,,,,,,,,,,,,,,,,,,,,,13194.263,15245.663,10997.195,3647.0923,4214.1299,3039.7898,1726.9851,1959.3778,1485.7793,665.67303,735.97504,591.79236,516.03796,,,37508.316,,,521.10669,521.10669,521.10669,37506.516,37506.516,37506.516,216,,,15700,,,218.12164,218.12164,218.12164,15699.247,15699.247,15699.247,30.386358,102247.98,89448.836,117504.44,17361160,20095852,14855425,516.03796,,,37508.316,,,521.10669,521.10669,521.10669,37506.516,37506.516,37506.516,30.386358,,,,,,,516.03796,,,37508.316,,,521.10669,521.10669,521.10669,37506.516,37506.516,37506.516,30.386358,,,,,,,.61216009,,,44.494968,,,.61817294,.61817294,.61817294,44.492836,44.492836,44.492836,.2562342,,,18.62443,,,.25875103,.25875103,.25875103,18.623537,18.623537,18.623537,2.7675667,121.29365,106.11042,139.39192,.50469261,,,,,,,,,366.98276,119074.13,324.4679,167437.75,13509.56,12747.91,14418.01,13509.56,12747.91,14418.01,13509.56,12747.91,14418.01,13695.69,12612.41,14722.01,13695.69,12612.41,14722.01,13695.69,12612.41,14722.01,179.19,162.03999,194.39999,179.19,162.03999,194.39999,179.19,162.03999,194.39999,182.75999,165.03,205.62,182.75999,165.03,205.62,182.75999,165.03,205.62,4871339,4576934.5,5180885,4871339,4576934.5,5180885,4871339,4576934.5,5180885,4941978.5,4571779,5298235.5,4941978.5,4571779,5298235.5,4941978.5,4571779,5298235.5,36686.172,33009.43,40484.988,36686.172,33009.43,40484.988,36686.172,33009.43,40484.988,37295.68,33543.621,42510.07,37295.68,33543.621,42510.07,37295.68,33543.621,42510.07,5699.3301,6305.7402,6889.9302,5699.3301,6305.7402,6889.9302,5699.3301,6305.7402,6889.9302,5807.1699,6429.71,7244.3799,5807.1699,6429.71,7244.3799,5807.1699,6429.71,7244.3799,498.91,551.95001,608.72998,498.91,551.95001,608.72998,498.91,551.95001,608.72998,505.03,562.08002,639.89001,505.03,562.08002,639.89001,505.03,562.08002,639.89001,2312.01,2556.1101,2770.6499,2312.01,2556.1101,2770.6499,2312.01,2556.1101,2770.6499,2357.8301,2606.51,2928.8,2357.8301,2606.51,2928.8,2357.8301,2606.51,2928.8,142.41,157.55,173.75999,142.41,157.55,173.75999,142.41,157.55,173.75999,144.16,160.44,182.64999,144.16,160.44,182.64999,144.16,160.44,182.64999,233491.77,258832.27,285209.53,233491.77,258832.27,285209.53,233491.77,258832.27,285209.53,237340.88,263093.38,298867.28,237340.88,263093.38,298867.28,237340.88,263093.38,298867.28,.91000003,.95999998,1,.91000003,.95999998,1,.91000003,.95999998,1,.91000003,.94999999,.99000001,.91000003,.94999999,.99000001,.91000003,.94999999,.99000001,.98000002,1.02,1.0700001,.98000002,1.02,1.0700001,.98000002,1.02,1.0700001,.98000002,1.02,1.0599999,.98000002,1.02,1.0599999,.98000002,1.02,1.0599999,.48844019,.49089003,.48017797,.48844019,.49089003,.48017797,.48844019,.49089003,.48017797,.49002993,.49198624,.48369715,.49002993,.49198624,.48369715,.49002993,.49198624,.48369715,189.98169,68157.422,358.75784,64285.82,15700,15700,15700,216,216,216,291172,291172,291172,2333,2333,2333,9.2584658,9.2584658,9.2584658,167.9077,7854.3999,46.77808,10104.065,,,,,,,,,,,,,,,,,,,,10.800926,18.545988,,,198.14041,462.8616,,,,,204.73337,360.58459,204.73337,360.58459,204.73337,360.58459,10.800926,18.545988,,,1,,2.3890646,2.3890646,2.3890646,.82958335,.82958335,.82958335,1,,1,,43.826824,,,15.724892,15.724892,15.724892,1,,1,,2.3890648,2.3890648,2.3890648,.8604815,.8604815,.8604815,1,,1,,59.625103,,,16.730108,16.730108,16.730108,1,
27Jul2020,Iran,212,15912,424,1060,31824,79560,2434,293606,4868,12170,587212,1468030,255144,1931,8.7099428,22550,213.39285,2516.9822,168.70255,6686.9453,39.637489,8403.1475,,,,,,,,,,,,,,,,,,,,,,,,13319.113,15432.865,11089.485,3732.6919,4325.0723,3107.8367,1712.1781,1942.6742,1473.1451,657.72516,727.52277,584.79645,506.48172,,,38014.797,,,520.48523,520.48523,520.48523,38027.004,38027.004,38027.004,212,,,15912,,,217.86151,217.86151,217.86151,15917.109,15917.109,15917.109,30.414026,101403.05,88738.586,116596.55,17462562,20212448,14944163,506.48172,,,38014.797,,,520.48523,520.48523,520.48523,38027.004,38027.004,38027.004,30.414026,,,,,,,506.48172,,,38014.797,,,520.48523,520.48523,520.48523,38027.004,38027.004,38027.004,30.414026,,,,,,,.60082376,,,45.095791,,,.61743575,.61743575,.61743575,45.110271,45.110271,45.110271,.2514891,,,18.875919,,,.25844246,.25844246,.25844246,18.881979,18.881979,18.881979,2.8873799,120.29134,105.26787,138.31493,.49947387,,,,,,,,,366.98276,119074.13,324.4679,164337.06,13685.2,12908.27,14604,13685.2,12908.27,14604,13685.2,12908.27,14604,13874.83,12776.57,14912.45,13874.83,12776.57,14912.45,13874.83,12776.57,14912.45,175.64999,158.95,190.87,175.64999,158.95,190.87,175.64999,158.95,190.87,179.14,161.78,201.62,179.14,161.78,201.62,179.14,161.78,201.62,4907791,4610226,5218020,4907791,4610226,5218020,4907791,4610226,5218020,4979007,4608844,5336322,4979007,4608844,5336322,4979007,4608844,5336322,36451.719,32729.24,40071.609,36451.719,32729.24,40071.609,36451.719,32729.24,40071.609,37028.25,33433.871,41991.219,37028.25,33433.871,41991.219,37028.25,33433.871,41991.219,5556.8501,6154.3398,6730.9902,5556.8501,6154.3398,6730.9902,5556.8501,6154.3398,6730.9902,5662.9199,6274.4302,7076.9199,5662.9199,6274.4302,7076.9199,5662.9199,6274.4302,7076.9199,485.20999,536.28998,592.40997,485.20999,536.28998,592.40997,485.20999,536.28998,592.40997,490.81,545.96002,621.83002,490.81,545.96002,621.83002,490.81,545.96002,621.83002,2266.8301,2505.9199,2720.1101,2266.8301,2505.9199,2720.1101,2266.8301,2505.9199,2720.1101,2311.6899,2555.0601,2871.54,2311.6899,2555.0601,2871.54,2311.6899,2555.0601,2871.54,138.5,153.07001,169.10001,138.5,153.07001,169.10001,138.5,153.07001,169.10001,140.10001,155.83,177.49001,140.10001,155.83,177.49001,140.10001,155.83,177.49001,231330.34,256999.19,282156.28,231330.34,256999.19,282156.28,231330.34,256999.19,282156.28,236235.47,261030.2,295113.75,236235.47,261030.2,295113.75,236235.47,261030.2,295113.75,.91000003,.95999998,1,.91000003,.95999998,1,.91000003,.95999998,1,.91000003,.94999999,.99000001,.91000003,.94999999,.99000001,.91000003,.94999999,.99000001,.98000002,1.02,1.0700001,.98000002,1.02,1.0700001,.98000002,1.02,1.0700001,.98000002,1.02,1.0599999,.98000002,1.02,1.0599999,.98000002,1.02,1.0599999,.48187026,.48565134,.47632226,.48187026,.48565134,.47632226,.48187026,.48565134,.47632226,.48379278,.48388055,.48014799,.48379278,.48388055,.48014799,.48379278,.48388055,.48014799,189.98169,68157.422,358.75784,63015.813,15912,15912,15912,212,212,212,293606,293606,293606,2434,2434,2434,8.7099428,8.7099428,8.7099428,167.9077,7854.3999,46.77808,9916.9531,,,,,,,,,,,,,,,,,,,,11.481133,18.45186,,,200.21068,459.36224,,,,,207.52473,358.62033,207.52473,358.62033,207.52473,358.62033,11.481133,18.45186,,,1,,2.3890648,2.3890648,2.3890648,.8285377,.8285377,.8285377,1,,1,,41.661072,,,14.976055,14.976055,14.976055,1,,1,,2.3890646,2.3890646,2.3890646,.86005533,.86005533,.86005533,1,,1,,59.476177,,,16.715569,16.715569,16.715569,1,
28Jul2020,Iran,235,16147,470,1175,32294,80735,2667,296273,5334,13335,592546,1481365,257019,1875,8.8113985,23107,212.97322,2538.8213,168.70255,6686.9453,39.637489,9314.8096,,,,,,,,,,,,,,,,,,,,,,,,13097.185,15215.877,10906.838,3777.8223,4388.9487,3146.0266,1697.2435,1925.4854,1460.8685,648.58795,717.70349,576.76147,561.43018,,,38576.227,,,517.62567,517.62567,517.62567,38544.629,38544.629,38544.629,235,,,16147,,,216.66458,216.66458,216.66458,16133.773,16133.773,16133.773,30.435188,100591.59,87995.438,115710.2,17563154,20328158,15032159,561.43018,,,38576.227,,,517.62567,517.62567,517.62567,38544.629,38544.629,38544.629,30.435188,,,,,,,561.43018,,,38576.227,,,517.62567,517.62567,517.62567,38544.629,38544.629,38544.629,30.435188,,,,,,,.66600746,,,45.761799,,,.61404353,.61404353,.61404353,45.724316,45.724316,45.724316,.27877331,,,19.154692,,,.25702256,.25702256,.25702256,19.139002,19.139002,19.139002,3.1637805,119.32873,104.3863,137.26347,.5581283,,,,,,,,,366.98276,119074.13,324.4679,182166.06,13857.19,13065.39,14785.56,13857.19,13065.39,14785.56,13857.19,13065.39,14785.56,14050.22,12937.84,15098.24,14050.22,12937.84,15098.24,14050.22,12937.84,15098.24,171.99001,155.64999,187.19,171.99001,155.64999,187.19,171.99001,155.64999,187.19,175.39,158.44,197.44,175.39,158.44,197.44,175.39,158.44,197.44,4944133,4643536,5254947.5,4944133,4643536,5254947.5,4944133,4643536,5254947.5,5015892.5,4645914,5374163,5015892.5,4645914,5374163,5015892.5,4645914,5374163,36342.262,32591.311,39782.77,36342.262,32591.311,39782.77,36342.262,32591.311,39782.77,36885.809,33451.309,41587.23,36885.809,33451.309,41587.23,36885.809,33451.309,41587.23,5415.5298,6003.75,6571.0801,5415.5298,6003.75,6571.0801,5415.5298,6003.75,6571.0801,5520.1602,6119.8799,6910.4702,5520.1602,6119.8799,6910.4702,5520.1602,6119.8799,6910.4702,473.14001,522.75,577.92999,473.14001,522.75,577.92999,473.14001,522.75,577.92999,478.84,531.97998,605.70001,478.84,531.97998,605.70001,478.84,531.97998,605.70001,2220.29,2454.9099,2667.99,2220.29,2454.9099,2667.99,2220.29,2454.9099,2667.99,2264.9399,2502.75,2812.8999,2264.9399,2502.75,2812.8999,2264.9399,2502.75,2812.8999,135.05,149.21001,164.96001,135.05,149.21001,164.96001,135.05,149.21001,164.96001,136.67999,151.84,172.88,136.67999,151.84,172.88,136.67999,151.84,172.88,229200.56,255182.41,279143.53,229200.56,255182.41,279143.53,229200.56,255182.41,279143.53,235225.73,258988.2,291413.88,235225.73,258988.2,291413.88,235225.73,258988.2,291413.88,.91000003,.95999998,1,.91000003,.95999998,1,.91000003,.95999998,1,.91000003,.94999999,.99000001,.91000003,.94999999,.99000001,.91000003,.94999999,.99000001,.98000002,1.02,1.0700001,.98000002,1.02,1.0700001,.98000002,1.02,1.0700001,.98000002,1.02,1.0599999,.98000002,1.02,1.0599999,.98000002,1.02,1.0599999,.47325069,.47758126,.47053033,.47325069,.47758126,.47053033,.47325069,.47758126,.47053033,.47549453,.47364366,.47476113,.47549453,.47364366,.47476113,.47549453,.47364366,.47476113,189.98169,68157.422,358.75784,61702.762,16147,16147,16147,235,235,235,296273,296273,296273,2667,2667,2667,8.8113985,8.8113985,8.8113985,167.9077,7854.3999,46.77808,10992.849,,,,,,,,,,,,,,,,,,,,11.348936,18.348486,,,179.17027,455.28439,,,,,211.3045,356.79187,211.3045,356.79187,211.3045,356.79187,11.348936,18.348486,,,1,,2.3890646,2.3890646,2.3890646,.73187238,.73187238,.73187238,1,,1,,37.717133,,,13.626645,13.626645,13.626645,1,,1,,2.3890646,2.3890646,2.3890646,.85818976,.85818976,.85818976,1,,1,,59.280304,,,16.687761,16.687761,16.687761,1,
29Jul2020,Iran,196,16343,392,980,32686,81715,2636,298909,5272,13180,597818,1494545,259116,2097,7.4355083,23450,212.75893,2565.616,168.70255,6686.9453,39.637489,7768.9478,,,,,,,,,,,,,,,,,,,,,,,,13215.378,15376.86,11028.161,3855.4231,4486.0083,3217.3293,1682.2427,1909.1514,1448.998,638.52484,707.07562,567.92419,468.25668,,,39044.484,,,512.5387,512.5387,512.5387,39057.168,39057.168,39057.168,196,,,16343,,,214.53531,214.53531,214.53531,16348.309,16348.309,16348.309,30.446531,99816.82,86973.852,114529.15,17662970,20442688,15119133,468.25668,,,39044.484,,,512.5387,512.5387,512.5387,39057.168,39057.168,39057.168,30.446531,,,,,,,468.25668,,,39044.484,,,512.5387,512.5387,512.5387,39057.168,39057.168,39057.168,30.446531,,,,,,,.55547857,,,46.317276,,,.60800898,.60800898,.60800898,46.332321,46.332321,46.332321,.23250881,,,19.387201,,,.25449666,.25449666,.25449666,19.393499,19.393499,19.393499,3.1270063,118.40965,103.17442,135.86243,.469116,,,,,,,,,366.98276,119074.13,324.4679,151934.27,14025.45,13219.19,14962.68,14025.45,13219.19,14962.68,14025.45,13219.19,14962.68,14221.78,13097.33,15281.49,14221.78,13097.33,15281.49,14221.78,13097.33,15281.49,168.25,152.17,183.38,168.25,152.17,183.38,168.25,152.17,183.38,171.56,155.03,193.14999,171.56,155.03,193.14999,171.56,155.03,193.14999,4980359,4676856,5291662.5,4980359,4676856,5291662.5,4980359,4676856,5291662.5,5052630,4682979.5,5411978,5052630,4682979.5,5411978,5052630,4682979.5,5411978,36226.102,32565.039,39568.109,36226.102,32565.039,39568.109,36226.102,32565.039,39568.109,36737.219,33438.969,41183.148,36737.219,33438.969,41183.148,36737.219,33438.969,41183.148,5281.6299,5856.5,6412.8301,5281.6299,5856.5,6412.8301,5281.6299,5856.5,6412.8301,5381.46,5968.6201,6746.04,5381.46,5968.6201,6746.04,5381.46,5968.6201,6746.04,463.29999,511.64999,565.28003,463.29999,511.64999,565.28003,463.29999,511.64999,565.28003,469.45001,520.42999,591.75,469.45001,520.42999,591.75,469.45001,520.42999,591.75,2173.02,2403.9099,2615.1299,2173.02,2403.9099,2615.1299,2173.02,2403.9099,2615.1299,2218.4199,2450.3999,2755.7,2218.4199,2450.3999,2755.7,2218.4199,2450.3999,2755.7,132.24001,146.03999,161.34,132.24001,146.03999,161.34,132.24001,146.03999,161.34,133.99001,148.55,168.89999,133.99001,148.55,168.89999,133.99001,148.55,168.89999,227945.38,253376.66,276460.31,227945.38,253376.66,276460.31,227945.38,253376.66,276460.31,234088.44,256960.98,287755.75,234088.44,256960.98,287755.75,234088.44,256960.98,287755.75,.91000003,.95999998,1,.91000003,.95999998,1,.91000003,.95999998,1,.91000003,.94999999,.99000001,.91000003,.94999999,.99000001,.91000003,.94999999,.99000001,.98000002,1.02,1.0700001,.98000002,1.02,1.0700001,.98000002,1.02,1.0700001,.98000002,1.02,1.0599999,.98000002,1.02,1.0599999,.98000002,1.02,1.0599999,.46444413,.46728027,.46345404,.46444413,.46728027,.46345404,.46444413,.46728027,.46345404,.46699235,.46362075,.46900249,.46699235,.46362075,.46900249,.46699235,.46362075,.46900249,189.98169,68157.422,358.75784,60361.008,16343,16343,16343,196,196,196,298909,298909,298909,2636,2636,2636,7.4355083,7.4355083,7.4355083,167.9077,7854.3999,46.77808,9168.5039,,,,,,,,,,,,,,,,,,,,13.448979,18.289726,,,213.16689,452.38068,,,,,215.31116,355.09442,215.31116,355.09442,215.31116,355.09442,13.448979,18.289726,,,1,,2.3890648,2.3890648,2.3890648,.85841835,.85841835,.85841835,1,,1,,37.866776,,,13.74283,13.74283,13.74283,1,,1,,2.3890648,2.3890648,2.3890648,.8581931,.8581931,.8581931,1,,1,,59.091461,,,16.661791,16.661791,16.661791,1,
30Jul2020,Iran,226,16569,452,1130,33138,82845,2621,301530,5242,13105,603060,1507650,261200,2084,8.6226635,23761,212.33035,2594.1428,168.70255,6686.9453,39.637489,8958.0723,,,,,,,,,,,,,,,,,,,,,,,,13527.954,15731.176,11318.531,3954.4033,4598.4346,3308.5591,1667.235,1896.8438,1437.5815,628.12415,697.14832,558.8476,539.92859,,,39584.414,,,505.61206,505.61206,505.61206,39562.777,39562.777,39562.777,226,,,16569,,,211.63599,211.63599,211.63599,16559.945,16559.945,16559.945,30.444378,99081.508,86040.375,113372.04,17762052,20556060,15205173,539.92859,,,39584.414,,,505.61206,505.61206,505.61206,39562.777,39562.777,39562.777,30.444378,,,,,,,539.92859,,,39584.414,,,505.61206,505.61206,505.61206,39562.777,39562.777,39562.777,30.444378,,,,,,,.64050078,,,46.957779,,,.59979212,.59979212,.59979212,46.932114,46.932114,46.932114,.26809689,,,19.655298,,,.2510573,.2510573,.2510573,19.644556,19.644556,19.644556,3.1092122,117.53736,102.06706,134.48978,.54493374,,,,,,,,,366.98276,119074.13,324.4679,175189.5,14189.94,13369.64,15135.36,14189.94,13369.64,15135.36,14189.94,13369.64,15135.36,14389.49,13254.91,15460.25,14389.49,13254.91,15460.25,14389.49,13254.91,15460.25,164.49001,148.62,179.48,164.49001,148.62,179.48,164.49001,148.62,179.48,167.7,151.55,188.88,167.7,151.55,188.88,167.7,151.55,188.88,5016429.5,4710143,5328128,5016429.5,4710143,5328128,5016429.5,4710143,5328128,5089179.5,4720000.5,5449466,5089179.5,4720000.5,5449466,5089179.5,4720000.5,5449466,36070.422,32497.85,39433.359,36070.422,32497.85,39433.359,36070.422,32497.85,39433.359,36549.711,33383.969,40749.52,36549.711,33383.969,40749.52,36549.711,33383.969,40749.52,5158.4502,5714.9502,6258.6899,5158.4502,5714.9502,6258.6899,5158.4502,5714.9502,6258.6899,5249.21,5823.0298,6585.9302,5249.21,5823.0298,6585.9302,5249.21,5823.0298,6585.9302,454.51999,502.78,553.90997,454.51999,502.78,553.90997,454.51999,502.78,553.90997,462.28,511.13,579.82001,462.28,511.13,579.82001,462.28,511.13,579.82001,2125.9099,2353.7,2562.3601,2125.9099,2353.7,2562.3601,2125.9099,2353.7,2562.3601,2170.7,2398.8201,2700.1699,2170.7,2398.8201,2700.1699,2170.7,2398.8201,2700.1699,129.73,143.50999,158.10001,129.73,143.50999,158.10001,129.73,143.50999,158.10001,131.94,145.89,165.49001,131.94,145.89,165.49001,131.94,145.89,165.49001,226754.19,251579.77,274849.41,226754.19,251579.77,274849.41,226754.19,251579.77,274849.41,232952.66,254945.75,284133.13,232952.66,254945.75,284133.13,232952.66,254945.75,284133.13,.91000003,.95999998,1,.91000003,.95999998,1,.91000003,.95999998,1,.91000003,.94999999,.99000001,.91000003,.94999999,.99000001,.91000003,.94999999,.99000001,.98000002,1.02,1.0700001,.98000002,1.02,1.0700001,.98000002,1.02,1.0700001,.98000002,1.02,1.0599999,.98000002,1.02,1.0599999,.98000002,1.02,1.0599999,.45602462,.45732254,.45514762,.45602462,.45732254,.45514762,.45602462,.45732254,.45514762,.45882714,.45396042,.46351469,.45882714,.45396042,.46351469,.45882714,.45396042,.46351469,189.98169,68157.422,358.75784,59012.078,16569,16569,16569,226,226,226,301530,301530,301530,2621,2621,2621,8.6226635,8.6226635,8.6226635,167.9077,7854.3999,46.77808,10571.846,,,,,,,,,,,,,,,,,,,,11.597345,18.198442,,,183.50854,448.71329,,,,,219.28641,353.52011,219.28641,353.52011,219.28641,353.52011,11.597345,18.198442,,,1,,2.3890646,2.3890646,2.3890646,.7278319,.7278319,.7278319,1,,1,,37.80294,,,13.762084,13.762084,13.762084,1,,1,,2.3890648,2.3890648,2.3890648,.85641503,.85641503,.85641503,1,,1,,58.906418,,,16.636585,16.636585,16.636585,1,
31Jul2020,Iran,197,16766,394,985,33532,83830,2674,304204,5348,13370,608408,1521020,263519,2319,7.36724,23919,211.16072,2618.6785,168.70255,6686.9453,39.637489,7808.5854,,,,,,,,,,,,,,,,,,,,,,,,13649.771,15859.308,11453.066,4042.0505,4696.3516,3391.5493,1652.2799,1883.9764,1426.6652,617.96844,687.33209,550.09772,470.64575,,,40055.059,,,497.26053,497.26053,497.26053,40060.039,40060.039,40060.039,197,,,16766,,,208.14026,208.14026,208.14026,16768.086,16768.086,16768.086,30.425846,98388.219,85228.453,112251.41,17860440,20668310,15290402,470.64575,,,40055.059,,,497.26053,497.26053,497.26053,40060.039,40060.039,40060.039,30.425846,,,,,,,470.64575,,,40055.059,,,497.26053,497.26053,497.26053,40060.039,40060.039,40060.039,30.425846,,,,,,,.55831265,,,47.51609,,,.58988494,.58988494,.58988494,47.521999,47.521999,47.521999,.23369507,,,19.888992,,,.24691042,.24691042,.24691042,19.891466,19.891466,19.891466,3.1720843,116.71494,101.10391,133.16042,.4783558,,,,,,,,,366.98276,119074.13,324.4679,152709.44,14350.69,13516.74,15303.68,14350.69,13516.74,15303.68,14350.69,13516.74,15303.68,14553.35,13409.54,15634.49,14553.35,13409.54,15634.49,14553.35,13409.54,15634.49,160.75,145.11,175.53999,160.75,145.11,175.53999,160.75,145.11,175.53999,163.86,147.99001,184.75,163.86,147.99001,184.75,163.86,147.99001,184.75,5052308.5,4743358.5,5364308.5,5052308.5,4743358.5,5364308.5,5052308.5,4743358.5,5364308.5,5125506,4756940.5,5486594.5,5125506,4756940.5,5486594.5,5125506,4756940.5,5486594.5,35878.68,32393.4,39261.629,35878.68,32393.4,39261.629,35878.68,32393.4,39261.629,36326.68,33290.172,40560.43,36326.68,33290.172,40560.43,36326.68,33290.172,40560.43,5042.96,5580.8999,6110.52,5042.96,5580.8999,6110.52,5042.96,5580.8999,6110.52,5125.2202,5684.9199,6431.8799,5125.2202,5684.9199,6431.8799,5125.2202,5684.9199,6431.8799,446.82999,495.70001,544.60999,446.82999,495.70001,544.60999,446.82999,495.70001,544.60999,455.67001,503.60999,569.51001,455.67001,503.60999,569.51001,455.67001,503.60999,569.51001,2081.75,2304.9299,2510.3401,2081.75,2304.9299,2510.3401,2081.75,2304.9299,2510.3401,2124.6599,2348.6399,2645.45,2124.6599,2348.6399,2645.45,2124.6599,2348.6399,2645.45,127.53,141.49001,155.44,127.53,141.49001,155.44,127.53,141.49001,155.44,130.06,143.74001,162.55,130.06,143.74001,162.55,130.06,143.74001,162.55,225565.7,249791.55,273174.09,225565.7,249791.55,273174.09,225565.7,249791.55,273174.09,231819.03,252941.91,282117.5,231819.03,252941.91,282117.5,231819.03,252941.91,282117.5,.91000003,.95999998,1,.91000003,.95999998,1,.91000003,.95999998,1,.91000003,.94999999,.99000001,.91000003,.94999999,.99000001,.91000003,.94999999,.99000001,.98000002,1.02,1.0700001,.98000002,1.02,1.0700001,.98000002,1.02,1.0700001,.98000002,1.02,1.0599999,.98000002,1.02,1.0599999,.98000002,1.02,1.0599999,.44803765,.44796163,.44710317,.44803765,.44796163,.44710317,.44803765,.44796163,.44710317,.45107344,.44454563,.45549321,.45107344,.44454563,.45549321,.45107344,.44454563,.45549321,189.98169,68157.422,358.75784,57670.324,16766,16766,16766,197,197,197,304204,304204,304204,2674,2674,2674,7.36724,7.36724,7.36724,167.9077,7854.3999,46.77808,9215.2822,,,,,,,,,,,,,,,,,,,,13.573604,18.144102,,,209.04941,445.89725,,,,,223.19553,352.0603,223.19553,352.0603,223.19553,352.0603,13.573604,18.144102,,,1,,2.3890648,2.3890648,2.3890648,.81598985,.81598985,.81598985,1,,1,,36.794399,,,13.417606,13.417606,13.417606,1,,1,,2.3890648,2.3890648,2.3890648,.85594004,.85594004,.85594004,1,,1,,58.712048,,,16.608292,16.608292,16.608292,1,
01Aug2020,Iran,216,16982,432,1080,33964,84910,2548,306752,5096,12740,613504,1533760,265830,2311,8.4772367,23940,208.875,2634.2947,168.70255,6686.9453,39.637489,8561.6973,,,,,,,,,,,,,,,,,,,,,,,,13266.996,15385.89,11105.191,3964.3867,4597.5454,3318.4058,1637.4366,1870.6552,1416.2941,608.42224,678.02856,542.034,516.03796,,,40571.098,,,487.89044,487.89044,487.89044,40547.93,40547.93,40547.93,216,,,16982,,,204.21819,204.21819,204.21819,16972.303,16972.303,16972.303,30.390003,97739.508,84513.555,111340.26,17958180,20779650,15374915,516.03796,,,40571.098,,,487.89044,487.89044,487.89044,40547.93,40547.93,40547.93,30.390003,,,,,,,516.03796,,,40571.098,,,487.89044,487.89044,487.89044,40547.93,40547.93,40547.93,30.390003,,,,,,,.61216009,,,48.12825,,,.57876951,.57876951,.57876951,48.100769,48.100769,48.100769,.2562342,,,20.145227,,,.24225779,.24225779,.24225779,20.133724,20.133724,20.133724,3.0226145,115.9454,100.25584,132.07954,.52797276,,,,,,,,,366.98276,119074.13,324.4679,167437.75,14507.77,13660.58,15467.74,14507.77,13660.58,15467.74,14507.77,13660.58,15467.74,14713.44,13561.26,15804.31,14713.44,13561.26,15804.31,14713.44,13561.26,15804.31,157.08,141.67999,171.64,157.08,141.67999,171.64,157.08,141.67999,171.64,160.09,144.53,180.66,160.09,144.53,180.66,160.09,144.53,180.66,5087971,4776476.5,5400228,5087971,4776476.5,5400228,5087971,4776476.5,5400228,5161586,4793775,5523343,5161586,4793775,5523343,5161586,4793775,5523343,35662.879,32263.85,38990.738,35662.879,32263.85,38990.738,35662.879,32263.85,38990.738,36080.051,33109.781,40486.25,36080.051,33109.781,40486.25,36080.051,33109.781,40486.25,4936.2402,5455.48,5970.5298,4936.2402,5455.48,5970.5298,4936.2402,5455.48,5970.5298,5010.6201,5555.4302,6285.04,5010.6201,5555.4302,6285.04,5010.6201,5555.4302,6285.04,440.48999,489.95001,536.63,440.48999,489.95001,536.63,440.48999,489.95001,536.63,451.5,497.42999,560.41998,451.5,497.42999,560.41998,451.5,497.42999,560.41998,2041.3101,2258.0601,2459.5801,2041.3101,2258.0601,2459.5801,2041.3101,2258.0601,2459.5801,2080.8601,2300.3401,2592.03,2080.8601,2300.3401,2592.03,2080.8601,2300.3401,2592.03,125.72,139.84,153.16,125.72,139.84,153.16,125.72,139.84,153.16,128.87,141.98,159.96001,128.87,141.98,159.96001,128.87,141.98,159.96001,224380.77,248012.56,270905.47,224380.77,248012.56,270905.47,224380.77,248012.56,270905.47,230375.03,250949.92,281233.34,230375.03,250949.92,281233.34,230375.03,250949.92,281233.34,.91000003,.95999998,1,.91000003,.95999998,1,.91000003,.95999998,1,.91000003,.94999999,.99000001,.91000003,.94999999,.99000001,.91000003,.94999999,.99000001,.98000002,1.02,1.0700001,.98000002,1.02,1.0700001,.98000002,1.02,1.0700001,.98000002,1.02,1.0599999,.98000002,1.02,1.0599999,.98000002,1.02,1.0599999,.440458,.43912923,.44020709,.440458,.43912923,.44020709,.440458,.43912923,.44020709,.44370779,.43651754,.44622558,.44370779,.43651754,.44622558,.44370779,.43651754,.44622558,189.98169,68157.422,358.75784,56353.684,16982,16982,16982,216,216,216,306752,306752,306752,2548,2548,2548,8.4772367,8.4772367,8.4772367,167.9077,7854.3999,46.77808,10104.065,,,,,,,,,,,,,,,,,,,,11.796296,18.063362,,,189.40372,442.6348,,,,,227.03641,350.70663,227.03641,350.70663,227.03641,350.70663,11.796296,18.063362,,,1,,2.3890646,2.3890646,2.3890646,.7272222,.7272222,.7272222,1,,1,,38.359306,,,13.99642,13.99642,13.99642,1,,1,,2.3890648,2.3890648,2.3890648,.85430276,.85430276,.85430276,1,,1,,58.542992,,,16.586594,16.586594,16.586594,1,
02Aug2020,Iran,208,17190,416,1040,34380,85950,2685,309437,5370,13425,618874,1547185,268102,2272,7.7467413,24145,204.97322,2637.366,168.70255,6686.9453,39.637489,8244.5977,,,,,,,,,,,,,,,,,,,,,,,,13230.415,15333.459,11017.103,3991.4055,4625.8604,3323.6843,1622.765,1856.9828,1406.5125,599.58618,669.35168,534.75934,496.92545,,,41068.02,,,477.89047,477.89047,477.89047,41025.82,41025.82,41025.82,208,,,17190,,,200.03246,200.03246,200.03246,17172.336,17172.336,17172.336,30.338493,97137.68,83915.781,110653.46,18055318,20890304,15458831,496.92545,,,41068.02,,,477.89047,477.89047,477.89047,41025.82,41025.82,41025.82,30.338493,,,,,,,496.92545,,,41068.02,,,477.89047,477.89047,477.89047,41025.82,41025.82,41025.82,30.338493,,,,,,,.58948749,,,48.717739,,,.56690687,.56690687,.56690687,48.667675,48.667675,48.667675,.24674404,,,20.391972,,,.23729238,.23729238,.23729238,20.371017,20.371017,20.371017,3.1851335,115.23146,99.546722,131.26482,.51156819,,,,,,,,,366.98276,119074.13,324.4679,161236.36,14661.3,13801.27,15627.7,14661.3,13801.27,15627.7,14661.3,13801.27,15627.7,14869.88,13710.17,15969.83,14869.88,13710.17,15969.83,14869.88,13710.17,15969.83,153.53,138.60001,167.8,153.53,138.60001,167.8,153.53,138.60001,167.8,156.44,141.2,176.64,156.44,141.2,176.64,156.44,141.2,176.64,5123405,4809481.5,5436340,5123405,4809481.5,5436340,5123405,4809481.5,5436340,5197406.5,4830489.5,5559700,5197406.5,4830489.5,5559700,5197406.5,4830489.5,5559700,35433.578,32119.85,38912.02,35433.578,32119.85,38912.02,35433.578,32119.85,38912.02,35820.328,32835.512,40125.648,35820.328,32835.512,40125.648,35820.328,32835.512,40125.648,4838.7798,5339.2002,5846.5298,4838.7798,5339.2002,5846.5298,4838.7798,5339.2002,5846.5298,4907.6499,5435.0801,6146,4907.6499,5435.0801,6146,4907.6499,5435.0801,6146,436,485.10999,529.58002,436,485.10999,529.58002,436,485.10999,529.58002,447.89001,492.17001,552.19,447.89001,492.17001,552.19,447.89001,492.17001,552.19,2003.1899,2213.3701,2410.49,2003.1899,2213.3701,2410.49,2003.1899,2213.3701,2410.49,2039.59,2254.2,2540.21,2039.59,2254.2,2540.21,2039.59,2254.2,2540.21,124.45,138.46001,151.14999,124.45,138.46001,151.14999,124.45,138.46001,151.14999,127.84,140.48,157.61,127.84,140.48,157.61,127.84,140.48,157.61,223200.06,246243.5,270139.59,223200.06,246243.5,270139.59,223200.06,246243.5,270139.59,228490.44,248970.38,279079.78,228490.44,248970.38,279079.78,228490.44,248970.38,279079.78,.91000003,.94999999,1,.91000003,.94999999,1,.91000003,.94999999,1,.91000003,.94999999,.99000001,.91000003,.94999999,.99000001,.91000003,.94999999,.99000001,.98000002,1.02,1.0700001,.98000002,1.02,1.0700001,.98000002,1.02,1.0700001,.98000002,1.02,1.0599999,.98000002,1.02,1.0599999,.98000002,1.02,1.0599999,.43328956,.4315089,.43122923,.43328956,.4315089,.43122923,.43328956,.4315089,.43122923,.43673527,.43002221,.4402172,.43673527,.43002221,.4402172,.43673527,.43002221,.4402172,189.98169,68157.422,358.75784,55080.09,17190,17190,17190,208,208,208,309437,309437,309437,2685,2685,2685,7.7467413,7.7467413,7.7467413,167.9077,7854.3999,46.77808,9729.8408,,,,,,,,,,,,,,,,,,,,12.908654,18.000988,,,195.47737,439.64423,,,,,230.79254,349.45093,230.79254,349.45093,230.79254,349.45093,12.908654,18.000988,,,1,,2.3890646,2.3890646,2.3890646,.73812497,.73812497,.73812497,1,,1,,36.177906,,,13.196863,13.196863,13.196863,1,,1,,2.3890646,2.3890646,2.3890646,.85289705,.85289705,.85289705,1,,1,,58.34893,,,16.557182,16.557182,16.557182,1,
03Aug2020,Iran,215,17405,430,1075,34810,87025,2598,312035,5196,12990,624070,1560175,270228,2126,8.2755966,24402,199.4375,2622.9375,168.70255,6686.9453,39.637489,8522.0605,,,,,,,,,,,,,,,,,,,,,,,,13206.949,15304.945,11009.932,4002.9395,4638.8281,3337.0378,1608.3232,1843.0604,1397.3639,591.52295,661.3717,528.34088,513.64893,,,41581.672,,,467.62546,467.62546,467.62546,41493.445,41493.445,41493.445,215,,,17405,,,195.73579,195.73579,195.73579,17368.072,17368.072,17368.072,30.275299,96584.711,83811.336,109991.69,18151902,21000296,15542642,513.64893,,,41581.672,,,467.62546,467.62546,467.62546,41493.445,41493.445,41493.445,30.275299,,,,,,,513.64893,,,41581.672,,,467.62546,467.62546,467.62546,41493.445,41493.445,41493.445,30.275299,,,,,,,.609326,,,49.327065,,,.55472976,.55472976,.55472976,49.222404,49.222404,49.222404,.25504792,,,20.647018,,,.23219538,.23219538,.23219538,20.603212,20.603212,20.603212,3.081928,114.57549,99.422829,130.47977,.53181183,,,,,,,,,366.98276,119074.13,324.4679,166662.59,14811.42,13938.94,15783.74,14811.42,13938.94,15783.74,14811.42,13938.94,15783.74,15022.81,13856.39,16131.22,15022.81,13856.39,16131.22,15022.81,13856.39,16131.22,150.13,135.67,164.07001,150.13,135.67,164.07001,150.13,135.67,164.07001,152.92999,138.05,172.74001,152.92999,138.05,172.74001,152.92999,138.05,172.74001,5158602.5,4842366.5,5472100.5,5158602.5,4842366.5,5472100.5,5158602.5,4842366.5,5472100.5,5232961,4867076,5595662,5232961,4867076,5595662,5232961,4867076,5595662,35197.738,31932.449,38883.02,35197.738,31932.449,38883.02,35197.738,31932.449,38883.02,35554.441,32513.699,39621.281,35554.441,32513.699,39621.281,35554.441,32513.699,39621.281,4746.2798,5232.0801,5730.1499,4746.2798,5232.0801,5730.1499,4746.2798,5232.0801,5730.1499,4815.3701,5323.8901,6014.8799,4815.3701,5323.8901,6014.8799,4815.3701,5323.8901,6014.8799,432.92001,480.88,524.98999,432.92001,480.88,524.98999,432.92001,480.88,524.98999,444.89001,487.51999,544.54999,444.89001,487.51999,544.54999,444.89001,487.51999,544.54999,1966.6899,2171.02,2365.8401,1966.6899,2171.02,2365.8401,1966.6899,2171.02,2365.8401,2000.95,2210.3899,2490.1899,2000.95,2210.3899,2490.1899,2000.95,2210.3899,2490.1899,123.57,137.25999,149.85001,123.57,137.25999,149.85001,123.57,137.25999,149.85001,126.99,139.14999,155.42999,126.99,139.14999,155.42999,126.99,139.14999,155.42999,221844.02,244484.73,269743.5,221844.02,244484.73,269743.5,221844.02,244484.73,269743.5,226130.66,247003.73,275475.09,226130.66,247003.73,275475.09,226130.66,247003.73,275475.09,.91000003,.94999999,.99000001,.91000003,.94999999,.99000001,.91000003,.94999999,.99000001,.91000003,.94999999,.99000001,.91000003,.94999999,.99000001,.91000003,.94999999,.99000001,.98000002,1.02,1.0700001,.98000002,1.02,1.0700001,.98000002,1.02,1.0700001,.98000002,1.02,1.0599999,.98000002,1.02,1.0599999,.98000002,1.02,1.0599999,.4265331,.42486563,.421958,.4265331,.42486563,.421958,.4265331,.42486563,.421958,.43012908,.42459026,.43597785,.43012908,.42459026,.43597785,.43012908,.42459026,.43597785,189.98169,68157.422,358.75784,53860.316,17405,17405,17405,215,215,215,312035,312035,312035,2598,2598,2598,8.2755966,8.2755966,8.2755966,167.9077,7854.3999,46.77808,10057.287,,,,,,,,,,,,,,,,,,,,12.083721,17.927895,,,188.03644,436.53613,,,,,234.44839,348.28549,234.44839,348.28549,234.44839,348.28549,12.083721,17.927895,,,1,,2.3890648,2.3890648,2.3890648,.69827908,.69827908,.69827908,1,,1,,37.176563,,,13.548013,13.548013,13.548013,1,,1,,2.3890648,2.3890648,2.3890648,.85098648,.85098648,.85098648,1,,1,,58.172646,,,16.532127,16.532127,16.532127,1,
04Aug2020,Iran,212,17617,424,1060,35234,88085,2751,314786,5502,13755,629572,1573930,272535,2307,7.7062888,24634,192.89285,2589.7588,168.70255,6686.9453,39.637489,8403.1475,,,,,,,,,,,,,,,,,,,,,,,,12851.742,14907.708,10728.733,3903.0637,4527.459,3258.3079,1594.1675,1828.986,1388.8912,584.27667,654.13788,522.82953,506.48172,,,42088.152,,,457.43246,457.43246,457.43246,41950.879,41950.879,41950.879,212,,,17617,,,191.46927,191.46927,191.46927,17559.541,17559.541,17559.541,30.205803,96082.492,83760.188,109360.16,18247986,21109656,15626402,506.48172,,,42088.152,,,457.43246,457.43246,457.43246,41950.879,41950.879,41950.879,30.205803,,,,,,,506.48172,,,42088.152,,,457.43246,457.43246,457.43246,41950.879,41950.879,41950.879,30.205803,,,,,,,.60082376,,,49.927887,,,.54263818,.54263818,.54263818,49.765045,49.765045,49.765045,.2514891,,,20.898508,,,.22713414,.22713414,.22713414,20.830347,20.830347,20.830347,3.2634273,113.97972,99.362152,129.73062,.52713215,,,,,,,,,366.98276,119074.13,324.4679,164337.06,14958.32,14073.77,15936.07,14958.32,14073.77,15936.07,14958.32,14073.77,15936.07,15172.41,14000.07,16288.69,15172.41,14000.07,16288.69,15172.41,14000.07,16288.69,146.89999,132.92999,160.47,146.89999,132.92999,160.47,146.89999,132.92999,160.47,149.60001,135.09,168.97,149.60001,135.09,168.97,149.60001,135.09,168.97,5193561.5,4875127,5507508,5193561.5,4875127,5507508,5193561.5,4875127,5507508,5268247,4903531,5631228.5,5268247,4903531,5631228.5,5268247,4903531,5631228.5,34959.172,31736.869,38840.922,34959.172,31736.869,38840.922,34959.172,31736.869,38840.922,35286.211,32174.84,39118.359,35286.211,32174.84,39118.359,35286.211,32174.84,39118.359,4662.4502,5133.79,5621.2002,4662.4502,5133.79,5621.2002,4662.4502,5133.79,5621.2002,4732.5698,5221.5498,5891.48,4732.5698,5221.5498,5891.48,4732.5698,5221.5498,5891.48,430.23001,477.04001,522.20001,430.23001,477.04001,522.20001,430.23001,477.04001,522.20001,442.29999,483.26999,538.22998,442.29999,483.26999,538.22998,442.29999,483.26999,538.22998,1932.22,2131.05,2323.03,1932.22,2131.05,2323.03,1932.22,2131.05,2323.03,1964.98,2168.9399,2442.05,1964.98,2168.9399,2442.05,1964.98,2168.9399,2442.05,122.8,136.16,149.05,122.8,136.16,149.05,122.8,136.16,149.05,126.25,137.94,153.63,126.25,137.94,153.63,126.25,137.94,153.63,220392.27,242736.36,269422.06,220392.27,242736.36,269422.06,220392.27,242736.36,269422.06,223794.23,245050.06,271906.5,223794.23,245050.06,271906.5,223794.23,245050.06,271906.5,.91000003,.94999999,.99000001,.91000003,.94999999,.99000001,.91000003,.94999999,.99000001,.91000003,.94999999,.99000001,.91000003,.94999999,.99000001,.91000003,.94999999,.99000001,.98000002,1.02,1.0700001,.98000002,1.02,1.0700001,.98000002,1.02,1.0700001,.98000002,1.02,1.0599999,.98000002,1.02,1.0599999,.98000002,1.02,1.0599999,.42020443,.41885036,.41314673,.42020443,.41885036,.41314673,.42020443,.41885036,.41314673,.42396167,.41986221,.43194553,.42396167,.41986221,.43194553,.42396167,.41986221,.43194553,189.98169,68157.422,358.75784,52701.523,17617,17617,17617,212,212,212,314786,314786,314786,2751,2751,2751,7.7062888,7.7062888,7.7062888,167.9077,7854.3999,46.77808,9916.9531,,,,,,,,,,,,,,,,,,,,12.976415,17.868309,,,189.70575,433.56586,,,,,237.9794,347.20218,237.9794,347.20218,237.9794,347.20218,12.976415,17.868309,,,1,,2.3890648,2.3890648,2.3890648,.6929245,.6929245,.6929245,1,,1,,34.926388,,,12.707805,12.707805,12.707805,1,,1,,2.3890648,2.3890648,2.3890648,.84908444,.84908444,.84908444,1,,1,,57.969498,,,16.498705,16.498705,16.498705,1,
05Aug2020,Iran,185,17802,370,925,35604,89010,2697,317483,5394,13485,634966,1587415,274932,2397,6.8594737,24749,185.84821,2539.6697,168.70255,6686.9453,39.637489,7332.9355,,,,,,,,,,,,,,,,,,,,,,,,12802.065,14859.905,10694.148,3949.2896,4584.1094,3299.0215,1580.356,1814.8535,1379.8491,577.84247,647.646,518.11609,441.97696,,,42530.129,,,447.5777,447.5777,447.5777,42398.457,42398.457,42398.457,185,,,17802,,,187.34431,187.34431,187.34431,17746.885,17746.885,17746.885,30.135603,95632.836,83361.867,108764.05,18343618,21218420,15709764,441.97696,,,42530.129,,,447.5777,447.5777,447.5777,42398.457,42398.457,42398.457,30.135603,,,,,,,441.97696,,,42530.129,,,447.5777,447.5777,447.5777,42398.457,42398.457,42398.457,30.135603,,,,,,,.52430373,,,50.45219,,,.53094774,.53094774,.53094774,50.295994,50.295994,50.295994,.21945985,,,21.117968,,,.22224084,.22224084,.22224084,21.052588,21.052588,21.052588,3.1993687,113.44631,98.889633,129.02347,.46216026,,,,,,,,,366.98276,119074.13,324.4679,143407.33,15102.18,14205.95,16084.9,15102.18,14205.95,16084.9,15102.18,14205.95,16084.9,15318.87,14141.36,16442.43,15318.87,14141.36,16442.43,15318.87,14141.36,16442.43,143.86,130.37,157.19,143.86,130.37,157.19,143.86,130.37,157.19,146.46001,132.34,165.36,146.46001,132.34,165.36,146.46001,132.34,165.36,5228281.5,4907761,5542563.5,5228281.5,4907761,5542563.5,5228281.5,4907761,5542563.5,5303264.5,4939851,5666401,5303264.5,4939851,5666401,5303264.5,4939851,5666401,34719.75,31540.17,38733.199,34719.75,31540.17,38733.199,34719.75,31540.17,38733.199,35017.5,31750.07,38618.578,35017.5,31750.07,38618.578,35017.5,31750.07,38618.578,4586.8101,5043.79,5519.25,4586.8101,5043.79,5519.25,4586.8101,5043.79,5519.25,4658.6099,5127.5098,5775.4102,4658.6099,5127.5098,5775.4102,4658.6099,5127.5098,5775.4102,427.78,473.45001,517.22998,427.78,473.45001,517.22998,427.78,473.45001,517.22998,439.70999,479.26999,536.21997,439.70999,479.26999,536.21997,439.70999,479.26999,536.21997,1900.1,2093.4299,2282.0701,1900.1,2093.4299,2282.0701,1900.1,2093.4299,2282.0701,1931.6801,2129.8301,2395.8,1931.6801,2129.8301,2395.8,1931.6801,2129.8301,2395.8,122.1,135.14,147.63,122.1,135.14,147.63,122.1,135.14,147.63,125.51,136.8,153.06,125.51,136.8,153.06,125.51,136.8,153.06,218948.91,240998.19,268591.59,218948.91,240998.19,268591.59,218948.91,240998.19,268591.59,220845.27,243109.23,268374.03,220845.27,243109.23,268374.03,220845.27,243109.23,268374.03,.91000003,.94999999,.99000001,.91000003,.94999999,.99000001,.91000003,.94999999,.99000001,.91000003,.94999999,.99000001,.91000003,.94999999,.99000001,.91000003,.94999999,.99000001,.98000002,1.02,1.0700001,.98000002,1.02,1.0700001,.98000002,1.02,1.0700001,.98000002,1.02,1.0599999,.98000002,1.02,1.0599999,.98000002,1.02,1.0599999,.41434631,.41334587,.40582758,.41434631,.41334587,.40582758,.41434631,.41334587,.40582758,.41824803,.41681796,.4281877,.41824803,.41681796,.4281877,.41824803,.41681796,.4281877,189.98169,68157.422,358.75784,51610.902,17802,17802,17802,185,185,185,317483,317483,317483,2697,2697,2697,6.8594737,6.8594737,6.8594737,167.9077,7854.3999,46.77808,8653.9443,,,,,,,,,,,,,,,,,,,,14.578379,17.83412,,,216.37517,431.30878,,,,,241.34401,346.19385,241.34401,346.19385,241.34401,346.19385,14.578379,17.83412,,,1,,2.3890646,2.3890646,2.3890646,.77762163,.77762163,.77762163,1,,1,,35.458969,,,12.87347,12.87347,12.87347,1,,1,,2.3890646,2.3890646,2.3890646,.84834176,.84834176,.84834176,1,,1,,57.778267,,,16.467911,16.467911,16.467911,1,
06Aug2020,Iran,174,17976,348,870,35952,89880,2634,320117,5268,13170,640234,1600585,277463,2531,6.6059227,24678,179.625,2479.3035,168.70255,6686.9453,39.637489,6896.9233,,,,,,,,,,,,,,,,,,,,,,,,12827.237,14894.32,10714.068,3979.8074,4621.145,3324.1707,1566.948,1800.7529,1370.8015,572.15521,641.82892,513.0155,415.69724,,,42945.828,,,438.23911,438.23911,438.23911,42836.695,42836.695,42836.695,174,,,17976,,,183.43544,183.43544,183.43544,17930.32,17930.32,17930.32,30.069448,95237.578,83057.695,108208.45,18438856,21326628,15792822,415.69724,,,42945.828,,,438.23911,438.23911,438.23911,42836.695,42836.695,42836.695,30.069448,,,,,,,415.69724,,,42945.828,,,438.23911,438.23911,438.23911,42836.695,42836.695,42836.695,30.069448,,,,,,,.49312893,,,50.94532,,,.51986969,.51986969,.51986969,50.815861,50.815861,50.815861,.20641088,,,21.324379,,,.21760385,.21760385,.21760385,21.270191,21.270191,21.270191,3.1246336,112.97742,98.528801,128.36438,.43648446,,,,,,,,,366.98276,119074.13,324.4679,134880.41,15243.19,14335.67,16230.44,15243.19,14335.67,16230.44,15243.19,14335.67,16230.44,15462.38,14280.44,16592.66,15462.38,14280.44,16592.66,15462.38,14280.44,16592.66,141.00999,127.92,154.13,141.00999,127.92,154.13,141.00999,127.92,154.13,143.50999,129.87,161.91,143.50999,129.87,161.91,143.50999,129.87,161.91,5262761.5,4940266.5,5577268,5262761.5,4940266.5,5577268,5262761.5,4940266.5,5577268,5338014,4976034.5,5701181,5338014,4976034.5,5701181,5338014,4976034.5,5701181,34480.238,31343.09,38623.078,34480.238,31343.09,38623.078,34480.238,31343.09,38623.078,34749.102,31319.35,38122.68,34749.102,31319.35,38122.68,34749.102,31319.35,38122.68,4511.5298,4961.3901,5426.7202,4511.5298,4961.3901,5426.7202,4511.5298,4961.3901,5426.7202,4590.7598,5041.1099,5666.1401,4590.7598,5041.1099,5666.1401,4590.7598,5041.1099,5666.1401,425.47,470.03,514.91998,425.47,470.03,514.91998,425.47,470.03,514.91998,436.64999,475.44,534.59998,436.64999,475.44,534.59998,436.64999,475.44,534.59998,1870.26,2058.0601,2242.9199,1870.26,2058.0601,2242.9199,1870.26,2058.0601,2242.9199,1902.01,2092.97,2351.4099,1902.01,2092.97,2351.4099,1902.01,2092.97,2351.4099,121.45,134.16,146.98,121.45,134.16,146.98,121.45,134.16,146.98,124.64,135.71001,152.60001,124.64,135.71001,152.60001,124.64,135.71001,152.60001,217513.45,239269.84,267749,217513.45,239269.84,267749,217513.45,239269.84,267749,217861,241180.86,264877.59,217861,241180.86,264877.59,217861,241180.86,264877.59,.91000003,.94999999,.99000001,.91000003,.94999999,.99000001,.91000003,.94999999,.99000001,.91000003,.94999999,.99000001,.91000003,.94999999,.99000001,.91000003,.94999999,.99000001,.98000002,1.02,1.0700001,.98000002,1.02,1.0700001,.98000002,1.02,1.0700001,.98000002,1.02,1.0599999,.98000002,1.02,1.0599999,.98000002,1.02,1.0599999,.40895888,.40812823,.39906195,.40895888,.40812823,.39906195,.40895888,.40812823,.39906195,.41298908,.41466376,.42470783,.41298908,.41466376,.42470783,.41298908,.41466376,.42470783,189.98169,68157.422,358.75784,50588.441,17976,17976,17976,174,174,174,320117,320117,320117,2634,2634,2634,6.6059227,6.6059227,6.6059227,167.9077,7854.3999,46.77808,8139.3857,,,,,,,,,,,,,,,,,,,,15.137931,17.808022,,,229.10323,429.3515,,,,,244.52336,345.25327,244.52336,345.25327,244.52336,345.25327,15.137931,17.808022,,,1,,2.3890646,2.3890646,2.3890646,.81040227,.81040227,.81040227,1,,1,,36.157017,,,13.090447,13.090447,13.090447,1,,1,,2.3890648,2.3890648,2.3890648,.84797454,.84797454,.84797454,1,,1,,57.600365,,,16.440119,16.440119,16.440119,1,
07Aug2020,Iran,156,18132,312,780,36264,90660,2450,322567,4900,12250,645134,1612835,279724,2261,6.3673468,24711,174.92857,2421,168.70255,6686.9453,39.637489,6183.4482,,,,,,,,,,,,,,,,,,,,,,,,12787.146,14848.271,10684.438,3956.6416,4594.4019,3306.0149,1553.9995,1786.8396,1359.9169,567.15125,636.62286,508.35187,372.69409,,,43318.52,,,429.57422,429.57422,429.57422,43266.27,43266.27,43266.27,156,,,18132,,,179.80853,179.80853,179.80853,18110.129,18110.129,18110.129,30.010553,94898.633,82823.852,107699.31,18533754,21434328,15875646,372.69409,,,43318.52,,,429.57422,429.57422,429.57422,43266.27,43266.27,43266.27,30.010553,,,,,,,372.69409,,,43318.52,,,429.57422,429.57422,429.57422,43266.27,43266.27,43266.27,30.010553,,,,,,,.4421156,,,51.387436,,,.50959074,.50959074,.50959074,51.325451,51.325451,51.325451,.18505803,,,21.509438,,,.21330136,.21330136,.21330136,21.483492,21.483492,21.483492,2.9063601,112.57535,98.251404,127.76041,.39272863,,,,,,,,,366.98276,119074.13,324.4679,120927.27,15381.56,14463.11,16372.92,15381.56,14463.11,16372.92,15381.56,14463.11,16372.92,15603.12,14417.46,16739.58,15603.12,14417.46,16739.58,15603.12,14417.46,16739.58,138.36,125.65,151.22,138.36,125.65,151.22,138.36,125.65,151.22,140.75,127.62,158.62,140.75,127.62,158.62,140.75,127.62,158.62,5297002.5,4972643.5,5611624,5297002.5,4972643.5,5611624,5297002.5,4972643.5,5611624,5372495,5012079.5,5735572,5372495,5012079.5,5735572,5372495,5012079.5,5735572,34240.91,31064.27,38510.871,34240.91,31064.27,38510.871,34240.91,31064.27,38510.871,34481.281,30771.91,37630.91,34481.281,30771.91,37630.91,34481.281,30771.91,37630.91,4430.1602,4885.8901,5342.0601,4430.1602,4885.8901,5342.0601,4430.1602,4885.8901,5342.0601,4518.7002,4961.6299,5563.0898,4518.7002,4961.6299,5563.0898,4518.7002,4961.6299,5563.0898,423.16,466.69,513.89001,423.16,466.69,513.89001,423.16,466.69,513.89001,432.22,471.70999,527.78998,432.22,471.70999,527.78998,432.22,471.70999,527.78998,1842.5699,2024.84,2205.5,1842.5699,2024.84,2205.5,1842.5699,2024.84,2205.5,1874.6899,2058.26,2308.8101,1874.6899,2058.26,2308.8101,1874.6899,2058.26,2308.8101,120.79,133.21001,146.69,120.79,133.21001,146.69,120.79,133.21001,146.69,123.37,134.64999,150.64,123.37,134.64999,150.64,123.37,134.64999,150.64,215670.22,237550.81,266901.22,215670.22,237550.81,266901.22,215670.22,237550.81,266901.22,214194.27,239264.97,261416.81,214194.27,239264.97,261416.81,214194.27,239264.97,261416.81,.91000003,.94999999,.99000001,.91000003,.94999999,.99000001,.91000003,.94999999,.99000001,.91000003,.94999999,.98000002,.91000003,.94999999,.98000002,.91000003,.94999999,.98000002,.98000002,1.02,1.0700001,.98000002,1.02,1.0700001,.98000002,1.02,1.0700001,.98000002,1.02,1.0599999,.98000002,1.02,1.0599999,.98000002,1.02,1.0599999,.40407804,.404484,.39266834,.40407804,.404484,.39266834,.40407804,.404484,.39266834,.40819249,.41472888,.42151517,.40819249,.41472888,.42151517,.40819249,.41472888,.42151517,189.98169,68157.422,358.75784,49637.734,18132,18132,18132,156,156,156,322567,322567,322567,2450,2450,2450,6.3673468,6.3673468,6.3673468,167.9077,7854.3999,46.77808,7297.3804,,,,,,,,,,,,,,,,,,,,15.705129,17.78993,,,254.62875,427.84827,,,,,247.47694,344.37357,247.47694,344.37357,247.47694,344.37357,15.705129,17.78993,,,1,,2.3890648,2.3890648,2.3890648,.88692307,.88692307,.88692307,1,,1,,38.734135,,,13.975882,13.975882,13.975882,1,,1,,2.3890646,2.3890646,2.3890646,.84831017,.84831017,.84831017,1,,1,,57.457069,,,16.421402,16.421402,16.421402,1,
08Aug2020,Iran,132,18264,264,660,36528,91320,2125,324692,4250,10625,649384,1623460,282122,2398,6.2117648,24306,171.875,2373.6519,168.70255,6686.9453,39.637489,5232.1484,,,,,,,,,,,,,,,,,,,,,,,,12526.846,14541.947,10475.744,3862.208,4483.4932,3229.8235,1541.564,1773.2563,1348.5282,562.80389,632.00922,503.26804,315.35654,,,43633.875,,,421.72833,421.72833,421.72833,43687.996,43687.996,43687.996,132,,,18264,,,176.52446,176.52446,176.52446,18286.654,18286.654,18286.654,29.960331,94617.961,82304.5,107219.34,18628372,21541548,15957950,315.35654,,,43633.875,,,421.72833,421.72833,421.72833,43687.996,43687.996,43687.996,29.960331,,,,,,,315.35654,,,43633.875,,,421.72833,421.72833,421.72833,43687.996,43687.996,43687.996,29.960331,,,,,,,.37409782,,,51.761536,,,.50028342,.50028342,.50028342,51.825737,51.825737,51.825737,.15658757,,,21.666025,,,.20940556,.20940556,.20940556,21.692898,21.692898,21.692898,2.5208225,112.24239,97.635307,127.19102,.33329457,,,,,,,,,366.98276,119074.13,324.4679,102323.07,15517.46,14588.46,16512.539,15517.46,14588.46,16512.539,15517.46,14588.46,16512.539,15741.3,14552.6,16883.4,15741.3,14552.6,16883.4,15741.3,14552.6,16883.4,135.89999,123.57,148.47,135.89999,123.57,148.47,135.89999,123.57,148.47,138.17999,125.56,155.5,138.17999,125.56,155.5,138.17999,125.56,155.5,5331004.5,5004890,5645632.5,5331004.5,5004890,5645632.5,5331004.5,5004890,5645632.5,5406709,5047985,5769576.5,5406709,5047985,5769576.5,5406709,5047985,5769576.5,34001.852,30781.939,38405.949,34001.852,30781.939,38405.949,34001.852,30781.939,38405.949,34213.961,30233.189,37143.512,34213.961,30233.189,37143.512,34213.961,30233.189,37143.512,4355.0698,4816.54,5258.5601,4355.0698,4816.54,5258.5601,4355.0698,4816.54,5258.5601,4461.7202,4888.3301,5465.6602,4461.7202,4888.3301,5465.6602,4461.7202,4888.3301,5465.6602,420.45999,463.42999,513.37,420.45999,463.42999,513.37,420.45999,463.42999,513.37,427.82001,468.04999,521.03003,427.82001,468.04999,521.03003,427.82001,468.04999,521.03003,1815.25,1993.64,2171.2,1815.25,1993.64,2171.2,1815.25,1993.64,2171.2,1849.5699,2025.5601,2267.9199,1849.5699,2025.5601,2267.9199,1849.5699,2025.5601,2267.9199,120.02,132.28,146.55,120.02,132.28,146.55,120.02,132.28,146.55,122.11,133.60001,148.72,122.11,133.60001,148.72,122.11,133.60001,148.72,213714.19,235840.14,266054.84,213714.19,235840.14,266054.84,213714.19,235840.14,266054.84,210437.34,237346.84,257992.72,210437.34,237346.84,257992.72,210437.34,237346.84,257992.72,.88,.93000001,1.02,.88,.93000001,1.02,.88,.93000001,1.02,.87,.92000002,.99000001,.87,.92000002,.99000001,.87,.92000002,.99000001,.94999999,1,1.09,.94999999,1,1.09,.94999999,1,1.09,.94,.99000001,1.0599999,.94,.99000001,1.0599999,.94,.99000001,1.0599999,.3996841,.40143669,.38658074,.3996841,.40143669,.38658074,.3996841,.40143669,.38658074,.4038702,.41530517,.41864645,.4038702,.41530517,.41864645,.4038702,.41530517,.41864645,189.98169,68157.422,358.75784,48755.188,18264,18264,18264,132,132,132,324692,324692,324692,2125,2125,2125,6.2117648,6.2117648,6.2117648,167.9077,7854.3999,46.77808,6174.7065,,,,,,,,,,,,,,,,,,,,16.098484,17.777704,,,300.03488,426.92453,,,,,250.1976,343.5488,250.1976,343.5488,250.1976,343.5488,16.098484,17.777704,,,1,,2.3890648,2.3890648,2.3890648,1.0295454,1.0295454,1.0295454,1,,1,,44.5261,,,16.000872,16.000872,16.000872,1,,1,,2.3890646,2.3890646,2.3890646,.84962004,.84962004,.84962004,1,,1,,57.37244,,,16.41865,16.41865,16.41865,1,
09Aug2020,Iran,163,18427,326,815,36854,92135,2020,326712,4040,10100,653424,1633560,284371,2249,8.0693073,23914,170.85715,2343.5803,168.70255,6686.9453,39.637489,6460.9106,,,,,,,,,,,,,,,,,,,,,,,,12732.46,14783.102,10661.831,3796.3311,4407.7534,3178.949,1529.6907,1755.1567,1332.8723,559.13623,627.31464,498.6994,389.41754,,,44023.293,,,414.83752,414.83752,414.83752,44102.836,44102.836,44102.836,163,,,18427,,,173.64014,173.64014,173.64014,18460.293,18460.293,18460.293,29.918566,94397.492,81958.297,106607.96,18722770,21648156,16039909,389.41754,,,44023.293,,,414.83752,414.83752,414.83752,44102.836,44102.836,44102.836,29.918566,,,,,,,389.41754,,,44023.293,,,414.83752,414.83752,414.83752,44102.836,44102.836,44102.836,29.918566,,,,,,,.46195412,,,52.223488,,,.49210909,.49210909,.49210909,52.317844,52.317844,52.317844,.19336192,,,21.859386,,,.205984,.205984,.205984,21.898882,21.898882,21.898882,2.3962643,111.98086,97.224617,126.46577,.41252953,,,,,,,,,366.98276,119074.13,324.4679,126353.49,15651.08,14711.8,16649.49,15651.08,14711.8,16649.49,15651.08,14711.8,16649.49,15877.09,14686.01,17024.301,15877.09,14686.01,17024.301,15877.09,14686.01,17024.301,133.62,121.57,145.89,133.62,121.57,145.89,133.62,121.57,145.89,135.78999,123.7,152.53,135.78999,123.7,152.53,135.78999,123.7,152.53,5364719,5036985,5679299.5,5364719,5036985,5679299.5,5364719,5036985,5679299.5,5440592,5083560,5803178,5440592,5083560,5803178,5440592,5083560,5803178,33714.789,30672.539,38082.141,33714.789,30672.539,38082.141,33714.789,30672.539,38082.141,33882.879,29920.34,36572.66,33882.879,29920.34,36572.66,33882.879,29920.34,36572.66,4288.0498,4752.6401,5177.29,4288.0498,4752.6401,5177.29,4288.0498,4752.6401,5177.29,4407.9199,4820.5098,5373.27,4407.9199,4820.5098,5373.27,4407.9199,4820.5098,5373.27,417.82001,460.19,512.25,417.82001,460.19,512.25,417.82001,460.19,512.25,422.91,464.42001,514.34003,422.91,464.42001,514.34003,422.91,464.42001,514.34003,1787.61,1964.3199,2138.6599,1787.61,1964.3199,2138.6599,1787.61,1964.3199,2138.6599,1824.27,1994.75,2228.6499,1824.27,1994.75,2228.6499,1824.27,1994.75,2228.6499,119.27,131.36,146.22,119.27,131.36,146.22,119.27,131.36,146.22,120.71,132.57001,146.81,120.71,132.57001,146.81,120.71,132.57001,146.81,214035.69,233453.8,262208.72,214035.69,233453.8,262208.72,214035.69,233453.8,262208.72,209713.45,234562.47,253359.59,209713.45,234562.47,253359.59,209713.45,234562.47,253359.59,.88,.93000001,1.02,.88,.93000001,1.02,.88,.93000001,1.02,.87,.92000002,.99000001,.87,.92000002,.99000001,.87,.92000002,.99000001,.94999999,1,1.09,.94999999,1,1.09,.94999999,1,1.09,.94,.99000001,1.0599999,.94,.99000001,1.0599999,.94,.99000001,1.0599999,.39632457,.39634803,.38309297,.39632457,.39634803,.38309297,.39632457,.39634803,.38309297,.40076286,.41343111,.41706017,.40076286,.41343111,.41706017,.40076286,.41343111,.41706017,189.98169,68157.422,358.75784,47937.223,18427,18427,18427,163,163,163,326712,326712,326712,2020,2020,2020,8.0693073,8.0693073,8.0693073,167.9077,7854.3999,46.77808,7624.8271,,,,,,,,,,,,,,,,,,,,12.392638,17.73007,,,242.40688,425.29236,,,,,252.31844,342.7699,252.31844,342.7699,252.31844,342.7699,12.392638,17.73007,,,1,,2.3890648,2.3890648,2.3890648,.8197546,.8197546,.8197546,1,,1,,46.73143,,,16.690489,16.690489,16.690489,1,,1,,2.3890646,2.3890646,2.3890646,.84935582,.84935582,.84935582,1,,1,,57.306648,,,16.42033,16.42033,16.42033,1,
10Aug2020,Iran,189,18616,378,945,37232,93080,2132,328844,4264,10660,657688,1644220,286642,2271,8.8649158,23586,170.92857,2331.3572,168.70255,6686.9453,39.637489,7491.4854,,,,,,,,,,,,,,,,,,,,,,,,12718.174,14807.533,10669.193,3649.4041,4248.9331,3061.4612,1518.422,1737.424,1318.5669,556.1795,622.46521,495.04425,451.53323,,,44474.828,,,409.03189,409.03189,409.03189,44511.867,44511.867,44511.867,189,,,18616,,,171.21005,171.21005,171.21005,18631.504,18631.504,18631.504,29.883963,94239.023,81986.742,106160.16,18817008,21754316,16121895,451.53323,,,44474.828,,,409.03189,409.03189,409.03189,44511.867,44511.867,44511.867,29.883963,,,,,,,451.53323,,,44474.828,,,409.03189,409.03189,409.03189,44511.867,44511.867,44511.867,29.883963,,,,,,,.53564006,,,52.759129,,,.48522204,.48522204,.48522204,52.803066,52.803066,52.803066,.22420493,,,22.083591,,,.20310126,.20310126,.20310126,22.101984,22.101984,22.101984,2.5291264,111.79288,97.258362,125.93456,.47913617,,,,,,,,,366.98276,119074.13,324.4679,146508.03,15782.58,14832.34,16783.961,15782.58,14832.34,16783.961,15782.58,14832.34,16783.961,16010.66,14817.83,17162.48,16010.66,14817.83,17162.48,16010.66,14817.83,17162.48,131.5,119.52,143.56,131.5,119.52,143.56,131.5,119.52,143.56,133.57001,121.76,149.71001,133.57001,121.76,149.71001,133.57001,121.76,149.71001,5398093.5,5068902.5,5712625,5398093.5,5068902.5,5712625,5398093.5,5068902.5,5712625,5474077,5118599.5,5836357,5474077,5118599.5,5836357,5474077,5118599.5,5836357,33374.281,30689.09,37509.43,33374.281,30689.09,37509.43,33374.281,30689.09,37509.43,33484.859,29838.211,36007.609,33484.859,29838.211,36007.609,33484.859,29838.211,36007.609,4239.54,4693.48,5117.4902,4239.54,4693.48,5117.4902,4239.54,4693.48,5117.4902,4359,4757.4502,5286.0098,4359,4757.4502,5286.0098,4359,4757.4502,5286.0098,415.45001,456.89001,510.32001,415.45001,456.89001,510.32001,415.45001,456.89001,510.32001,417.75,460.70001,507.54999,417.75,460.70001,507.54999,417.75,460.70001,507.54999,1757.87,1936.72,2108.4299,1757.87,1936.72,2108.4299,1757.87,1936.72,2108.4299,1799.02,1965.66,2190.9099,1799.02,1965.66,2190.9099,1799.02,1965.66,2190.9099,118.59,130.42,145.67999,118.59,130.42,145.67999,118.59,130.42,145.67999,119.24,131.50999,144.87,119.24,131.50999,144.87,119.24,131.50999,144.87,214171.41,231067.2,258336.81,214171.41,231067.2,258336.81,214171.41,231067.2,258336.81,209001.05,231788.09,249624.44,209001.05,231788.09,249624.44,209001.05,231788.09,249624.44,.88,.93000001,1.02,.88,.93000001,1.02,.88,.93000001,1.02,.87,.92000002,.98000002,.87,.92000002,.98000002,.87,.92000002,.98000002,.94999999,1,1.09,.94999999,1,1.09,.94999999,1,1.09,.94,.99000001,1.0599999,.94,.99000001,1.0599999,.94,.99000001,1.0599999,.39401597,.38945436,.38273042,.39401597,.38945436,.38273042,.39401597,.38945436,.38273042,.39889672,.40806738,.41577324,.39889672,.40806738,.41577324,.39889672,.40806738,.41577324,189.98169,68157.422,358.75784,47176.656,18616,18616,18616,189,189,189,328844,328844,328844,2132,2132,2132,8.8649158,8.8649158,8.8649158,167.9077,7854.3999,46.77808,8841.0566,,,,,,,,,,,,,,,,,,,,11.280423,17.664589,,,208.70894,423.09344,,,,,253.79681,342.02859,253.79681,342.02859,253.79681,342.02859,11.280423,17.664589,,,1,,2.3890648,2.3890648,2.3890648,.69576722,.69576722,.69576722,1,,1,,44.202168,,,15.653978,15.653978,15.653978,1,,1,,2.3890648,2.3890648,2.3890648,.8477965,.8477965,.8477965,1,,1,,57.221687,,,16.415363,16.415363,16.415363,1,
11Aug2020,Iran,184,18800,368,920,37600,94000,2345,331189,4690,11725,662378,1655945,288620,1978,7.8464818,23769,171.47322,2332.2322,168.70255,6686.9453,39.637489,7293.2979,,,,,,,,,,,,,,,,,,,,,,,,12760.811,14893.449,10729.494,3514.7078,4102.1001,2955.2227,1507.7972,1720.2505,1306.1243,553.9707,618.3136,492.34634,439.58789,,,44914.414,,,404.43701,404.43701,404.43701,44916.305,44916.305,44916.305,184,,,18800,,,169.28676,169.28676,169.28676,18800.791,18800.791,18800.791,29.854876,94144.398,82131.359,105740.81,18911152,21860056,16204027,439.58789,,,44914.414,,,404.43701,404.43701,404.43701,44916.305,44916.305,44916.305,29.854876,,,,,,,439.58789,,,44914.414,,,404.43701,404.43701,404.43701,44916.305,44916.305,44916.305,29.854876,,,,,,,.52146965,,,53.280598,,,.47977126,.47977126,.47977126,53.282837,53.282837,53.282837,.21827358,,,22.301865,,,.20081972,.20081972,.20081972,22.302803,22.302803,22.302803,2.7818017,111.68062,97.429924,125.43709,.46692941,,,,,,,,,366.98276,119074.13,324.4679,142632.16,15912.11,14951.3,16916.109,15912.11,14951.3,16916.109,15912.11,14951.3,16916.109,16142.16,14948.2,17298.09,16142.16,14948.2,17298.09,16142.16,14948.2,17298.09,129.53999,117.4,141.35001,129.53999,117.4,141.35001,129.53999,117.4,141.35001,131.5,120.05,147.03,131.5,120.05,147.03,131.5,120.05,147.03,5431114,5100635.5,5745609.5,5431114,5100635.5,5745609.5,5431114,5100635.5,5745609.5,5507147.5,5153050,5869110.5,5507147.5,5153050,5869110.5,5507147.5,5153050,5869110.5,33020.359,30709.9,36887.27,33020.359,30709.9,36887.27,33020.359,30709.9,36887.27,33070.809,29815.961,35501.84,33070.809,29815.961,35501.84,33070.809,29815.961,35501.84,4195.54,4638.3198,5050.6299,4195.54,4638.3198,5050.6299,4195.54,4638.3198,5050.6299,4314.04,4698.3701,5224.0098,4314.04,4698.3701,5224.0098,4314.04,4698.3701,5224.0098,413.62,453.41,507.53,413.62,453.41,507.53,413.62,453.41,507.53,412.91,456.75,500.48999,412.91,456.75,500.48999,412.91,456.75,500.48999,1729.96,1910.66,2079.7,1729.96,1910.66,2079.7,1729.96,1910.66,2079.7,1776.45,1938.09,2154.6299,1776.45,1938.09,2154.6299,1776.45,1938.09,2154.6299,118.07,129.42999,144.88,118.07,129.42999,144.88,118.07,129.42999,144.88,117.86,130.38,142.86,117.86,130.38,142.86,117.86,130.38,142.86,213908.64,228695.97,254230.09,213908.64,228695.97,254230.09,213908.64,228695.97,254230.09,208293.8,229035.33,246356.83,208293.8,229035.33,246356.83,208293.8,229035.33,246356.83,.88,.93000001,1.02,.88,.93000001,1.02,.88,.93000001,1.02,.87,.92000002,.98000002,.87,.92000002,.98000002,.87,.92000002,.98000002,.94999999,1,1.09,.94999999,1,1.09,.94999999,1,1.09,.94,.99000001,1.0599999,.94,.99000001,1.0599999,.94,.99000001,1.0599999,.39230341,.38228714,.38319454,.39230341,.38228714,.38319454,.39230341,.38228714,.38319454,.39763165,.40263671,.41414756,.39763165,.40263671,.41414756,.39763165,.40263671,.41414756,189.98169,68157.422,358.75784,46473.488,18800,18800,18800,184,184,184,331189,331189,331189,2345,2345,2345,7.8464818,7.8464818,7.8464818,167.9077,7854.3999,46.77808,8607.167,,,,,,,,,,,,,,,,,,,,12.744565,17.616436,,,214.16513,421.04861,,,,,254.90475,341.31952,254.90475,341.31952,254.90475,341.31952,12.744565,17.616436,,,1,,2.3890646,2.3890646,2.3890646,.70402169,.70402169,.70402169,1,,1,,40.146866,,,14.081177,14.081177,14.081177,1,,1,,2.3890646,2.3890646,2.3890646,.84638888,.84638888,.84638888,1,,1,,57.100784,,,16.398836,16.398836,16.398836,1,
12Aug2020,Iran,188,18988,376,940,37976,94940,2510,333699,5020,12550,667398,1668495,290244,1624,7.4900398,24467,171.88393,2341.4912,168.70255,6686.9453,39.637489,7451.8481,,,,,,,,,,,,,,,,,,,,,,,,12478.549,14594.754,10521.024,3422.4385,4002.8408,2885.5566,1497.856,1706.287,1295.1685,552.32996,614.80731,491.25061,449.14417,,,45363.559,,,400.92801,400.92801,400.92801,45317.23,45317.23,45317.23,188,,,18988,,,167.81798,167.81798,167.81798,18968.609,18968.609,18968.609,29.829906,94115.563,82289.359,105354.09,19005268,21965410,16286316,449.14417,,,45363.559,,,400.92801,400.92801,400.92801,45317.23,45317.23,45317.23,29.829906,,,,,,,449.14417,,,45363.559,,,400.92801,400.92801,400.92801,45317.23,45317.23,45317.23,29.829906,,,,,,,.53280598,,,53.813404,,,.47560862,.47560862,.47560862,53.758446,53.758446,53.758446,.22301865,,,22.524883,,,.19907734,.19907734,.19907734,22.501881,22.501881,22.501881,2.9775362,111.64642,97.617355,124.97833,.47722626,,,,,,,,,366.98276,119074.13,324.4679,145732.86,16039.82,15068.83,17046.43,16039.82,15068.83,17046.43,16039.82,15068.83,17046.43,16271.74,15077.22,17431.689,16271.74,15077.22,17431.689,16271.74,15077.22,17431.689,127.71,115.44,139.25999,127.71,115.44,139.25999,127.71,115.44,139.25999,129.57001,118.49,144.48,129.57001,118.49,144.48,129.57001,118.49,144.48,5463782.5,5132183,5778254.5,5463782.5,5132183,5778254.5,5463782.5,5132183,5778254.5,5539808,5186918.5,5901442,5539808,5186918.5,5901442,5539808,5186918.5,5901442,32668.631,30618.25,36190.059,32668.631,30618.25,36190.059,32668.631,30618.25,36190.059,32660.311,29712.85,35076.051,32660.311,29712.85,35076.051,32660.311,29712.85,35076.051,4155.9102,4586.3901,4994.5498,4155.9102,4586.3901,4994.5498,4155.9102,4586.3901,4994.5498,4272.0601,4642.4302,5181.6099,4272.0601,4642.4302,5181.6099,4272.0601,4642.4302,5181.6099,411.70001,449.70001,503.69,411.70001,449.70001,503.69,411.70001,449.70001,503.69,408.04001,452.51001,493.06,408.04001,452.51001,493.06,408.04001,452.51001,493.06,1707.02,1885.95,2050.74,1707.02,1885.95,2050.74,1707.02,1885.95,2050.74,1755.21,1911.84,2119.77,1755.21,1911.84,2119.77,1755.21,1911.84,2119.77,117.52,128.37,143.78999,117.52,128.37,143.78999,117.52,128.37,143.78999,116.47,129.17,140.74001,116.47,129.17,140.74001,116.47,129.17,140.74001,212926.09,226342.77,250354.67,212926.09,226342.77,250354.67,212926.09,226342.77,250354.67,206832.05,226307.34,243389.48,206832.05,226307.34,243389.48,206832.05,226307.34,243389.48,.88,.93000001,1.01,.88,.93000001,1.01,.88,.93000001,1.01,.87,.92000002,.98000002,.87,.92000002,.98000002,.87,.92000002,.98000002,.94999999,1,1.09,.94999999,1,1.09,.94999999,1,1.09,.94,.99000001,1.0599999,.94,.99000001,1.0599999,.94,.99000001,1.0599999,.39092547,.37703004,.38480181,.39092547,.37703004,.38480181,.39092547,.37703004,.38480181,.39672008,.39878368,.41190496,.39672008,.39878368,.41190496,.39672008,.39878368,.41190496,189.98169,68157.422,358.75784,45816.965,18988,18988,18988,188,188,188,333699,333699,333699,2510,2510,2510,7.4900398,7.4900398,7.4900398,167.9077,7854.3999,46.77808,8794.2793,,,,,,,,,,,,,,,,,,,,13.351064,17.574205,,,209.54422,418.95453,,,,,255.80324,340.63864,255.80324,340.63864,255.80324,340.63864,13.351064,17.574205,,,1,,2.3890648,2.3890648,2.3890648,.67930853,.67930853,.67930853,1,,1,,37.496239,,,13.01539,13.01539,13.01539,1,,1,,2.3890646,2.3890646,2.3890646,.84473461,.84473461,.84473461,1,,1,,56.953327,,,16.373386,16.373386,16.373386,1,
13Aug2020,Iran,174,19162,348,870,38324,95810,2625,336324,5250,13125,672648,1681620,292058,1814,6.6285715,25104,171.08035,2352.7769,168.70255,6686.9453,39.637489,6896.9233,,,,,,,,,,,,,,,,,,,,,,,,12120.405,14201.221,10251.602,3393.2556,3975.8054,2870.0613,1488.6329,1695.762,1286.0074,550.66412,612.78296,491.90469,415.69724,,,45779.258,,,397.91946,397.91946,397.91946,45715.152,45715.152,45715.152,174,,,19162,,,166.55869,166.55869,166.55869,19135.168,19135.168,19135.168,29.80817,94154.461,82373.469,105333.12,19099424,22070744,16368690,415.69724,,,45779.258,,,397.91946,397.91946,397.91946,45715.152,45715.152,45715.152,29.80817,,,,,,,415.69724,,,45779.258,,,397.91946,397.91946,397.91946,45715.152,45715.152,45715.152,29.80817,,,,,,,.49312893,,,54.306534,,,.4720397,.4720397,.4720397,54.230488,54.230488,54.230488,.20641088,,,22.731295,,,.19758347,.19758347,.19758347,22.699463,22.699463,22.699463,3.1139572,111.69256,97.717125,124.95346,.44150561,,,,,,,,,366.98276,119074.13,324.4679,134880.41,16165.83,15185.05,17174.68,16165.83,15185.05,17174.68,16165.83,15185.05,17174.68,16399.5,15204.99,17563.51,16399.5,15204.99,17563.51,16399.5,15204.99,17563.51,126.01,113.85,137.28,126.01,113.85,137.28,126.01,113.85,137.28,127.76,117.04,142.05,127.76,117.04,142.05,127.76,117.04,142.05,5496106,5163547.5,5810562.5,5496106,5163547.5,5810562.5,5496106,5163547.5,5810562.5,5572066.5,5220226.5,5933358,5572066.5,5220226.5,5933358,5572066.5,5220226.5,5933358,32323.42,30445.27,35703.922,32323.42,30445.27,35703.922,32323.42,30445.27,35703.922,32258.67,29535.539,34653.699,32258.67,29535.539,34653.699,32258.67,29535.539,34653.699,4120.5498,4536.9902,4956.7998,4120.5498,4536.9902,4956.7998,4120.5498,4536.9902,4956.7998,4228.8398,4588.8799,5138.8901,4228.8398,4588.8799,5138.8901,4228.8398,4588.8799,5138.8901,410.51001,445.79001,498.88,410.51001,445.79001,498.88,410.51001,445.79001,498.88,404.22,448.01001,485.29999,404.22,448.01001,485.29999,404.22,448.01001,485.29999,1688.46,1862.38,2022,1688.46,1862.38,2022,1688.46,1862.38,2022,1735.04,1886.7,2089.3101,1735.04,1886.7,2089.3101,1735.04,1886.7,2089.3101,117.19,127.26,142.42,117.19,127.26,142.42,117.19,127.26,142.42,115.38,127.89,138.53,115.38,127.89,138.53,115.38,127.89,138.53,211327.39,224009.13,247078.19,211327.39,224009.13,247078.19,211327.39,224009.13,247078.19,205343.44,223605.86,240447.55,205343.44,223605.86,240447.55,205343.44,223605.86,240447.55,.88,.93000001,1.01,.88,.93000001,1.01,.88,.93000001,1.01,.87,.92000002,.98000002,.87,.92000002,.98000002,.87,.92000002,.98000002,.94999999,1,1.09,.94999999,1,1.09,.94999999,1,1.09,.94,.99000001,1.0599999,.94,.99000001,1.0599999,.94,.99000001,1.0599999,.38984117,.37394971,.38449559,.38984117,.37394971,.38449559,.38984117,.37394971,.38449559,.39604858,.39626837,.40991294,.39604858,.39626837,.40991294,.39604858,.39626837,.40991294,189.98169,68157.422,358.75784,45207.078,19162,19162,19162,174,174,174,336324,336324,336324,2625,2625,2625,6.6285715,6.6285715,6.6285715,167.9077,7854.3999,46.77808,8139.3857,,,,,,,,,,,,,,,,,,,,15.086206,17.551613,,,226.49768,417.20694,,,,,256.51471,339.98291,256.51471,339.98291,256.51471,339.98291,15.086206,17.551613,,,1,,2.3890646,2.3890646,2.3890646,.72419542,.72419542,.72419542,1,,1,,35.868366,,,12.313684,12.313684,12.313684,1,,1,,2.3890648,2.3890648,2.3890648,.84364003,.84364003,.84364003,1,,1,,56.788765,,,16.3417,16.3417,16.3417,1,
14Aug2020,Iran,169,19331,338,845,38662,96655,2501,338825,5002,12505,677650,1694125,293811,1753,6.757297,25683,169.0625,2359.3125,168.70255,6686.9453,39.637489,6698.7358,,,,,,,,,,,,,,,,,,,,,,,,11982.645,14060.561,10170.826,3430.6111,4025.5151,2911.8909,1480.1587,1685.6202,1284.407,548.34631,609.94653,491.39301,403.75192,,,46183.008,,,394.79501,394.79501,394.79501,46109.945,46109.945,46109.945,169,,,19331,,,165.25087,165.25087,165.25087,19300.418,19300.418,19300.418,29.789143,94262.945,82565.07,105733.95,19193686,22176478,16451255,403.75192,,,46183.008,,,394.79501,394.79501,394.79501,46109.945,46109.945,46109.945,29.789143,,,,,,,403.75192,,,46183.008,,,394.79501,394.79501,394.79501,46109.945,46109.945,46109.945,29.789143,,,,,,,.47895858,,,54.785492,,,.46833327,.46833327,.46833327,54.698818,54.698818,54.698818,.20047954,,,22.931774,,,.19603206,.19603206,.19603206,22.895496,22.895496,22.895496,2.9668598,111.82125,97.944412,125.42894,.42832518,,,,,,,,,366.98276,119074.13,324.4679,131004.54,16290.24,15300.06,17301,16290.24,15300.06,17301,16290.24,15300.06,17301,16525.561,15331.57,17693.18,16525.561,15331.57,17693.18,16525.561,15331.57,17693.18,124.41,112.57,135.42,124.41,112.57,135.42,124.41,112.57,135.42,126.06,115.7,139.88,126.06,115.7,139.88,126.06,115.7,139.88,5528090.5,5194730,5842535,5528090.5,5194730,5842535,5528090.5,5194730,5842535,5603932.5,5252995.5,5964862.5,5603932.5,5252995.5,5964862.5,5603932.5,5252995.5,5964862.5,31984.76,30158.449,35122.52,31984.76,30158.449,35122.52,31984.76,30158.449,35122.52,31865.801,29341.359,34242.84,31865.801,29341.359,34242.84,31865.801,29341.359,34242.84,4089.3601,4489.54,4918.8599,4089.3601,4489.54,4918.8599,4089.3601,4489.54,4918.8599,4186.5,4537.0898,5068.25,4186.5,4537.0898,5068.25,4186.5,4537.0898,5068.25,409.92999,441.70999,493.29001,409.92999,441.70999,493.29001,409.92999,441.70999,493.29001,401.23001,443.29001,478.34,401.23001,443.29001,478.34,401.23001,443.29001,478.34,1671.55,1839.79,1995.98,1671.55,1839.79,1995.98,1671.55,1839.79,1995.98,1715.71,1862.48,2067.74,1715.71,1862.48,2067.74,1715.71,1862.48,2067.74,117.02,126.09,140.82001,117.02,126.09,140.82001,117.02,126.09,140.82001,114.53,126.54,136.53999,114.53,126.54,136.53999,114.53,126.54,136.53999,208976.56,221695.63,243267.38,208976.56,221695.63,243267.38,208976.56,221695.63,243267.38,203791.44,220931.55,237645.91,203791.44,220931.55,237645.91,203791.44,220931.55,237645.91,.88,.93000001,1.01,.88,.93000001,1.01,.88,.93000001,1.01,.87,.92000002,.98000002,.87,.92000002,.98000002,.87,.92000002,.98000002,.94999999,1,1.09,.94999999,1,1.09,.94999999,1,1.09,.94,.99000001,1.0599999,.94,.99000001,1.0599999,.94,.99000001,1.0599999,.3889665,.3732619,.3855646,.3889665,.3732619,.3855646,.3889665,.3732619,.3855646,.3955965,.39432392,.40849417,.3955965,.39432392,.40849417,.3955965,.39432392,.40849417,189.98169,68157.422,358.75784,44633.066,19331,19331,19331,169,169,169,338825,338825,338825,2501,2501,2501,6.757297,6.757297,6.757297,167.9077,7854.3999,46.77808,7905.4956,,,,,,,,,,,,,,,,,,,,14.798817,17.527546,,,233.46748,415.60062,,,,,257.09155,339.34985,257.09155,339.34985,257.09155,339.34985,14.798817,17.527546,,,1,,2.3890646,2.3890646,2.3890646,.73615384,.73615384,.73615384,1,,1,,37.690102,,,12.788789,12.788789,12.788789,1,,1,,2.3890646,2.3890646,2.3890646,.84270036,.84270036,.84270036,1,,1,,56.647785,,,16.315474,16.315474,16.315474,1,
15Aug2020,Iran,161,19492,322,805,38984,97460,2245,341070,4490,11225,682140,1705350,295630,1819,7.1714921,25948,165.75,2356.3303,168.70255,6686.9453,39.637489,6381.6357,,,,,,,,,,,,,,,,,,,,,,,,11685.746,13728.419,9941.5996,3447.8481,4050.5334,2933.2424,1472.4622,1675.9421,1283.623,544.9184,605.85803,488.47745,384.6394,,,46567.648,,,390.95807,390.95807,390.95807,46500.906,46500.906,46500.906,161,,,19492,,,163.64482,163.64482,163.64482,19464.063,19464.063,19464.063,29.772221,94442.875,82566.328,105882.59,19288128,22282360,16533821,384.6394,,,46567.648,,,390.95807,390.95807,390.95807,46500.906,46500.906,46500.906,29.772221,,,,,,,384.6394,,,46567.648,,,390.95807,390.95807,390.95807,46500.906,46500.906,46500.906,29.772221,,,,,,,.45628598,,,55.241776,,,.4637816,.4637816,.4637816,55.162601,55.162601,55.162601,.19098938,,,23.122763,,,.19412684,.19412684,.19412684,23.089622,23.089622,23.089622,2.6631749,112.0347,97.945908,125.60528,.40727201,,,,,,,,,366.98276,119074.13,324.4679,124803.14,16413.15,15413.96,17425.5,16413.15,15413.96,17425.5,16413.15,15413.96,17425.5,16650.01,15457.02,17820.801,16650.01,15457.02,17820.801,16650.01,15457.02,17820.801,122.91,111.42,133.63,122.91,111.42,133.63,122.91,111.42,133.63,124.45,114.44,138.44,124.45,114.44,138.44,124.45,114.44,138.44,5559742,5225732,5874173.5,5559742,5225732,5874173.5,5559742,5225732,5874173.5,5635412.5,5285242.5,5995961.5,5635412.5,5285242.5,5995961.5,5635412.5,5285242.5,5995961.5,31651.48,29790.9,34559.969,31651.48,29790.9,34559.969,31651.48,29790.9,34559.969,31480.141,29123.57,33889.34,31480.141,29123.57,33889.34,31480.141,29123.57,33889.34,4062.1201,4443.5498,4879.8799,4062.1201,4443.5498,4879.8799,4062.1201,4443.5498,4879.8799,4146.6602,4486.5601,4988.54,4146.6602,4486.5601,4988.54,4146.6602,4486.5601,4988.54,409.04001,437.51999,486.72,409.04001,437.51999,486.72,409.04001,437.51999,486.72,398.87,438.44,472.07001,398.87,438.44,472.07001,398.87,438.44,472.07001,1656.23,1818.04,1976.61,1656.23,1818.04,1976.61,1656.23,1818.04,1976.61,1697.02,1839.03,2046.58,1697.02,1839.03,2046.58,1697.02,1839.03,2046.58,116.76,124.9,138.95,116.76,124.9,138.95,116.76,124.9,138.95,113.85,125.16,134.75999,113.85,125.16,134.75999,113.85,125.16,134.75999,206771.05,219402.38,239501.11,206771.05,219402.38,239501.11,206771.05,219402.38,239501.11,202022.44,218284.47,235147.55,202022.44,218284.47,235147.55,202022.44,218284.47,235147.55,.88,.93000001,1.01,.88,.93000001,1.01,.88,.93000001,1.01,.87,.92000002,.98000002,.87,.92000002,.98000002,.87,.92000002,.98000002,.94999999,1,1.09,.94999999,1,1.09,.94999999,1,1.09,.94,.99000001,1.0599999,.94,.99000001,1.0599999,.94,.99000001,1.0599999,.38832307,.37400681,.38666123,.38832307,.37400681,.38666123,.38832307,.37400681,.38666123,.39532858,.39294633,.40850604,.39532858,.39294633,.40850604,.39532858,.39294633,.40850604,189.98169,68157.422,358.75784,44094.93,19492,19492,19492,161,161,161,341070,341070,341070,2245,2245,2245,7.1714921,7.1714921,7.1714921,167.9077,7854.3999,46.77808,7531.271,,,,,,,,,,,,,,,,,,,,13.944099,17.497948,,,245.53615,414.19589,,,,,257.51752,338.73703,257.51752,338.73703,257.51752,338.73703,13.944099,17.497948,,,1,,2.3890646,2.3890646,2.3890646,.76341617,.76341617,.76341617,1,,1,,42.068096,,,14.098655,14.098655,14.098655,1,,1,,2.3890646,2.3890646,2.3890646,.84204549,.84204549,.84204549,1,,1,,56.551815,,,16.300882,16.300882,16.300882,1,
16Aug2020,Iran,147,19639,294,735,39278,98195,2133,343203,4266,10665,686406,1716015,297486,1856,6.8917017,26078,161.23215,2341.634,168.70255,6686.9453,39.637489,5826.7109,,,,,,,,,,,,,,,,,,,,,,,,11394.291,13398.221,9715.0596,3443.1465,4048.6975,2935.7134,1465.5712,1666.8066,1277.5188,540.23291,600.40387,484.25967,351.1925,,,46918.84,,,385.83795,385.83795,385.83795,46886.742,46886.742,46886.742,147,,,19639,,,161.50168,161.50168,161.50168,19625.564,19625.564,19625.564,29.756142,94696.172,82602.438,106167.71,19382826,22388528,16616423,351.1925,,,46918.84,,,385.83795,385.83795,385.83795,46886.742,46886.742,46886.742,29.756142,,,,,,,351.1925,,,46918.84,,,385.83795,385.83795,385.83795,46886.742,46886.742,46886.742,29.756142,,,,,,,.41660893,,,55.658386,,,.45770776,.45770776,.45770776,55.620308,55.620308,55.620308,.1743816,,,23.297146,,,.1915845,.1915845,.1915845,23.281208,23.281208,23.281208,2.5303128,112.33517,97.988747,125.94351,.37086242,,,,,,,,,366.98276,119074.13,324.4679,113950.7,16534.631,15526.83,17548.289,16534.631,15526.83,17548.289,16534.631,15526.83,17548.289,16772.91,15581.33,17946.48,16772.91,15581.33,17946.48,16772.91,15581.33,17946.48,121.48,110.39,132.3,121.48,110.39,132.3,121.48,110.39,132.3,122.9,113.24,137.13,122.9,113.24,137.13,122.9,113.24,137.13,5591064.5,5256553.5,5905480.5,5591064.5,5256553.5,5905480.5,5591064.5,5256553.5,5905480.5,5666513,5316979.5,6026659,5666513,5316979.5,6026659,5666513,5316979.5,6026659,31322.48,29260.199,34019.68,31322.48,29260.199,34019.68,31322.48,29260.199,34019.68,31100.26,28676.311,33559.102,31100.26,28676.311,33559.102,31100.26,28676.311,33559.102,4037.6001,4398.6602,4838.79,4037.6001,4398.6602,4838.79,4037.6001,4398.6602,4838.79,4107.5,4436.9102,4909.4902,4107.5,4436.9102,4909.4902,4107.5,4436.9102,4909.4902,407.07999,433.25,479.45999,407.07999,433.25,479.45999,407.07999,433.25,479.45999,395.89001,433.5,466.47,395.89001,433.5,466.47,395.89001,433.5,466.47,1642.45,1797,1957.72,1642.45,1797,1957.72,1642.45,1797,1957.72,1678.83,1816.22,2024.8,1678.83,1816.22,2024.8,1678.83,1816.22,2024.8,116.2,123.68,136.88,116.2,123.68,136.88,116.2,123.68,136.88,113.01,123.75,133.16,113.01,123.75,133.16,113.01,123.75,133.16,203135.2,217129.16,235825.3,203135.2,217129.16,235825.3,203135.2,217129.16,235825.3,198866.19,215664.42,232764.3,198866.19,215664.42,232764.3,198866.19,215664.42,232764.3,.88,.93000001,1.01,.88,.93000001,1.01,.88,.93000001,1.01,.87,.92000002,.98000002,.87,.92000002,.98000002,.87,.92000002,.98000002,.94999999,1,1.09,.94999999,1,1.09,.94999999,1,1.09,.94,.99000001,1.0599999,.94,.99000001,1.0599999,.94,.99000001,1.0599999,.38783649,.37727016,.38889256,.38783649,.37727016,.38889256,.38783649,.37727016,.38889256,.39517355,.3948904,.40862238,.39517355,.3948904,.40862238,.39517355,.3948904,.40862238,189.98169,68157.422,358.75784,43581.902,19639,19639,19639,147,147,147,343203,343203,343203,2133,2133,2133,6.8917017,6.8917017,6.8917017,167.9077,7854.3999,46.77808,6876.3779,,,,,,,,,,,,,,,,,,,,14.510204,17.475584,,,269.64178,413.11392,,,,,257.84064,338.1427,257.84064,338.1427,257.84064,338.1427,14.510204,17.475584,,,1,,2.3890646,2.3890646,2.3890646,.82639456,.82639456,.82639456,1,,1,,44.395767,,,14.684708,14.684708,14.684708,1,,1,,2.3890646,2.3890646,2.3890646,.84192836,.84192836,.84192836,1,,1,,56.476273,,,16.290838,16.290838,16.290838,1,
17Aug2020,Iran,165,19804,330,825,39608,99020,2247,345450,4494,11235,690900,1727250,299157,1671,7.3431244,26489,156.33929,2317.2947,168.70255,6686.9453,39.637489,6540.1855,,,,,,,,,,,,,,,,,,,,,,,,11129.597,13085.263,9533.9883,3413.4841,4013.2935,2924.106,1459.5138,1658.2922,1272.8574,534.19073,593.52203,478.90042,394.19568,,,47313.035,,,378.90475,378.90475,378.90475,47265.648,47265.648,47265.648,165,,,19804,,,158.59962,158.59962,158.59962,19784.164,19784.164,19784.164,29.738495,95024.766,82728.125,106525.64,19477850,22495054,16699151,394.19568,,,47313.035,,,378.90475,378.90475,378.90475,47265.648,47265.648,47265.648,29.738495,,,,,,,394.19568,,,47313.035,,,378.90475,378.90475,378.90475,47265.648,47265.648,47265.648,29.738495,,,,,,,.46762228,,,56.126007,,,.44948313,.44948313,.44948313,56.069794,56.069794,56.069794,.19573446,,,23.49288,,,.18814188,.18814188,.18814188,23.469349,23.469349,23.469349,2.6655474,112.72497,98.13784,126.36811,.41483468,,,,,,,,,366.98276,119074.13,324.4679,127903.84,16654.74,15638.75,17669.439,16654.74,15638.75,17669.439,16654.74,15638.75,17669.439,16894.33,15704.52,18070.279,16894.33,15704.52,18070.279,16894.33,15704.52,18070.279,120.11,109.47,131.14999,120.11,109.47,131.14999,120.11,109.47,131.14999,121.42,112.1,135.8,121.42,112.1,135.8,121.42,112.1,135.8,5622061.5,5287195.5,5936458,5622061.5,5287195.5,5936458,5622061.5,5287195.5,5936458,5697238,5348216.5,6056959,5697238,5348216.5,6056959,5697238,5348216.5,6056959,30997.01,28794.529,33512.078,30997.01,28794.529,33512.078,30997.01,28794.529,33512.078,30725.18,28199.9,33246.051,30725.18,28199.9,33246.051,30725.18,28199.9,33246.051,4016.05,4354.6099,4793.9302,4016.05,4354.6099,4793.9302,4016.05,4354.6099,4793.9302,4072.76,4387.8999,4830.8901,4072.76,4387.8999,4830.8901,4072.76,4387.8999,4830.8901,404.38,428.95001,474.28,404.38,428.95001,474.28,404.38,428.95001,474.28,392.85001,428.51001,460.92001,392.85001,428.51001,460.92001,392.85001,428.51001,460.92001,1630.11,1776.5699,1938.4399,1630.11,1776.5699,1938.4399,1630.11,1776.5699,1938.4399,1661.03,1793.96,1997.15,1661.03,1793.96,1997.15,1661.03,1793.96,1997.15,115.44,122.45,135.39999,115.44,122.45,135.39999,115.44,122.45,135.39999,112.14,122.33,131.57001,112.14,122.33,131.57001,112.14,122.33,131.57001,199685.13,214875.81,232280.72,199685.13,214875.81,232280.72,199685.13,214875.81,232280.72,195606.94,213071.13,230566.56,195606.94,213071.13,230566.56,195606.94,213071.13,230566.56,.88,.93000001,1.01,.88,.93000001,1.01,.88,.93000001,1.01,.87,.92000002,.98000002,.87,.92000002,.98000002,.87,.92000002,.98000002,.94999999,1,1.09,.94999999,1,1.09,.94999999,1,1.09,.94,.99000001,1.0599999,.94,.99000001,1.0599999,.94,.99000001,1.0599999,.38748899,.3801764,.39135143,.38748899,.3801764,.39135143,.38748899,.3801764,.39135143,.39518076,.39751914,.40846959,.39518076,.39751914,.40846959,.39518076,.39751914,.40846959,189.98169,68157.422,358.75784,43090.406,19804,19804,19804,165,165,165,345450,345450,345450,2247,2247,2247,7.3431244,7.3431244,7.3431244,167.9077,7854.3999,46.77808,7718.3833,,,,,,,,,,,,,,,,,,,,13.618182,17.443445,,,241.05989,411.68042,,,,,258.07184,337.56525,258.07184,337.56525,258.07184,337.56525,13.618182,17.443445,,,1,,2.3890648,2.3890648,2.3890648,.72793943,.72793943,.72793943,1,,1,,42.289616,,,13.794842,13.794842,13.794842,1,,1,,2.3890646,2.3890646,2.3890646,.84097862,.84097862,.84097862,1,,1,,56.383991,,,16.274603,16.274603,16.274603,1,
18Aug2020,Iran,168,19972,336,840,39944,99860,2385,347835,4770,11925,695670,1739175,300881,1724,7.0440249,26982,151.26787,2290.4822,168.70255,6686.9453,39.637489,6659.0981,,,,,,,,,,,,,,,,,,,,,,,,10942.146,12847.847,9380.1035,3364.4126,3950.3635,2884.1267,1454.3195,1650.4897,1269.2738,526.73096,585.19,471.41977,401.36285,,,47714.398,,,369.69305,369.69305,369.69305,47635.34,47635.34,47635.34,168,,,19972,,,154.74385,154.74385,154.74385,19938.908,19938.908,19938.908,29.715483,95430.43,82989.828,106959.19,19573280,22602012,16782142,401.36285,,,47714.398,,,369.69305,369.69305,369.69305,47635.34,47635.34,47635.34,29.715483,,,,,,,401.36285,,,47714.398,,,369.69305,369.69305,369.69305,47635.34,47635.34,47635.34,29.715483,,,,,,,.4761245,,,56.602135,,,.43855557,.43855557,.43855557,56.508347,56.508347,56.508347,.19929326,,,23.692173,,,.1835679,.1835679,.1835679,23.652916,23.652916,23.652916,2.8292525,113.2062,98.448296,126.88242,.42058164,,,,,,,,,366.98276,119074.13,324.4679,130229.36,16773.529,15749.76,17789.99,16773.529,15749.76,17789.99,16773.529,15749.76,17789.99,17014.311,15826.57,18192.279,17014.311,15826.57,18192.279,17014.311,15826.57,18192.279,118.79,108.65,129.98,118.79,108.65,129.98,118.79,108.65,129.98,119.98,110.96,133.7,119.98,110.96,133.7,119.98,110.96,133.7,5652736.5,5317658.5,5967108,5652736.5,5317658.5,5967108,5652736.5,5317658.5,5967108,5727592.5,5378960.5,6086866,5727592.5,5378960.5,6086866,5727592.5,5378960.5,6086866,30674.631,28349.6,33100.77,30674.631,28349.6,33100.77,30674.631,28349.6,33100.77,30354.32,27757.561,32884.98,30354.32,27757.561,32884.98,30354.32,27757.561,32884.98,3998.26,4311.2002,4746.4502,3998.26,4311.2002,4746.4502,3998.26,4311.2002,4746.4502,4038.8799,4339.3301,4752.6602,4038.8799,4339.3301,4752.6602,4038.8799,4339.3301,4752.6602,400.70001,424.63,467.28,400.70001,424.63,467.28,400.70001,424.63,467.28,389.92999,423.51999,455.39999,389.92999,423.51999,455.39999,389.92999,423.51999,455.39999,1619.1,1756.6801,1918.72,1619.1,1756.6801,1918.72,1619.1,1756.6801,1918.72,1643.54,1772.17,1963.79,1643.54,1772.17,1963.79,1643.54,1772.17,1963.79,114.39,121.22,133.39999,114.39,121.22,133.39999,114.39,121.22,133.39999,111.31,120.9,130,111.31,120.9,130,111.31,120.9,130,196629.06,212642.16,229450.59,196629.06,212642.16,229450.59,196629.06,212642.16,229450.59,192404.52,210504.36,227907.31,192404.52,210504.36,227907.31,192404.52,210504.36,227907.31,.88,.93000001,1.01,.88,.93000001,1.01,.88,.93000001,1.01,.87,.92000002,.98000002,.87,.92000002,.98000002,.87,.92000002,.98000002,.94999999,1,1.09,.94999999,1,1.09,.94999999,1,1.09,.94,.99000001,1.0599999,.94,.99000001,1.0599999,.94,.99000001,1.0599999,.38725811,.38325056,.39267969,.38725811,.38325056,.39267969,.38725811,.38325056,.39267969,.39526498,.39974695,.40656859,.39526498,.39974695,.40656859,.39526498,.39974695,.40656859,189.98169,68157.422,358.75784,42616.844,19972,19972,19972,168,168,168,347835,347835,347835,2385,2385,2385,7.0440249,7.0440249,7.0440249,167.9077,7854.3999,46.77808,7858.7173,,,,,,,,,,,,,,,,,,,,14.196428,17.416132,,,237.76598,410.21747,,,,,258.22571,337.00342,258.22571,337.00342,258.22571,337.00342,14.196428,17.416132,,,1,,2.3890646,2.3890646,2.3890646,.70708334,.70708334,.70708334,1,,1,,40.01276,,,12.861481,12.861481,12.861481,1,,1,,2.3890646,2.3890646,2.3890646,.83985227,.83985227,.83985227,1,,1,,56.271736,,,16.251202,16.251202,16.251202,1,
19Aug2020,Iran,153,20125,306,765,40250,100625,2444,350279,4888,12220,700558,1751395,302528,1647,6.2602291,27626,146.4375,2265.9553,168.70255,6686.9453,39.637489,6064.5356,,,,,,,,,,,,,,,,,,,,,,,,10865.784,12740.176,9318.3594,3311.2148,3882.4126,2839.6558,1450.0182,1643.1342,1261.3147,518.19244,575.78528,461.7421,365.52689,,,48079.926,,,358.19531,358.19531,358.19531,47993.535,47993.535,47993.535,153,,,20125,,,149.93118,149.93118,149.93118,20088.84,20088.84,20088.84,29.682215,95914.805,83212.992,107471.31,19669196,22709484,16865354,365.52689,,,48079.926,,,358.19531,358.19531,358.19531,47993.535,47993.535,47993.535,29.682215,,,,,,,365.52689,,,48079.926,,,358.19531,358.19531,358.19531,47993.535,47993.535,47993.535,29.682215,,,,,,,.43361339,,,57.035748,,,.42491612,.42491612,.42491612,56.933266,56.933266,56.933266,.18149923,,,23.873672,,,.17785878,.17785878,.17785878,23.830776,23.830776,23.830776,2.8992424,113.7808,98.713028,127.48993,.38109538,,,,,,,,,366.98276,119074.13,324.4679,118601.74,16891.039,15859.93,17909.779,16891.039,15859.93,17909.779,16891.039,15859.93,17909.779,17132.891,15947.45,18312.551,17132.891,15947.45,18312.551,17132.891,15947.45,18312.551,117.52,107.94,128.78999,117.52,107.94,128.78999,117.52,107.94,128.78999,118.58,109.87,131.52,118.58,109.87,131.52,118.58,109.87,131.52,5683091.5,5347942,5997432,5683091.5,5347942,5997432,5683091.5,5347942,5997432,5757579.5,5409218.5,6116383.5,5757579.5,5409218.5,6116383.5,5757579.5,5409218.5,6116383.5,30355.119,27910.789,32783.238,30355.119,27910.789,32783.238,30355.119,27910.789,32783.238,29987.4,27603.18,32555.82,29987.4,27603.18,32555.82,29987.4,27603.18,32555.82,3983.8401,4268.29,4697.3301,3983.8401,4268.29,4697.3301,3983.8401,4268.29,4697.3301,3993.0901,4291.1099,4674.75,3993.0901,4291.1099,4674.75,3993.0901,4291.1099,4674.75,395.32001,420.32999,460.23999,395.32001,420.32999,460.23999,395.32001,420.32999,460.23999,386.85001,418.54001,450.62,386.85001,418.54001,450.62,386.85001,418.54001,450.62,1609.33,1737.26,1898.9301,1609.33,1737.26,1898.9301,1609.33,1737.26,1898.9301,1626.28,1750.79,1930.92,1626.28,1750.79,1930.92,1626.28,1750.79,1930.92,112.86,119.99,131.39,112.86,119.99,131.39,112.86,119.99,131.39,110.43,119.48,128.63,110.43,119.48,128.63,110.43,119.48,128.63,193610.06,210428,227029.3,193610.06,210428,227029.3,193610.06,210428,227029.3,191427.72,207963.91,225770.78,191427.72,207963.91,225770.78,191427.72,207963.91,225770.78,.88,.93000001,1.01,.88,.93000001,1.01,.88,.93000001,1.01,.87,.92000002,.98000002,.87,.92000002,.98000002,.87,.92000002,.98000002,.94999999,1,1.09,.94999999,1,1.09,.94999999,1,1.09,.94,.99000001,1.0599999,.94,.99000001,1.0599999,.94,.99000001,1.0599999,.3871505,.38673219,.39285317,.3871505,.38673219,.39285317,.3871505,.38673219,.39285317,.39543274,.39803386,.40398309,.39543274,.39803386,.40398309,.39543274,.39803386,.40398309,189.98169,68157.422,358.75784,42161.219,20125,20125,20125,153,153,153,350279,350279,350279,2444,2444,2444,6.2602291,6.2602291,6.2602291,167.9077,7854.3999,46.77808,7157.0464,,,,,,,,,,,,,,,,,,,,15.973856,17.405169,,,262.40149,409.09372,,,,,258.29749,336.45599,258.29749,336.45599,258.29749,336.45599,15.973856,17.405169,,,1,,2.3890646,2.3890646,2.3890646,.76810455,.76810455,.76810455,1,,1,,39.24501,,,12.420261,12.420261,12.420261,1,,1,,2.3890646,2.3890646,2.3890646,.83930629,.83930629,.83930629,1,,1,,56.152943,,,16.22447,16.22447,16.22447,1,
20Aug2020,Iran,139,20264,278,695,40528,101320,2279,352558,4558,11395,705116,1762790,304236,1708,6.0991664,28058,142.02679,2246.1519,168.70255,6686.9453,39.637489,5509.6108,,,,,,,,,,,,,,,,,,,,,,,,10774.591,12606.431,9225.2021,3256.6372,3810.3135,2788.332,1446.6395,1633.7648,1256.009,509.7099,564.38391,453.77161,332.07999,,,48412.008,,,345.28253,345.28253,345.28253,48338.816,48338.816,48338.816,139,,,20264,,,144.52625,144.52625,144.52625,20233.365,20233.365,20233.365,29.633667,96479.492,83478.539,108071.06,19765674,22817554,16948832,332.07999,,,48412.008,,,345.28253,345.28253,345.28253,48338.816,48338.816,48338.816,29.633667,,,,,,,332.07999,,,48412.008,,,345.28253,345.28253,345.28253,48338.816,48338.816,48338.816,29.633667,,,,,,,.39393634,,,57.429684,,,.40959811,.40959811,.40959811,57.342861,57.342861,57.342861,.16489145,,,24.038563,,,.17144707,.17144707,.17144707,24.002222,24.002222,24.002222,2.7035079,114.45067,99.028038,128.2014,.34419748,,,,,,,,,366.98276,119074.13,324.4679,107749.3,17007.32,15969.28,18028.07,17007.32,15969.28,18028.07,17007.32,15969.28,18028.07,17250.1,16067.13,18431.141,17250.1,16067.13,18431.141,17250.1,16067.13,18431.141,116.28,107.32,127.56,116.28,107.32,127.56,116.28,107.32,127.56,117.21,108.83,129.37,117.21,108.83,129.37,117.21,108.83,129.37,5713130,5378046,6027433,5713130,5378046,6027433,5713130,5378046,6027433,5787204,5438997,6145515.5,5787204,5438997,6145515.5,5787204,5438997,6145515.5,30038.391,27477.77,32626.221,30038.391,27477.77,32626.221,30038.391,27477.77,32626.221,29624.289,27130.41,32228.32,29624.289,27130.41,32228.32,29624.289,27130.41,32228.32,3972.4099,4225.8101,4649.1602,3972.4099,4225.8101,4649.1602,3972.4099,4225.8101,4649.1602,3946.51,4243.1699,4603.0801,3946.51,4243.1699,4603.0801,3946.51,4243.1699,4603.0801,390.72,416.04001,453.20999,390.72,416.04001,453.20999,390.72,416.04001,453.20999,382.17999,413.57999,445.91,382.17999,413.57999,445.91,382.17999,413.57999,445.91,1600.6899,1718.26,1881.17,1600.6899,1718.26,1881.17,1600.6899,1718.26,1881.17,1609.22,1729.78,1898.53,1609.22,1729.78,1898.53,1609.22,1729.78,1898.53,111.54,118.77,129.38,111.54,118.77,129.38,111.54,118.77,129.38,109.1,118.07,127.29,109.1,118.07,127.29,109.1,118.07,127.29,190628.05,208233.28,225827.34,190628.05,208233.28,225827.34,190628.05,208233.28,225827.34,188359.3,205449.61,223486.56,188359.3,205449.61,223486.56,188359.3,205449.61,223486.56,.88,.93000001,1.01,.88,.93000001,1.01,.88,.93000001,1.01,.87,.92000002,.98000002,.87,.92000002,.98000002,.87,.92000002,.98000002,.94999999,1,1.09,.94999999,1,1.09,.94999999,1,1.09,.94,.99000001,1.0599999,.94,.99000001,1.0599999,.94,.99000001,1.0599999,.38710463,.39057028,.39097387,.38710463,.39057028,.39097387,.38710463,.39057028,.39097387,.39565507,.40113658,.40141711,.39565507,.40113658,.40141711,.39565507,.40113658,.40141711,189.98169,68157.422,358.75784,41716.363,20264,20264,20264,139,139,139,352558,352558,352558,2279,2279,2279,6.0991664,6.0991664,6.0991664,167.9077,7854.3999,46.77808,6502.1533,,,,,,,,,,,,,,,,,,,,16.395683,17.398243,,,290.53088,408.2804,,,,,258.32809,335.92181,258.32809,335.92181,258.32809,335.92181,16.395683,17.398243,,,1,,2.3890646,2.3890646,2.3890646,.83654678,.83654678,.83654678,1,,1,,42.334133,,,13.180513,13.180513,13.180513,1,,1,,2.3890648,2.3890648,2.3890648,.8392874,.8392874,.8392874,1,,1,,56.06361,,,16.204794,16.204794,16.204794,1,
21Aug2020,Iran,112,20376,224,560,40752,101880,2206,354764,4412,11030,709528,1773820,305866,1630,5.0770626,28522,137.63393,2230.0447,168.70255,6686.9453,39.637489,4439.3989,,,,,,,,,,,,,,,,,,,,,,,,10729.267,12519.154,9177.7041,3240.9255,3781.5862,2772.2542,1444.2111,1626.9022,1256.4451,502.43613,555.90228,447.60635,267.57526,,,48679.582,,,331.86295,331.86295,331.86295,48670.68,48670.68,48670.68,112,,,20376,,,138.90915,138.90915,138.90915,20372.275,20372.275,20372.275,29.566195,97125.859,83884.203,108770.51,19862800,22926326,17032718,267.57526,,,48679.582,,,331.86295,331.86295,331.86295,48670.68,48670.68,48670.68,29.566195,,,,,,,267.57526,,,48679.582,,,331.86295,331.86295,331.86295,48670.68,48670.68,48670.68,29.566195,,,,,,,.31741634,,,57.747101,,,.39367887,.39367887,.39367887,57.736542,57.736542,57.736542,.13286218,,,24.171425,,,.16478369,.16478369,.16478369,24.167006,24.167006,24.167006,2.6169105,115.21744,99.50927,129.03113,.27549332,,,,,,,,,366.98276,119074.13,324.4679,86819.578,17122.391,16077.87,18144.91,17122.391,16077.87,18144.91,17122.391,16077.87,18144.91,17365.971,16185.57,18548.09,17365.971,16185.57,18548.09,17365.971,16185.57,18548.09,115.07,106.78,126.29,115.07,106.78,126.29,115.07,106.78,126.29,115.86,107.77,127.25,115.86,107.77,127.25,115.86,107.77,127.25,5742854,5407971,6057112.5,5742854,5407971,6057112.5,5742854,5407971,6057112.5,5816469,5468302.5,6174266.5,5816469,5468302.5,6174266.5,5816469,5468302.5,6174266.5,29724.41,27050.391,32549.539,29724.41,27050.391,32549.539,29724.41,27050.391,32549.539,29264.961,26660.539,31927.16,29264.961,26660.539,31927.16,29264.961,26660.539,31927.16,3951.54,4183.6802,4610.4199,3951.54,4183.6802,4610.4199,3951.54,4183.6802,4610.4199,3900.3201,4195.46,4545.6401,3900.3201,4195.46,4545.6401,3900.3201,4195.46,4545.6401,383.88,411.76999,446.35001,383.88,411.76999,446.35001,383.88,411.76999,446.35001,375.97,408.66,441.73001,375.97,408.66,441.73001,375.97,408.66,441.73001,1592.6899,1699.63,1863.8101,1592.6899,1699.63,1863.8101,1592.6899,1699.63,1863.8101,1590.12,1709.09,1866.59,1590.12,1709.09,1866.59,1590.12,1709.09,1866.59,109.58,117.55,127.42,109.58,117.55,127.42,109.58,117.55,127.42,107.33,116.66,126.1,107.33,116.66,126.1,107.33,116.66,126.1,187682.91,206057.92,225277.05,187682.91,206057.92,225277.05,187682.91,206057.92,225277.05,185115.63,202961.38,221286.69,185115.63,202961.38,221286.69,185115.63,202961.38,221286.69,.88,.93000001,1.01,.88,.93000001,1.01,.88,.93000001,1.01,.87,.92000002,.98000002,.87,.92000002,.98000002,.87,.92000002,.98000002,.94999999,1,1.09,.94999999,1,1.09,.94999999,1,1.09,.94,.99000001,1.0599999,.94,.99000001,1.0599999,.94,.99000001,1.0599999,.3871229,.39474475,.38799322,.3871229,.39474475,.38799322,.3871229,.39474475,.38799322,.39590007,.40423039,.39856347,.39590007,.40423039,.39856347,.39590007,.40423039,.39856347,189.98169,68157.422,358.75784,41282.266,20376,20376,20376,112,112,112,354764,354764,354764,2206,2206,2206,5.0770626,5.0770626,5.0770626,167.9077,7854.3999,46.77808,5239.145,,,,,,,,,,,,,,,,,,,,19.696428,17.410875,,,362.9852,408.03143,,,,,258.31589,335.40024,258.31589,335.40024,258.31589,335.40024,19.696428,17.410875,,,1,,2.3890648,2.3890648,2.3890648,1.0274107,1.0274107,1.0274107,1,,1,,44.028042,,,13.474347,13.474347,13.474347,1,,1,,2.3890648,2.3890648,2.3890648,.84032148,.84032148,.84032148,1,,1,,55.98877,,,16.187815,16.187815,16.187815,1,
22Aug2020,Iran,126,20502,252,630,41004,102510,2028,356792,4056,10140,713584,1783960,307702,1836,6.2130179,28588,133.51785,2213.7678,168.70255,6686.9453,39.637489,4994.3237,,,,,,,,,,,,,,,,,,,,,,,,10758.538,12518.134,9200.5303,3235.8362,3765.0681,2767.2354,1442.7609,1620.4756,1258.6613,497.14368,549.37415,443.51147,301.02216,,,48980.605,,,318.73224,318.73224,318.73224,48989.414,48989.414,48989.414,126,,,20502,,,133.41298,133.41298,133.41298,20505.688,20505.688,20505.688,29.479156,97855.266,84435.297,109574.51,19960656,23035900,17117152,301.02216,,,48980.605,,,318.73224,318.73224,318.73224,48989.414,48989.414,48989.414,29.479156,,,,,,,301.02216,,,48980.605,,,318.73224,318.73224,318.73224,48989.414,48989.414,48989.414,29.479156,,,,,,,.35709336,,,58.104191,,,.37810233,.37810233,.37810233,58.114643,58.114643,58.114643,.14946994,,,24.320896,,,.15826374,.15826374,.15826374,24.32527,24.32527,24.32527,2.4057543,116.08271,100.16301,129.98488,.30761978,,,,,,,,,366.98276,119074.13,324.4679,97672.023,17236.27,16185.71,18260.35,17236.27,16185.71,18260.35,17236.27,16185.71,18260.35,17480.51,16302.74,18663.439,17480.51,16302.74,18663.439,17480.51,16302.74,18663.439,113.88,106.32,124.99,113.88,106.32,124.99,113.88,106.32,124.99,114.54,106.72,125.14,114.54,106.72,125.14,114.54,106.72,125.14,5772267.5,5437717,6086473,5772267.5,5437717,6086473,5772267.5,5437717,6086473,5845378.5,5497141,6202639.5,5845378.5,5497141,6202639.5,5845378.5,5497141,6202639.5,29413.189,26628.77,32471.369,29413.189,26628.77,32471.369,29413.189,26628.77,32471.369,28909.4,26179.18,31842,28909.4,26179.18,31842,28909.4,26179.18,31842,3911.98,4141.8599,4557.6099,3911.98,4141.8599,4557.6099,3911.98,4141.8599,4557.6099,3856.72,4147.9902,4489.1602,3856.72,4147.9902,4489.1602,3856.72,4147.9902,4489.1602,377.67999,407.53,440.35999,377.67999,407.53,440.35999,377.67999,407.53,440.35999,369.82999,403.78,436.64001,369.82999,403.78,436.64001,369.82999,403.78,436.64001,1580.4399,1681.33,1845.05,1580.4399,1681.33,1845.05,1580.4399,1681.33,1845.05,1570.76,1688.71,1837.54,1570.76,1688.71,1837.54,1570.76,1688.71,1837.54,107.82,116.34,125.71,107.82,116.34,125.71,107.82,116.34,125.71,105.58,115.27,124.65,105.58,115.27,124.65,105.58,115.27,124.65,184831.66,203910.84,224727.45,184831.66,203910.84,224727.45,184831.66,203910.84,224727.45,181889.34,200513.61,220331.31,181889.34,200513.61,220331.31,181889.34,200513.61,220331.31,.95999998,1,1.04,.95999998,1,1.04,.95999998,1,1.04,.97000003,1,1.04,.97000003,1,1.04,.97000003,1,1.04,1.03,1.08,1.12,1.03,1.08,1.12,1.03,1.08,1.12,1.05,1.08,1.12,1.05,1.08,1.12,1.05,1.08,1.12,.38717324,.39926741,.3849237,.38717324,.39926741,.3849237,.38717324,.39926741,.3849237,.39620331,.4076522,.39300296,.39620331,.4076522,.39300296,.39620331,.4076522,.39300296,189.98169,68157.422,358.75784,40855.344,20502,20502,20502,126,126,126,356792,356792,356792,2028,2028,2028,6.2130179,6.2130179,6.2130179,167.9077,7854.3999,46.77808,5894.0381,,,,,,,,,,,,,,,,,,,,16.095238,17.40279,,,325.07663,407.52164,,,,,258.28232,334.89078,258.28232,334.89078,258.28232,334.89078,16.095238,17.40279,,,1,,2.3890648,2.3890648,2.3890648,.90380949,.90380949,.90380949,1,,1,,48.252102,,,14.503545,14.503545,14.503545,1,,1,,2.3890648,2.3890648,2.3890648,.84071159,.84071159,.84071159,1,,1,,55.944798,,,16.178242,16.178242,16.178242,1,
23Aug2020,Iran,141,20643,282,705,41286,103215,2113,358905,4226,10565,717810,1794525,309464,1762,6.672977,28798,129.79465,2196.6606,168.70255,6686.9453,39.637489,5588.8862,,,,,,,,,,,,,,,,,,,,,,,,10634.377,12338.323,9098.8633,3246.813,3767.0498,2778.001,1442.319,1614.5491,1261.0828,493.93137,544.85797,440.8476,336.85812,,,49317.461,,,306.57053,306.57053,306.57053,49295.984,49295.984,49295.984,141,,,20643,,,128.3224,128.3224,128.3224,20634.01,20634.01,20634.01,29.376085,98668.875,85137.953,110534.86,20059324,23146434,17202290,336.85812,,,49317.461,,,306.57053,306.57053,306.57053,49295.984,49295.984,49295.984,29.376085,,,,,,,336.85812,,,49317.461,,,306.57053,306.57053,306.57053,49295.984,49295.984,49295.984,29.376085,,,,,,,.39960447,,,58.503796,,,.36367524,.36367524,.36367524,58.478317,58.478317,58.478317,.16726398,,,24.488159,,,.15222494,.15222494,.15222494,24.477495,24.477495,24.477495,2.5065873,117.04787,100.99654,131.12413,.34140262,,,,,,,,,366.98276,119074.13,324.4679,109299.65,17348.98,16292.83,18374.42,17348.98,16292.83,18374.42,17348.98,16292.83,18374.42,17593.74,16418.609,18777.25,17593.74,16418.609,18777.25,17593.74,16418.609,18777.25,112.71,105.91,123.91,112.71,105.91,123.91,112.71,105.91,123.91,113.23,105.57,123.06,113.23,105.57,123.06,113.23,105.57,123.06,5801523.5,5467349.5,6115689,5801523.5,5467349.5,6115689,5801523.5,5467349.5,6115689,5874109,5525715.5,6230848.5,5874109,5525715.5,6230848.5,5874109,5525715.5,6230848.5,29255.91,26466.27,32431.721,29255.91,26466.27,32431.721,29255.91,26466.27,32431.721,28730.811,25993.6,31690.881,28730.811,25993.6,31690.881,28730.811,25993.6,31690.881,3867.0601,4100.3398,4500.52,3867.0601,4100.3398,4500.52,3867.0601,4100.3398,4500.52,3811.3101,4100.75,4437.0898,3811.3101,4100.75,4437.0898,3811.3101,4100.75,4437.0898,371.95999,403.35999,435.04999,371.95999,403.35999,435.04999,371.95999,403.35999,435.04999,366.12,398.97,432.79999,366.12,398.97,432.79999,366.12,398.97,432.79999,1564.5699,1663.34,1822.76,1564.5699,1663.34,1822.76,1564.5699,1663.34,1822.76,1550.4301,1668.6,1814.41,1550.4301,1668.6,1814.41,1550.4301,1668.6,1814.41,106.19,115.15,124.2,106.19,115.15,124.2,106.19,115.15,124.2,104.52,113.9,123.55,104.52,113.9,123.55,104.52,113.9,123.55,185242.84,203888.58,224710.66,185242.84,203888.58,224710.66,185242.84,203888.58,224710.66,182691.2,200489.48,219289.25,182691.2,200489.48,219289.25,182691.2,200489.48,219289.25,.95999998,1,1.04,.95999998,1,1.04,.95999998,1,1.04,.97000003,1,1.04,.97000003,1,1.04,.97000003,1,1.04,1.03,1.08,1.12,1.03,1.08,1.12,1.03,1.08,1.12,1.05,1.08,1.12,1.05,1.08,1.12,1.05,1.08,1.12,.38525549,.40016976,.38206422,.38525549,.40016976,.38206422,.38525549,.40016976,.38206422,.39410654,.40613845,.38831359,.39410654,.40613845,.38831359,.39410654,.40613845,.38831359,189.98169,68157.422,358.75784,40435.598,20643,20643,20643,141,141,141,358905,358905,358905,2113,2113,2113,6.672977,6.672977,6.672977,167.9077,7854.3999,46.77808,6595.7095,,,,,,,,,,,,,,,,,,,,14.985816,17.386282,,,292.9093,406.73877,,,,,259.56802,334.4014,259.56802,334.4014,259.56802,334.4014,14.985816,17.386282,,,1,,2.3890648,2.3890648,2.3890648,.79936171,.79936171,.79936171,1,,1,,46.696106,,,13.845675,13.845675,13.845675,1,,1,,2.3890646,2.3890646,2.3890646,.84042925,.84042925,.84042925,1,,1,,55.890343,,,16.164511,16.164511,16.164511,1,
24Aug2020,Iran,133,20776,266,665,41552,103880,2245,361150,4490,11225,722300,1805750,311365,1901,5.9242764,29009,126.41964,2177.1697,168.70255,6686.9453,39.637489,5271.7861,,,,,,,,,,,,,,,,,,,,,,,,10697.04,12404.918,9164.0156,3262.6211,3783.5278,2795.0454,1442.9152,1614.2278,1262.3717,492.78351,542.29242,439.85104,317.74561,,,49635.207,,,295.95554,295.95554,295.95554,49591.941,49591.941,49591.941,133,,,20776,,,123.87925,123.87925,123.87925,20757.889,20757.889,20757.889,29.265049,99567.82,85999.234,111539.94,20158892,23257974,17288290,317.74561,,,49635.207,,,295.95554,295.95554,295.95554,49591.941,49591.941,49591.941,29.265049,,,,,,,317.74561,,,49635.207,,,295.95554,295.95554,295.95554,49591.941,49591.941,49591.941,29.265049,,,,,,,.37693188,,,58.88073,,,.35108301,.35108301,.35108301,58.829403,58.829403,58.829403,.15777384,,,24.645933,,,.14695416,.14695416,.14695416,24.624449,24.624449,24.624449,2.6631749,118.11427,102.01826,132.31642,.31912479,,,,,,,,,366.98276,119074.13,324.4679,103098.25,17460.539,16399.25,18487.18,17460.539,16399.25,18487.18,17460.539,16399.25,18487.18,17705.67,16533.131,18889.529,17705.67,16533.131,18889.529,17705.67,16533.131,18889.529,111.56,105.16,122.8,111.56,105.16,122.8,111.56,105.16,122.8,111.94,104.29,121.49,111.94,104.29,121.49,111.94,104.29,121.49,5830785,5496941.5,6144949.5,5830785,5496941.5,6144949.5,5830785,5496941.5,6144949.5,5902847,5554234.5,6259123.5,5902847,5554234.5,6259123.5,5902847,5554234.5,6259123.5,29261.789,26488.539,32431.98,29261.789,26488.539,32431.98,29261.789,26488.539,32431.98,28737.721,26125.869,31609.85,28737.721,26125.869,31609.85,28737.721,26125.869,31609.85,3822.0601,4059.24,4442.5298,3822.0601,4059.24,4442.5298,3822.0601,4059.24,4442.5298,3760.48,4053.9199,4386.4102,3760.48,4053.9199,4386.4102,3760.48,4053.9199,4386.4102,366.78,399.5,432.07001,366.78,399.5,432.07001,366.78,399.5,432.07001,362.95001,394.54999,428.69,362.95001,394.54999,428.69,362.95001,394.54999,428.69,1547.97,1645.6801,1800.24,1547.97,1645.6801,1800.24,1547.97,1645.6801,1800.24,1529.74,1648.8,1791.95,1529.74,1648.8,1791.95,1529.74,1648.8,1791.95,104.71,114.05,123.35,104.71,114.05,123.35,104.71,114.05,123.35,103.61,112.63,122.38,103.61,112.63,122.38,103.61,112.63,122.38,185298.7,203871.52,224686.31,185298.7,203871.52,224686.31,185298.7,203871.52,224686.31,183479.16,200468.75,218248.44,183479.16,200468.75,218248.44,183479.16,200468.75,218248.44,.95999998,1,1.03,.95999998,1,1.03,.95999998,1,1.03,.97000003,1,1.04,.97000003,1,1.04,.97000003,1,1.04,1.03,1.08,1.12,1.03,1.08,1.12,1.03,1.08,1.12,1.05,1.08,1.12,1.05,1.08,1.12,1.05,1.08,1.12,.38124803,.39700189,.37863863,.38124803,.39700189,.37863863,.38124803,.39700189,.37863863,.38952291,.39918289,.38434222,.38952291,.39918289,.38434222,.38952291,.39918289,.38434222,189.98169,68157.422,358.75784,40023.023,20776,20776,20776,133,133,133,361150,361150,361150,2245,2245,2245,5.9242764,5.9242764,5.9242764,167.9077,7854.3999,46.77808,6221.4849,,,,,,,,,,,,,,,,,,,,16.8797,17.383038,,,313.35703,406.14099,,,,,262.29642,333.94073,262.29642,333.94073,262.29642,333.94073,16.8797,17.383038,,,1,,2.3890648,2.3890648,2.3890648,.83879697,.83879697,.83879697,1,,1,,44.350922,,,13.034204,13.034204,13.034204,1,,1,,2.3890646,2.3890646,2.3890646,.8404187,.8404187,.8404187,1,,1,,55.818611,,,16.14505,16.14505,16.14505,1,
25Aug2020,Iran,125,20901,250,625,41802,104505,2213,363363,4426,11065,726726,1816815,313058,1693,5.6484408,29404,123.51786,2151.3215,168.70255,6686.9453,39.637489,4954.686,,,,,,,,,,,,,,,,,,,,,,,,10839.446,12564.519,9335.2441,3288.8064,3812.2119,2832.4148,1444.5776,1620.3704,1265.3079,493.69083,544.52588,441.03772,298.63309,,,49933.84,,,287.38818,287.38818,287.38818,49879.328,49879.328,49879.328,125,,,20901,,,120.29318,120.29318,120.29318,20878.182,20878.182,20878.182,29.157963,100553.13,87023.617,112588.48,20259446,23370564,17375314,298.63309,,,49933.84,,,287.38818,287.38818,287.38818,49879.328,49879.328,49879.328,29.157963,,,,,,,298.63309,,,49933.84,,,287.38818,287.38818,287.38818,49879.328,49879.328,49879.328,29.157963,,,,,,,.35425928,,,59.234989,,,.34091982,.34091982,.34091982,59.170322,59.170322,59.170322,.14828368,,,24.794218,,,.14270012,.14270012,.14270012,24.767149,24.767149,24.767149,2.6252143,119.2831,103.23345,133.56027,.29699036,,,,,,,,,366.98276,119074.13,324.4679,96896.852,17570.961,16505,18598.65,17570.961,16505,18598.65,17570.961,16505,18598.65,17816.33,16646.289,19000.32,17816.33,16646.289,19000.32,17816.33,16646.289,19000.32,110.43,104.14,121.34,110.43,104.14,121.34,110.43,104.14,121.34,110.66,102.96,120.02,110.66,102.96,120.02,110.66,102.96,120.02,5860094.5,5526512.5,6174302.5,5860094.5,5526512.5,6174302.5,5860094.5,5526512.5,6174302.5,5931639,5582752.5,6287524,5931639,5582752.5,6287524,5931639,5582752.5,6287524,29309.59,26568.24,32441.449,29309.59,26568.24,32441.449,29309.59,26568.24,32441.449,28792.359,26339.16,31479.859,28792.359,26339.16,31479.859,28792.359,26339.16,31479.859,3784.54,4019,4384.52,3784.54,4019,4384.52,3784.54,4019,4384.52,3708.5801,4008.03,4337.2202,3708.5801,4008.03,4337.2202,3708.5801,4008.03,4337.2202,362.64999,396.28,430.69,362.64999,396.28,430.69,362.64999,396.28,430.69,358.45001,390.85001,425,358.45001,390.85001,425,358.45001,390.85001,425,1530.9399,1628.4399,1777.73,1530.9399,1628.4399,1777.73,1530.9399,1628.4399,1777.73,1509.25,1629.4399,1770.2,1509.25,1629.4399,1770.2,1509.25,1629.4399,1770.2,103.53,113.13,122.96,103.53,113.13,122.96,103.53,113.13,122.96,102.33,111.58,121.33,102.33,111.58,121.33,102.33,111.58,121.33,185347.3,203846.13,224652.02,185347.3,203846.13,224652.02,185347.3,203846.13,224652.02,184254.03,200440.3,217418.27,184254.03,200440.3,217418.27,184254.03,200440.3,217418.27,.95999998,1,1.03,.95999998,1,1.03,.95999998,1,1.03,.97000003,1,1.04,.97000003,1,1.04,.97000003,1,1.04,1.03,1.08,1.12,1.03,1.08,1.12,1.03,1.08,1.12,1.05,1.08,1.12,1.05,1.08,1.12,1.05,1.08,1.12,.37677088,.39197177,.37402767,.37677088,.39197177,.37402767,.37677088,.39197177,.37402767,.38433808,.39090085,.38125962,.38433808,.39090085,.38125962,.38433808,.39090085,.38125962,189.98169,68157.422,358.75784,39617.629,20901,20901,20901,125,125,125,363363,363363,363363,2213,2213,2213,5.6484408,5.6484408,5.6484408,167.9077,7854.3999,46.77808,5847.2598,,,,,,,,,,,,,,,,,,,,17.704,17.384958,,,336.71127,405.72577,,,,,265.4133,333.51019,265.4133,333.51019,265.4133,333.51019,17.704,17.384958,,,1,,2.3890648,2.3890648,2.3890648,.88344002,.88344002,.88344002,1,,1,,45.437473,,,13.244279,13.244279,13.244279,1,,1,,2.3890646,2.3890646,2.3890646,.84067559,.84067559,.84067559,1,,1,,55.75539,,,16.127384,16.127384,16.127384,1,
26Aug2020,Iran,119,21020,238,595,42040,105100,2243,365606,4486,11215,731212,1828030,314870,1812,5.3053946,29716,120.58929,2115.9822,168.70255,6686.9453,39.637489,4716.8613,,,,,,,,,,,,,,,,,,,,,,,,10831.7,12546.776,9351.8311,3319.5662,3845.1816,2866.0342,1447.3351,1622.6483,1265.3271,496.48926,548.71198,443.58621,284.29871,,,50218.141,,,281.12463,281.12463,281.12463,50160.453,50160.453,50160.453,119,,,21020,,,117.67142,117.67142,117.67142,20995.854,20995.854,20995.854,29.068861,101625.55,88209.023,113679.13,20361072,23484242,17463522,284.29871,,,50218.141,,,281.12463,281.12463,281.12463,50160.453,50160.453,50160.453,29.068861,,,,,,,284.29871,,,50218.141,,,281.12463,281.12463,281.12463,50160.453,50160.453,50160.453,29.068861,,,,,,,.33725485,,,59.572243,,,.33348957,.33348957,.33348957,59.503811,59.503811,59.503811,.14116606,,,24.935383,,,.13959001,.13959001,.13959001,24.90674,24.90674,24.90674,2.6608024,120.55528,104.63967,134.85408,.27975121,,,,,,,,,366.98276,119074.13,324.4679,92245.805,17680.279,16610.09,18708.859,17680.279,16610.09,18708.859,17680.279,16610.09,18708.859,17925.721,16758.061,19109.67,17925.721,16758.061,19109.67,17925.721,16758.061,19109.67,109.31,103.05,119.87,109.31,103.05,119.87,109.31,103.05,119.87,109.39,101.61,118.59,109.39,101.61,118.59,109.39,101.61,118.59,5889448.5,5556059.5,6203745,5889448.5,5556059.5,6203745,5889448.5,5556059.5,6203745,5960482.5,5611265,6316045,5960482.5,5611265,6316045,5960482.5,5611265,6316045,29354.02,26643.1,32448.68,29354.02,26643.1,32448.68,29354.02,26643.1,32448.68,28843.289,26545.84,31382.439,28843.289,26545.84,31382.439,28843.289,26545.84,31382.439,3765.3501,3980.28,4327.6401,3765.3501,3980.28,4327.6401,3765.3501,3980.28,4327.6401,3658.5801,3963.8201,4289.8101,3658.5801,3963.8201,4289.8101,3658.5801,3963.8201,4289.8101,359.75,393.82001,430.10999,359.75,393.82001,430.10999,359.75,393.82001,430.10999,355.37,388.03,421.81,355.37,388.03,421.81,355.37,388.03,421.81,1515.54,1611.8101,1755.53,1515.54,1611.8101,1755.53,1515.54,1611.8101,1755.53,1489.3199,1610.72,1749.23,1489.3199,1610.72,1749.23,1489.3199,1610.72,1749.23,102.7,112.43,122.8,102.7,112.43,122.8,102.7,112.43,122.8,101.45,110.77,120.41,101.45,110.77,120.41,101.45,110.77,120.41,185648.27,203814.2,224607.88,185648.27,203814.2,224607.88,185648.27,203814.2,224607.88,185022.63,200405.8,217286.84,185022.63,200405.8,217286.84,185022.63,200405.8,217286.84,.95999998,1,1.03,.95999998,1,1.03,.95999998,1,1.03,.97000003,1,1.04,.97000003,1,1.04,.97000003,1,1.04,1.03,1.08,1.12,1.03,1.08,1.12,1.03,1.08,1.12,1.05,1.08,1.12,1.05,1.08,1.12,1.05,1.08,1.12,.37238511,.38677934,.36941412,.37238511,.38677934,.36941412,.37238511,.38677934,.36941412,.37925634,.38277185,.37788647,.37925634,.38277185,.37788647,.37925634,.38277185,.37788647,189.98169,68157.422,358.75784,39215.82,21020,21020,21020,119,119,119,365606,365606,365606,2243,2243,2243,5.3053946,5.3053946,5.3053946,167.9077,7854.3999,46.77808,5566.5913,,,,,,,,,,,,,,,,,,,,18.84874,17.393244,,,357.46045,405.45251,,,,,268.53922,333.10834,268.53922,333.10834,268.53922,333.10834,18.84874,17.393244,,,1,,2.3890648,2.3890648,2.3890648,.91857141,.91857141,.91857141,1,,1,,45.307869,,,13.086946,13.086946,13.086946,1,,1,,2.3890648,2.3890648,2.3890648,.84111702,.84111702,.84111702,1,,1,,55.691296,,,16.10873,16.10873,16.10873,1,
27Aug2020,Iran,117,21137,234,585,42274,105685,2190,367796,4380,10950,735592,1838980,316638,1768,5.3424659,30021,117.58929,2068.375,168.70255,6686.9453,39.637489,4637.5864,,,,,,,,,,,,,,,,,,,,,,,,11026.42,12760.13,9507.4053,3352.5352,3879.6621,2890.6853,1451.2168,1627.0178,1265.8805,500.53772,552.56702,446.43588,279.52057,,,50497.66,,,276.86493,276.86493,276.86493,50437.316,50437.316,50437.316,117,,,21137,,,115.88841,115.88841,115.88841,21111.742,21111.742,21111.742,29.011227,102785.81,89553.023,114870.15,20463856,23599112,17553076,279.52057,,,50497.66,,,276.86493,276.86493,276.86493,50437.316,50437.316,50437.316,29.011227,,,,,,,279.52057,,,50497.66,,,276.86493,276.86493,276.86493,50437.316,50437.316,50437.316,29.011227,,,,,,,.33158669,,,59.903828,,,.32843637,.32843637,.32843637,59.832249,59.832249,59.832249,.13879353,,,25.074177,,,.13747488,.13747488,.13747488,25.044214,25.044214,25.044214,2.59793,121.93166,106.23401,136.26695,.2719447,,,,,,,,,366.98276,119074.13,324.4679,90695.453,17788.5,16714.539,18817.869,17788.5,16714.539,18817.869,17788.5,16714.539,18817.869,18033.881,16868.439,19217.6,18033.881,16868.439,19217.6,18033.881,16868.439,19217.6,108.22,101.85,118.38,108.22,101.85,118.38,108.22,101.85,118.38,108.16,100.28,117.22,108.16,100.28,117.22,108.16,100.28,117.22,5918832.5,5585575.5,6233260,5918832.5,5585575.5,6233260,5918832.5,5585575.5,6233260,5989360.5,5639754,6344667,5989360.5,5639754,6344667,5989360.5,5639754,6344667,29383.93,26824.391,32463.84,29383.93,26824.391,32463.84,29383.93,26824.391,32463.84,28877.811,26665.18,31411.779,28877.811,26665.18,31411.779,28877.811,26665.18,31411.779,3710.22,3943.72,4273.6201,3710.22,3943.72,4273.6201,3710.22,3943.72,4273.6201,3611.79,3922.0601,4244.4902,3611.79,3922.0601,4244.4902,3611.79,3922.0601,4244.4902,357.47,392.04999,429.69,357.47,392.04999,429.69,357.47,392.04999,429.69,353.60999,386,419.10999,353.60999,386,419.10999,353.60999,386,419.10999,1508.25,1595.95,1733.95,1508.25,1595.95,1733.95,1508.25,1595.95,1733.95,1470.35,1592.84,1729.11,1470.35,1592.84,1729.11,1470.35,1592.84,1729.11,102.05,111.92,122.68,102.05,111.92,122.68,102.05,111.92,122.68,100.94,110.19,119.65,100.94,110.19,119.65,100.94,110.19,119.65,186409.36,203777.22,224616.72,186409.36,203777.22,224616.72,186409.36,203777.22,224616.72,185344.73,200366.59,217511.16,185344.73,200366.59,217511.16,185344.73,200366.59,217511.16,.95999998,1,1.03,.95999998,1,1.03,.95999998,1,1.03,.97000003,1,1.04,.97000003,1,1.04,.97000003,1,1.04,1.03,1.08,1.12,1.03,1.08,1.12,1.03,1.08,1.12,1.05,1.08,1.12,1.05,1.08,1.12,1.05,1.08,1.12,.36829656,.37969175,.36465186,.36829656,.37969175,.36465186,.36829656,.37969175,.36465186,.37454364,.37607098,.3731721,.37454364,.37607098,.3731721,.37454364,.37607098,.3731721,189.98169,68157.422,358.75784,38824.773,21137,21137,21137,117,117,117,367796,367796,367796,2190,2190,2190,5.3424659,5.3424659,5.3424659,167.9077,7854.3999,46.77808,5473.0352,,,,,,,,,,,,,,,,,,,,18.717949,17.400578,,,367.72183,405.24365,,,,,271.52032,332.73364,271.52032,332.73364,271.52032,332.73364,18.717949,17.400578,,,1,,2.3890648,2.3890648,2.3890648,.92495728,.92495728,.92495728,1,,1,,46.934162,,,13.417319,13.417319,13.417319,1,,1,,2.3890648,2.3890648,2.3890648,.84158111,.84158111,.84158111,1,,1,,55.639149,,,16.092705,16.092705,16.092705,1,
28Aug2020,Iran,112,21249,224,560,42498,106245,2115,369911,4230,10575,739822,1849555,318270,1632,5.2955084,30392,115,2011.3661,168.70255,6686.9453,39.637489,4439.3989,,,,,,,,,,,,,,,,,,,,,,,,11301.393,12990.681,9751.2041,3414.22,3924.5642,2945.8984,1456.2524,1632.5032,1267.8068,505.18558,557.30792,449.9411,267.57526,,,50765.234,,,274.26508,274.26508,274.26508,50711.582,50711.582,50711.582,112,,,21249,,,114.80019,114.80019,114.80019,21226.543,21226.543,21226.543,28.994951,104034.52,91053.5,116212.84,20567892,23715326,17644128,267.57526,,,50765.234,,,274.26508,274.26508,274.26508,50711.582,50711.582,50711.582,28.994951,,,,,,,267.57526,,,50765.234,,,274.26508,274.26508,274.26508,50711.582,50711.582,50711.582,28.994951,,,,,,,.31741634,,,60.221245,,,.32535225,.32535225,.32535225,60.1576,60.1576,60.1576,.13286218,,,25.207039,,,.13618395,.13618395,.13618395,25.180399,25.180399,25.180399,2.5089598,123.41297,108.01398,137.85974,.25719851,,,,,,,,,366.98276,119074.13,324.4679,86819.578,17895.67,16818.359,18925.73,17895.67,16818.359,18925.73,17895.67,16818.359,18925.73,18140.84,16977.439,19324.189,18140.84,16977.439,19324.189,18140.84,16977.439,19324.189,107.17,100.79,116.92,107.17,100.79,116.92,107.17,100.79,116.92,106.96,98.970001,115.89,106.96,98.970001,115.89,106.96,98.970001,115.89,5948233,5615054,6261866,5948233,5615054,6261866,5948233,5615054,6261866,6018257.5,5668202,6373372,6018257.5,5668202,6373372,6018257.5,5668202,6373372,29400.59,26920.83,32478.539,29400.59,26920.83,32478.539,29400.59,26920.83,32478.539,28897.381,26713.92,31474.439,28897.381,26713.92,31474.439,28897.381,26713.92,31474.439,3659.8201,3909.8101,4223.4199,3659.8201,3909.8101,4223.4199,3659.8201,3909.8101,4223.4199,3569.27,3883.3,4203.8799,3569.27,3883.3,4203.8799,3569.27,3883.3,4203.8799,355.92999,390.85999,429.39001,355.92999,390.85999,429.39001,355.92999,390.85999,429.39001,352.89999,384.63,416.87,352.89999,384.63,416.87,352.89999,384.63,416.87,1500.61,1581.01,1713.27,1500.61,1581.01,1713.27,1500.61,1581.01,1713.27,1452.64,1575.98,1709.89,1452.64,1575.98,1709.89,1452.64,1575.98,1709.89,101.61,111.58,122.59,101.61,111.58,122.59,101.61,111.58,122.59,100.74,109.8,119.01,100.74,109.8,119.01,100.74,109.8,119.01,186816.06,203736.16,224671.98,186816.06,203736.16,224671.98,186816.06,203736.16,224671.98,185366.2,200323.67,217836.64,185366.2,200323.67,217836.64,185366.2,200323.67,217836.64,.95999998,1,1.03,.95999998,1,1.03,.95999998,1,1.03,.97000003,1,1.04,.97000003,1,1.04,.97000003,1,1.04,1.03,1.08,1.12,1.03,1.08,1.12,1.03,1.08,1.12,1.05,1.08,1.12,1.05,1.08,1.12,1.05,1.08,1.12,.3645165,.37439412,.35999155,.3645165,.37439412,.35999155,.3645165,.37439412,.35999155,.37013733,.37048101,.36820355,.37013733,.37048101,.36820355,.37013733,.37048101,.36820355,189.98169,68157.422,358.75784,38448.078,21249,21249,21249,112,112,112,369911,369911,369911,2115,2115,2115,5.2955084,5.2955084,5.2955084,167.9077,7854.3999,46.77808,5239.145,,,,,,,,,,,,,,,,,,,,18.883928,17.408396,,,388.80472,405.15704,,,,,274.336,332.38391,274.336,332.38391,274.336,332.38391,18.883928,17.408396,,,1,,2.3890648,2.3890648,2.3890648,.95687497,.95687497,.95687497,1,,1,,49.1889,,,13.900989,13.900989,13.900989,1,,1,,2.3890646,2.3890646,2.3890646,.84218878,.84218878,.84218878,1,,1,,55.602272,,,16.080173,16.080173,16.080173,1,
29Aug2020,Iran,110,21359,220,550,42718,106795,1905,371816,3810,9525,743632,1859080,319847,1577,5.7742782,30610,113.10715,1954.1339,168.70255,6686.9453,39.637489,4360.124,,,,,,,,,,,,,,,,,,,,,,,,11355.245,12935.438,9791.8564,3495.9561,3982.4519,3014.6333,1462.4692,1639.1472,1271.8174,509.97391,562.16028,453.8945,262.79712,,,51028.031,,,273.02402,273.02402,273.02402,50984.605,50984.605,50984.605,110,,,21359,,,114.28072,114.28072,114.28072,21340.822,21340.822,21340.822,29.023895,105372.2,92708.594,117648.98,20673264,23832974,17736838,262.79712,,,51028.031,,,273.02402,273.02402,273.02402,50984.605,50984.605,50984.605,29.023895,,,,,,,262.79712,,,51028.031,,,273.02402,273.02402,273.02402,50984.605,50984.605,50984.605,29.023895,,,,,,,.31174818,,,60.532993,,,.32388005,.32388005,.32388005,60.48148,60.48148,60.48148,.13048963,,,25.337528,,,.13556772,.13556772,.13556772,25.315966,25.315966,25.315966,2.2598433,124.99982,109.97737,139.56339,.2493989,,,,,,,,,366.98276,119074.13,324.4679,85269.227,18001.84,16921.59,19032.49,18001.84,16921.59,19032.49,18001.84,16921.59,19032.49,18246.66,17085.1,19429.5,18246.66,17085.1,19429.5,18246.66,17085.1,19429.5,106.17,100.37,115.48,106.17,100.37,115.48,106.17,100.37,115.48,105.82,97.730003,114.62,105.82,97.730003,114.62,105.82,97.730003,114.62,5977641.5,5644490.5,6289661.5,5977641.5,5644490.5,6289661.5,5977641.5,5644490.5,6289661.5,6047164.5,5696599,6402147.5,6047164.5,5696599,6402147.5,6047164.5,5696599,6402147.5,29408.15,26876.85,32489.369,29408.15,26876.85,32489.369,29408.15,26876.85,32489.369,28906.699,26864.59,31537.67,28906.699,26864.59,31537.67,28906.699,26864.59,31537.67,3614.77,3878.8401,4181.4199,3614.77,3878.8401,4181.4199,3614.77,3878.8401,4181.4199,3531.6699,3847.8999,4152.98,3531.6699,3847.8999,4152.98,3531.6699,3847.8999,4152.98,354.97,390.07999,429.17999,354.97,390.07999,429.17999,354.97,390.07999,429.17999,352.98001,383.73001,415.39001,352.98001,383.73001,415.39001,352.98001,383.73001,415.39001,1481.67,1567.0699,1694,1481.67,1567.0699,1694,1481.67,1567.0699,1694,1436.41,1560.23,1691.61,1436.41,1560.23,1691.61,1436.41,1560.23,1691.61,101.33,111.36,122.53,101.33,111.36,122.53,101.33,111.36,122.53,100.77,109.55,118.6,100.77,109.55,118.6,100.77,109.55,118.6,186304.73,203691.56,224717.25,186304.73,203691.56,224717.25,186304.73,203691.56,224717.25,186275.88,200277.66,218223.55,186275.88,200277.66,218223.55,186275.88,200277.66,218223.55,.95999998,1,1.03,.95999998,1,1.03,.95999998,1,1.03,.97000003,1,1.04,.97000003,1,1.04,.97000003,1,1.04,1.03,1.08,1.12,1.03,1.08,1.12,1.03,1.08,1.12,1.05,1.08,1.12,1.05,1.08,1.12,1.05,1.08,1.12,.36102235,.37344408,.35543936,.36102235,.37344408,.35543936,.36102235,.37344408,.35543936,.36607432,.36378744,.3634384,.36607432,.36378744,.3634384,.36607432,.36378744,.3634384,189.98169,68157.422,358.75784,38089.32,21359,21359,21359,110,110,110,371816,371816,371816,1905,1905,1905,5.7742782,5.7742782,5.7742782,167.9077,7854.3999,46.77808,5145.5889,,,,,,,,,,,,,,,,,,,,17.318182,17.40793,,,400.96408,405.13544,,,,,276.99115,332.05725,276.99115,332.05725,276.99115,332.05725,17.318182,17.40793,,,1,,2.3890648,2.3890648,2.3890648,.96518183,.96518183,.96518183,1,,1,,55.313492,,,15.437349,15.437349,15.437349,1,,1,,2.3890646,2.3890646,2.3890646,.84282219,.84282219,.84282219,1,,1,,55.600792,,,16.076881,16.076881,16.076881,1,
30Aug2020,Iran,103,21462,206,515,42924,107310,1754,373570,3508,8770,747140,1867850,321421,1574,5.872292,30687,112.33929,1905.25,168.70255,6686.9453,39.637489,4082.6614,,,,,,,,,,,,,,,,,,,,,,,,11680.841,13273.782,10067.919,3638.4399,4134.6216,3136.0342,1469.8923,1646.9955,1275.2373,514.84668,567.0733,457.35666,246.07365,,,51274.105,,,272.86838,272.86838,272.86838,51257.477,51257.477,51257.477,103,,,21462,,,114.21557,114.21557,114.21557,21455.039,21455.039,21455.039,29.095119,106799.13,94497.875,119178.72,20780062,23952154,17831336,246.07365,,,51274.105,,,272.86838,272.86838,272.86838,51257.477,51257.477,51257.477,29.095119,,,,,,,246.07365,,,51274.105,,,272.86838,272.86838,272.86838,51257.477,51257.477,51257.477,29.095119,,,,,,,.29190966,,,60.824905,,,.32369542,.32369542,.32369542,60.805176,60.805176,60.805176,.12218575,,,25.459715,,,.13549043,.13549043,.13549043,25.451456,25.451456,25.451456,2.0807166,126.69254,112.09994,141.37807,.23040794,,,,,,,,,366.98276,119074.13,324.4679,79843,18107.051,17024.26,19138.24,18107.051,17024.26,19138.24,18107.051,17024.26,19138.24,18351.4,17191.461,19533.619,18351.4,17191.461,19533.619,18351.4,17191.461,19533.619,105.21,99.410004,114.11,105.21,99.410004,114.11,105.21,99.410004,114.11,104.74,96.559998,113.4,104.74,96.559998,113.4,104.74,96.559998,113.4,6007051.5,5673881,6317554.5,6007051.5,5673881,6317554.5,6007051.5,5673881,6317554.5,6076074.5,5724936.5,6430986.5,6076074.5,5724936.5,6430986.5,6076074.5,5724936.5,6430986.5,29410.211,26770.09,32497.32,29410.211,26770.09,32497.32,29410.211,26770.09,32497.32,28909.891,26916.939,31635.1,28909.891,26916.939,31635.1,28909.891,26916.939,31635.1,3575.3101,3850.9299,4145.9102,3575.3101,3850.9299,4145.9102,3575.3101,3850.9299,4145.9102,3505.49,3815.99,4126.1099,3505.49,3815.99,4126.1099,3505.49,3815.99,4126.1099,354.75,389.57999,429.01999,354.75,389.57999,429.01999,354.75,389.57999,429.01999,353.59,383.16,415.07001,353.59,383.16,415.07001,353.59,383.16,415.07001,1463.89,1554.17,1676.1,1463.89,1554.17,1676.1,1463.89,1554.17,1676.1,1421.77,1545.66,1669.53,1421.77,1545.66,1669.53,1421.77,1545.66,1669.53,101.27,111.22,122.49,101.27,111.22,122.49,101.27,111.22,122.49,100.94,109.38,118.5,100.94,109.38,118.5,100.94,109.38,118.5,185503.38,203643.72,224765.09,185503.38,203643.72,224765.09,185503.38,203643.72,224765.09,186620.81,200228.8,218842.23,186620.81,200228.8,218842.23,186620.81,200228.8,218842.23,.95999998,1,1.03,.95999998,1,1.03,.95999998,1,1.03,.97000003,1,1.04,.97000003,1,1.04,.97000003,1,1.04,1.03,1.08,1.12,1.03,1.08,1.12,1.03,1.08,1.12,1.05,1.08,1.12,1.05,1.08,1.12,1.05,1.08,1.12,.35773289,.37134728,.35113665,.35773289,.37134728,.35113665,.35773289,.37134728,.35113665,.36229816,.35873321,.3584626,.36229816,.35873321,.3584626,.36229816,.35873321,.3584626,189.98169,68157.422,358.75784,37744.914,21462,21462,21462,103,103,103,373570,373570,373570,1754,1754,1754,5.872292,5.872292,5.872292,167.9077,7854.3999,46.77808,4818.1421,,,,,,,,,,,,,,,,,,,,17.029127,17.406113,,,434.01285,405.27402,,,,,279.53818,331.75208,279.53818,331.75208,279.53818,331.75208,17.029127,17.406113,,,1,,2.3890646,2.3890646,2.3890646,1.0214564,1.0214564,1.0214564,1,,1,,60.888897,,,16.767509,16.767509,16.767509,1,,1,,2.3890646,2.3890646,2.3890646,.84367955,.84367955,.84367955,1,,1,,55.625618,,,16.080122,16.080122,16.080122,1,
31Aug2020,Iran,109,21571,218,545,43142,107855,1642,375212,3284,8210,750424,1876060,323233,1812,6.6382461,30408,112.76786,1872.6161,168.70255,6686.9453,39.637489,4320.4863,,,,,,,,,,,,,,,,,,,,,,,,12143.339,13759.453,10467.225,3821.0107,4329.5356,3293.6064,1478.5461,1656.1868,1279.3068,519.79071,572.04199,460.8483,260.40805,,,51534.516,,,273.54044,273.54044,273.54044,51531.016,51531.016,51531.016,109,,,21571,,,114.49688,114.49688,114.49688,21569.535,21569.535,21569.535,29.200171,108315.49,96387.063,120802.13,20888378,24072956,17927722,260.40805,,,51534.516,,,273.54044,273.54044,273.54044,51531.016,51531.016,51531.016,29.200171,,,,,,,260.40805,,,51534.516,,,273.54044,273.54044,273.54044,51531.016,51531.016,51531.016,29.200171,,,,,,,.3089141,,,61.13382,,,.32449266,.32449266,.32449266,61.129669,61.129669,61.129669,.12930337,,,25.589018,,,.13582414,.13582414,.13582414,25.58728,25.58728,25.58728,1.9478544,128.49136,114.34102,143.30386,.24041626,,,,,,,,,366.98276,119074.13,324.4679,84494.055,18211.381,17126.381,19243.039,18211.381,17126.381,19243.039,18211.381,17126.381,19243.039,18455.131,17296.58,19636.641,18455.131,17296.58,19636.641,18455.131,17296.58,19636.641,104.33,98.110001,112.84,104.33,98.110001,112.84,104.33,98.110001,112.84,103.73,95.489998,112.26,103.73,95.489998,112.26,103.73,95.489998,112.26,6036460.5,5703223.5,6345541.5,6036460.5,5703223.5,6345541.5,6036460.5,5703223.5,6345541.5,6104984,5753211.5,6459884,6104984,5753211.5,6459884,6104984,5753211.5,6459884,29409.09,26658.16,32534.859,29409.09,26658.16,32534.859,29409.09,26658.16,32534.859,28909.58,26883.43,31729.34,28909.58,26883.43,31729.34,28909.58,26883.43,31729.34,3541.4199,3826.05,4113.48,3541.4199,3826.05,4113.48,3541.4199,3826.05,4113.48,3496.47,3787.54,4096.1899,3496.47,3787.54,4096.1899,3496.47,3787.54,4096.1899,355.82001,389.26001,428.89999,355.82001,389.26001,428.89999,355.82001,389.26001,428.89999,354.19,382.79999,415.10999,354.19,382.79999,415.10999,354.19,382.79999,415.10999,1447.58,1542.3199,1659.48,1447.58,1542.3199,1659.48,1447.58,1542.3199,1659.48,1408.78,1532.25,1650.01,1408.78,1532.25,1650.01,1408.78,1532.25,1650.01,101.58,111.13,122.45,101.58,111.13,122.45,101.58,111.13,122.45,101.11,109.28,118.51,101.11,109.28,118.51,101.11,109.28,118.51,184681.03,203592.66,225010.61,184681.03,203592.66,225010.61,184681.03,203592.66,225010.61,186322.94,200177.14,219455.41,186322.94,200177.14,219455.41,186322.94,200177.14,219455.41,.95999998,1,1.03,.95999998,1,1.03,.95999998,1,1.03,.97000003,1,1.04,.97000003,1,1.04,.97000003,1,1.04,1.03,1.08,1.12,1.03,1.08,1.12,1.03,1.08,1.12,1.05,1.08,1.12,1.05,1.08,1.12,1.05,1.08,1.12,.35475427,.36802989,.34682798,.35475427,.36802989,.34682798,.35475427,.36802989,.34682798,.3588084,.3552002,.35380504,.3588084,.3552002,.35380504,.3588084,.3552002,.35380504,189.98169,68157.422,358.75784,37429.207,21571,21571,21571,109,109,109,375212,375212,375212,1642,1642,1642,6.6382461,6.6382461,6.6382461,167.9077,7854.3999,46.77808,5098.8105,,,,,,,,,,,,,,,,,,,,15.06422,17.394279,,,415.94525,405.32791,,,,,281.88525,331.46637,281.88525,331.46637,281.88525,331.46637,15.06422,17.394279,,,1,,2.3890648,2.3890648,2.3890648,.957156,.957156,.957156,1,,1,,65.965584,,,17.91053,17.91053,17.91053,1,,1,,2.3890648,2.3890648,2.3890648,.84425294,.84425294,.84425294,1,,1,,55.670868,,,16.088133,16.088133,16.088133,1,
01Sep2020,Iran,101,21672,202,505,43344,108360,1682,376894,3364,8410,753788,1884470,325124,1891,6.0047565,30098,113.91071,1861.0803,168.70255,6686.9453,39.637489,4003.3865,,,,,,,,,,,,,,,,,,,,,,,,12297.204,13890.639,10605.915,4029.1047,4551.1841,3474.9641,1488.4518,1666.9056,1285.5237,524.76501,577.10797,464.73981,241.29553,,,51775.809,,,274.78937,274.78937,274.78937,51805.805,51805.805,51805.805,101,,,21672,,,115.01964,115.01964,115.01964,21684.555,21684.555,21684.555,29.327864,109921.48,97749.414,122519.01,20998300,24195474,18025472,241.29553,,,51775.809,,,274.78937,274.78937,274.78937,51805.805,51805.805,51805.805,29.327864,,,,,,,241.29553,,,51775.809,,,274.78937,274.78937,274.78937,51805.805,51805.805,51805.805,29.327864,,,,,,,.2862415,,,61.420059,,,.32597423,.32597423,.32597423,61.455643,61.455643,61.455643,.11981321,,,25.708832,,,.13644429,.13644429,.13644429,25.723724,25.723724,25.723724,1.9953052,130.39648,115.95715,145.34056,.21951628,,,,,,,,,366.98276,119074.13,324.4679,78292.656,18314.891,17228.01,19346.99,18314.891,17228.01,19346.99,18314.891,17228.01,19346.99,18557.92,17400.539,19738.67,18557.92,17400.539,19738.67,18557.92,17400.539,19738.67,103.51,96.93,111.64,103.51,96.93,111.64,103.51,96.93,111.64,102.79,94.519997,111.05,102.79,94.519997,111.05,102.79,94.519997,111.05,6065866.5,5732516.5,6373619.5,6065866.5,5732516.5,6373619.5,6065866.5,5732516.5,6373619.5,6133891,5781422,6488838,6133891,5781422,6488838,6133891,5781422,6488838,29406.061,26629.57,32601.16,29406.061,26629.57,32601.16,29406.061,26629.57,32601.16,28907.23,26847.711,31793.971,28907.23,26847.711,31793.971,28907.23,26847.711,31793.971,3516.9399,3804.05,4098.0898,3516.9399,3804.05,4098.0898,3516.9399,3804.05,4098.0898,3484.1499,3762.3799,4065.1699,3484.1499,3762.3799,4065.1699,3484.1499,3762.3799,4065.1699,356.54001,389.06,428.98999,356.54001,389.06,428.98999,356.54001,389.06,428.98999,353.48001,382.57999,415.66,353.48001,382.57999,415.66,353.48001,382.57999,415.66,1432.72,1531.49,1646.15,1432.72,1531.49,1646.15,1432.72,1531.49,1646.15,1398.17,1520,1638.88,1398.17,1520,1638.88,1398.17,1520,1638.88,101.78,111.07,122.48,101.78,111.07,122.48,101.78,111.07,122.48,100.91,109.22,118.67,100.91,109.22,118.67,100.91,109.22,118.67,184441.13,203538.23,225446.58,184441.13,203538.23,225446.58,184441.13,203538.23,225446.58,186015.03,200122.55,219984.52,186015.03,200122.55,219984.52,186015.03,200122.55,219984.52,.94999999,1,1.03,.94999999,1,1.03,.94999999,1,1.03,.97000003,1,1.04,.97000003,1,1.04,.97000003,1,1.04,1.03,1.08,1.12,1.03,1.08,1.12,1.03,1.08,1.12,1.05,1.08,1.12,1.05,1.08,1.12,1.05,1.08,1.12,.35200226,.36399385,.3424418,.35200226,.36399385,.3424418,.35200226,.36399385,.3424418,.35558578,.35205981,.34928006,.35558578,.35205981,.34928006,.35558578,.35205981,.34928006,189.98169,68157.422,358.75784,37135.023,21672,21672,21672,101,101,101,376894,376894,376894,1682,1682,1682,6.0047565,6.0047565,6.0047565,167.9077,7854.3999,46.77808,4724.5859,,,,,,,,,,,,,,,,,,,,16.653465,17.390827,,,455.54709,405.56198,,,,,284.08908,331.19861,284.08908,331.19861,284.08908,331.19861,16.653465,17.390827,,,1,,2.3890648,2.3890648,2.3890648,1.0248516,1.0248516,1.0248516,1,,1,,65.351654,,,17.482794,17.482794,17.482794,1,,1,,2.3890646,2.3890646,2.3890646,.84509462,.84509462,.84509462,1,,1,,55.714073,,,16.094357,16.094357,16.094357,1,
02Sep2020,Iran,125,21797,250,625,43594,108985,1858,378752,3716,9290,757504,1893760,326801,1677,6.727664,30154,115.72321,1872.3839,168.70255,6686.9453,39.637489,4954.686,,,,,,,,,,,,,,,,,,,,,,,,12741.468,14426.082,11000.63,4249.9067,4811.8086,3669.2517,1499.6299,1679.2269,1293.9691,529.76477,582.22675,469.04114,298.63309,,,52074.441,,,276.42172,276.42172,276.42172,52082.227,52082.227,52082.227,125,,,21797,,,115.70291,115.70291,115.70291,21800.258,21800.258,21800.258,29.467276,111617.31,99141.18,124524.13,21109916,24319998,18124612,298.63309,,,52074.441,,,276.42172,276.42172,276.42172,52082.227,52082.227,52082.227,29.467276,,,,,,,298.63309,,,52074.441,,,276.42172,276.42172,276.42172,52082.227,52082.227,52082.227,29.467276,,,,,,,.35425928,,,61.774319,,,.32791066,.32791066,.32791066,61.783554,61.783554,61.783554,.14828368,,,25.857115,,,.13725482,.13725482,.13725482,25.860979,25.860979,25.860979,2.2040887,132.4082,117.60815,147.71916,.26755086,,,,,,,,,366.98276,119074.13,324.4679,96896.852,18417.65,17329.16,19450.17,18417.65,17329.16,19450.17,18417.65,17329.16,19450.17,18659.85,17503.41,19839.801,18659.85,17503.41,19839.801,18659.85,17503.41,19839.801,102.76,95.879997,110.66,102.76,95.879997,110.66,102.76,95.879997,110.66,101.94,93.669998,110.01,101.94,93.669998,110.01,101.94,93.669998,110.01,6095268.5,5761759,6401788,6095268.5,5761759,6401788,6095268.5,5761759,6401788,6162794.5,5809566,6518056.5,6162794.5,5809566,6518056.5,6162794.5,5809566,6518056.5,29401.73,26599.66,32767.92,29401.73,26599.66,32767.92,29401.73,26599.66,32767.92,28903.51,26780.02,31789.57,28903.51,26780.02,31789.57,28903.51,26780.02,31789.57,3491.6599,3784.73,4085.9299,3491.6599,3784.73,4085.9299,3491.6599,3784.73,4085.9299,3466.23,3740.29,4036.1799,3466.23,3740.29,4036.1799,3466.23,3740.29,4036.1799,356.17001,388.92999,429.09,356.17001,388.92999,429.09,356.17001,388.92999,429.09,354.87,382.42999,416.23999,354.87,382.42999,416.23999,354.87,382.42999,416.23999,1419.26,1521.64,1633.76,1419.26,1521.64,1633.76,1419.26,1521.64,1633.76,1393.52,1508.84,1629.6,1393.52,1508.84,1629.6,1393.52,1508.84,1629.6,101.68,111.04,122.51,101.68,111.04,122.51,101.68,111.04,122.51,101.31,109.18,118.84,101.31,109.18,118.84,101.31,109.18,118.84,184198.97,203480.27,226506.72,184198.97,203480.27,226506.72,184198.97,203480.27,226506.72,185505.06,200064.77,219932.8,185505.06,200064.77,219932.8,185505.06,200064.77,219932.8,.94999999,1,1.03,.94999999,1,1.03,.94999999,1,1.03,.97000003,1,1.04,.97000003,1,1.04,.97000003,1,1.04,1.03,1.08,1.12,1.03,1.08,1.12,1.03,1.08,1.12,1.05,1.08,1.12,1.05,1.08,1.12,1.05,1.08,1.12,.34950325,.36045572,.33770835,.34950325,.36045572,.33770835,.34950325,.36045572,.33770835,.35269073,.3497757,.34605691,.35269073,.3497757,.34605691,.35269073,.3497757,.34605691,189.98169,68157.422,358.75784,36865.957,21797,21797,21797,125,125,125,378752,378752,378752,1858,1858,1858,6.727664,6.727664,6.727664,167.9077,7854.3999,46.77808,5847.2598,,,,,,,,,,,,,,,,,,,,14.864,17.376337,,,373.76071,405.37961,,,,,286.12036,330.94711,286.12036,330.94711,286.12036,330.94711,14.864,17.376337,,,1,,2.3890648,2.3890648,2.3890648,.82208002,.82208002,.82208002,1,,1,,60.073902,,,15.824397,15.824397,15.824397,1,,1,,2.3890646,2.3890646,2.3890646,.84496266,.84496266,.84496266,1,,1,,55.735458,,,16.093033,16.093033,16.093033,1,
03Sep2020,Iran,129,21926,258,645,43852,109630,1994,380746,3988,9970,761492,1903730,328595,1794,6.469408,30225,118.00893,1906.0447,168.70255,6686.9453,39.637489,5113.2363,,,,,,,,,,,,,,,,,,,,,,,,12897.688,14632.818,11152.201,4422.7915,5017.791,3824.2402,1512.0984,1693.9443,1304.7373,534.98108,587.92908,473.94553,308.18933,,,52382.633,,,278.44406,278.44406,278.44406,52360.672,52360.672,52360.672,129,,,21926,,,116.54941,116.54941,116.54941,21916.807,21916.807,21916.807,29.609842,113403.33,100810.34,126350.64,21223320,24446348,18225424,308.18933,,,52382.633,,,278.44406,278.44406,278.44406,52360.672,52360.672,52360.672,29.609842,,,,,,,308.18933,,,52382.633,,,278.44406,278.44406,278.44406,52360.672,52360.672,52360.672,29.609842,,,,,,,.36559558,,,62.139915,,,.33030969,.33030969,.33030969,62.113861,62.113861,62.113861,.15302876,,,26.010143,,,.13825899,.13825899,.13825899,25.999239,25.999239,25.999239,2.3654213,134.5269,119.58822,149.88589,.27176392,,,,,,,,,366.98276,119074.13,324.4679,99997.547,18519.721,17429.869,19552.67,18519.721,17429.869,19552.67,18519.721,17429.869,19552.67,18761.01,17605.26,19940.141,18761.01,17605.26,19940.141,18761.01,17605.26,19940.141,102.08,94.949997,109.79,102.08,94.949997,109.79,102.08,94.949997,109.79,101.16,93.160004,109.34,101.16,93.160004,109.34,101.16,93.160004,109.34,6124665,5790949,6430046.5,6124665,5790949,6430046.5,6124665,5790949,6430046.5,6191693.5,5837643,6547430.5,6191693.5,5837643,6547430.5,6191693.5,5837643,6547430.5,29396.32,26568.73,32945.66,29396.32,26568.73,32945.66,29396.32,26568.73,32945.66,28898.689,26703.42,31783.57,28898.689,26703.42,31783.57,28898.689,26703.42,31783.57,3475.28,3767.8501,4076.3899,3475.28,3767.8501,4076.3899,3475.28,3767.8501,4076.3899,3450.1699,3721,4009.6599,3450.1699,3721,4009.6599,3450.1699,3721,4009.6599,354.85001,388.82999,429.19,354.85001,388.82999,429.19,354.85001,388.82999,429.19,356.17001,382.32999,417.31,356.17001,382.32999,417.31,356.17001,382.32999,417.31,1407.11,1512.6899,1622.27,1407.11,1512.6899,1622.27,1407.11,1512.6899,1622.27,1389.78,1498.72,1617.6,1389.78,1498.72,1617.6,1389.78,1498.72,1617.6,101.3,111.01,122.54,101.3,111.01,122.54,101.3,111.01,122.54,101.68,109.15,119.14,101.68,109.15,119.14,101.68,109.15,119.14,183954.3,203418.48,227950.59,183954.3,203418.48,227950.59,183954.3,203418.48,227950.59,184946.19,200003.55,219872.81,184946.19,200003.55,219872.81,184946.19,200003.55,219872.81,.94999999,1,1.03,.94999999,1,1.03,.94999999,1,1.03,.97000003,1,1.04,.97000003,1,1.04,.97000003,1,1.04,1.03,1.08,1.12,1.03,1.08,1.12,1.03,1.08,1.12,1.05,1.08,1.12,1.05,1.08,1.12,1.05,1.08,1.12,.34725437,.357375,.33324572,.34725437,.357375,.33324572,.34725437,.357375,.33324572,.35005048,.34886917,.3440142,.35005048,.34886917,.3440142,.35005048,.34886917,.3440142,189.98169,68157.422,358.75784,36622,21926,21926,21926,129,129,129,380746,380746,380746,1994,1994,1994,6.469408,6.469408,6.469408,167.9077,7854.3999,46.77808,6034.3726,,,,,,,,,,,,,,,,,,,,15.457364,17.365046,,,367.96643,405.15948,,,,,287.97336,330.71045,287.97336,330.71045,287.97336,330.71045,15.457364,17.365046,,,1,,2.3890646,2.3890646,2.3890646,.79131782,.79131782,.79131782,1,,1,,56.87228,,,14.742388,14.742388,14.742388,1,,1,,2.3890648,2.3890648,2.3890648,.84464657,.84464657,.84464657,1,,1,,55.741413,,,16.08596,16.08596,16.08596,1,
04Sep2020,Iran,118,22044,236,590,44088,110220,2026,382772,4052,10130,765544,1913860,330308,1713,5.8242841,30420,120.17857,1954.9911,168.70255,6686.9453,39.637489,4677.2236,,,,,,,,,,,,,,,,,,,,,,,,13342.463,15190.482,11558.867,4553.5977,5184.3008,3944.8811,1525.8748,1709.3472,1317.9364,540.65485,594.01068,479.70035,281.90964,,,52664.543,,,280.9093,280.9093,280.9093,52641.578,52641.578,52641.578,118,,,22044,,,117.58128,117.58128,117.58128,22034.389,22034.389,22034.389,29.75016,115279.83,103173.57,128032.16,21338600,24574382,18328596,281.90964,,,52664.543,,,280.9093,280.9093,280.9093,52641.578,52641.578,52641.578,29.75016,,,,,,,281.90964,,,52664.543,,,280.9093,280.9093,280.9093,52641.578,52641.578,52641.578,29.75016,,,,,,,.33442077,,,62.474335,,,.3332341,.3332341,.3332341,62.447098,62.447098,62.447098,.13997979,,,26.150124,,,.13948308,.13948308,.13948308,26.138721,26.138721,26.138721,2.4033818,136.75294,122.39165,151.88063,.24454378,,,,,,,,,366.98276,119074.13,324.4679,91470.625,18621.189,17530.17,19654.561,18621.189,17530.17,19654.561,18621.189,17530.17,19654.561,18861.471,17706.17,20039.779,18861.471,17706.17,20039.779,18861.471,17706.17,20039.779,101.47,94.120003,109.02,101.47,94.120003,109.02,101.47,94.120003,109.02,100.46,92.940002,108.48,100.46,92.940002,108.48,100.46,92.940002,108.48,6154054.5,5820086,6458394,6154054.5,5820086,6458394,6154054.5,5820086,6458394,6220586,5865651.5,6576816,6220586,5865651.5,6576816,6220586,5865651.5,6576816,29389.91,26524.029,32889.699,29389.91,26524.029,32889.699,29389.91,26524.029,32889.699,28892.859,26626.07,31776,28892.859,26626.07,31776,28892.859,26626.07,31776,3463.1499,3753.1599,4071.6899,3463.1499,3753.1599,4071.6899,3463.1499,3753.1599,4071.6899,3437.48,3704.22,3989.01,3437.48,3704.22,3989.01,3437.48,3704.22,3989.01,353,388.76001,429.5,353,388.76001,429.5,353,388.76001,429.5,355.88,382.25,418.51001,355.88,382.25,418.51001,355.88,382.25,418.51001,1397.12,1504.6,1616.79,1397.12,1504.6,1616.79,1397.12,1504.6,1616.79,1383.48,1489.5601,1605.33,1383.48,1489.5601,1605.33,1383.48,1489.5601,1605.33,100.78,110.99,122.62,100.78,110.99,122.62,100.78,110.99,122.62,101.6,109.13,119.49,101.6,109.13,119.49,101.6,109.13,119.49,183651.61,203352.61,227554.19,183651.61,203352.61,227554.19,183651.61,203352.61,227554.19,184385.52,199938.52,219804.34,184385.52,199938.52,219804.34,184385.52,199938.52,219804.34,.94999999,1,1.03,.94999999,1,1.03,.94999999,1,1.03,.97000003,1,1.04,.97000003,1,1.04,.97000003,1,1.04,1.03,1.08,1.12,1.03,1.08,1.12,1.03,1.08,1.12,1.05,1.08,1.12,1.05,1.08,1.12,1.05,1.08,1.12,.34525454,.35484806,.33147156,.34525454,.35484806,.33147156,.34525454,.35484806,.33147156,.34769836,.34905639,.34138975,.34769836,.34905639,.34138975,.34769836,.34905639,.34138975,189.98169,68157.422,358.75784,36403.16,22044,22044,22044,118,118,118,382772,382772,382772,2026,2026,2026,5.8242841,5.8242841,5.8242841,167.9077,7854.3999,46.77808,5519.8135,,,,,,,,,,,,,,,,,,,,17.169491,17.363998,,,408.92474,405.17963,,,,,289.64136,330.48666,289.64136,330.48666,289.64136,330.48666,17.169491,17.363998,,,1,,2.3890648,2.3890648,2.3890648,.85991526,.85991526,.85991526,1,,1,,56.900211,,,14.506372,14.506372,14.506372,1,,1,,2.3890648,2.3890648,2.3890648,.84472823,.84472823,.84472823,1,,1,,55.747547,,,16.077599,16.077599,16.077599,1,
05Sep2020,Iran,110,22154,220,550,44308,110770,1894,384666,3788,9470,769332,1923330,332131,1823,5.8078141,30381,122.16964,2010.9286,168.70255,6686.9453,39.637489,4360.124,,,,,,,,,,,,,,,,,,,,,,,,13741.325,15659.01,11921.608,4653.1411,5302.5146,4036.9417,1540.9745,1725.416,1333.635,546.99548,600.55432,486.52243,262.79712,,,52927.34,,,283.87387,283.87387,283.87387,52925.453,52925.453,52925.453,110,,,22154,,,118.82218,118.82218,118.82218,22153.211,22153.211,22153.211,29.885769,117247.05,105099.94,130317.79,21455848,24704698,18433696,262.79712,,,52927.34,,,283.87387,283.87387,283.87387,52925.453,52925.453,52925.453,29.885769,,,,,,,262.79712,,,52927.34,,,283.87387,283.87387,283.87387,52925.453,52925.453,52925.453,29.885769,,,,,,,.31174818,,,62.786083,,,.33675089,.33675089,.33675089,62.783848,62.783848,62.783848,.13048963,,,26.280613,,,.14095512,.14095512,.14095512,26.279676,26.279676,26.279676,2.2467942,139.08659,124.67684,154.59201,.22413963,,,,,,,,,366.98276,119074.13,324.4679,85269.227,18722.109,17630.09,19755.93,18722.109,17630.09,19755.93,18722.109,17630.09,19755.93,18961.301,17806.221,20138.83,18961.301,17806.221,20138.83,18961.301,17806.221,20138.83,100.92,93.5,108.67,100.92,93.5,108.67,100.92,93.5,108.67,99.830002,92.589996,107.68,99.830002,92.589996,107.68,99.830002,92.589996,107.68,6183437,5849168.5,6486829.5,6183437,5849168.5,6486829.5,6183437,5849168.5,6486829.5,6249472,5893591,6606213,6249472,5893591,6606213,6249472,5893591,6606213,29382.5,26463.801,32856.109,29382.5,26463.801,32856.109,29382.5,26463.801,32856.109,28886.029,26547.99,31766.859,28886.029,26547.99,31766.859,28886.029,26547.99,31766.859,3454.8101,3740.4099,4068.23,3454.8101,3740.4099,4068.23,3454.8101,3740.4099,4068.23,3427.79,3689.6699,3970.0901,3427.79,3689.6699,3970.0901,3427.79,3689.6699,3970.0901,352.26999,388.69,430.29999,352.26999,388.69,430.29999,352.26999,388.69,430.29999,355.32001,382.17999,419.70001,355.32001,382.17999,419.70001,355.32001,382.17999,419.70001,1391.17,1497.29,1612.12,1391.17,1497.29,1612.12,1391.17,1497.29,1612.12,1377.9301,1481.29,1593.71,1377.9301,1481.29,1593.71,1377.9301,1481.29,1593.71,100.57,110.97,122.85,100.57,110.97,122.85,100.57,110.97,122.85,101.44,109.11,119.83,101.44,109.11,119.83,101.44,109.11,119.83,183221.42,203302.41,227288.17,183221.42,203302.41,227288.17,183221.42,203302.41,227288.17,183831.16,199888.28,219740.34,183831.16,199888.28,219740.34,183831.16,199888.28,219740.34,1.4,1.45,1.49,1.4,1.45,1.49,1.4,1.45,1.49,1.39,1.4400001,1.5,1.39,1.4400001,1.5,1.39,1.4400001,1.5,1.52,1.5700001,1.62,1.52,1.5700001,1.62,1.52,1.5700001,1.62,1.52,1.5599999,1.63,1.52,1.5599999,1.63,1.52,1.5599999,1.63,.34346974,.35331282,.33074519,.34346974,.35331282,.33074519,.34346974,.35331282,.33074519,.34559959,.34876463,.33896962,.34559959,.34876463,.33896962,.34559959,.34876463,.33896962,189.98169,68157.422,358.75784,36205.84,22154,22154,22154,110,110,110,384666,384666,384666,1894,1894,1894,5.8078141,5.8078141,5.8078141,167.9077,7854.3999,46.77808,5145.5889,,,,,,,,,,,,,,,,,,,,17.218182,17.363276,,,446.15045,405.38309,,,,,291.14645,330.2746,291.14645,330.2746,291.14645,330.2746,17.218182,17.363276,,,1,,2.3890648,2.3890648,2.3890648,.91745454,.91745454,.91745454,1,,1,,61.904465,,,15.513464,15.513464,15.513464,1,,1,,2.3890648,2.3890648,2.3890648,.84508932,.84508932,.84508932,1,,1,,55.777863,,,16.074821,16.074821,16.074821,1,
06Sep2020,Iran,139,22293,278,695,44586,111465,1992,386658,3984,9960,773316,1933290,333900,1769,6.9779115,30465,123.53571,2064.1785,168.70255,6686.9453,39.637489,5509.6108,,,,,,,,,,,,,,,,,,,,,,,,13930.651,15869.552,12078.437,4736.2642,5395.4688,4106.5322,1557.4093,1742.1302,1351.8014,554.07227,607.61786,494.48257,332.07999,,,53259.418,,,287.39865,287.39865,287.39865,53212.852,53212.852,53212.852,139,,,22293,,,120.29756,120.29756,120.29756,22273.508,22273.508,22273.508,30.016478,119305.2,107118.82,132842.38,21575152,24837542,18540816,332.07999,,,53259.418,,,287.39865,287.39865,287.39865,53212.852,53212.852,53212.852,30.016478,,,,,,,332.07999,,,53259.418,,,287.39865,287.39865,287.39865,53212.852,53212.852,53212.852,30.016478,,,,,,,.39393634,,,63.180019,,,.34093222,.34093222,.34093222,63.124779,63.124779,63.124779,.16489145,,,26.445505,,,.14270532,.14270532,.14270532,26.422382,26.422382,26.422382,2.3630488,141.52811,127.07178,157.58684,.27834493,,,,,,,,,366.98276,119074.13,324.4679,107749.3,18822.539,17729.65,19856.84,18822.539,17729.65,19856.84,18822.539,17729.65,19856.84,19060.58,17905.471,20237.369,19060.58,17905.471,20237.369,19060.58,17905.471,20237.369,100.43,92.989998,108.36,100.43,92.989998,108.36,100.43,92.989998,108.36,99.279999,92.18,106.92,99.279999,92.18,106.92,99.279999,92.18,106.92,6213755.5,5879168,6516162,6213755.5,5879168,6516162,6213755.5,5879168,6516162,6279262.5,5922350,6636519,6279262.5,5922350,6636519,6279262.5,5922350,6636519,30318.57,27264.1,34001.211,30318.57,27264.1,34001.211,30318.57,27264.1,34001.211,29790.42,27247.221,32807.41,29790.42,27247.221,32807.41,29790.42,27247.221,32807.41,3447.1201,3729.3999,4065.8799,3447.1201,3729.3999,4065.8799,3447.1201,3729.3999,4065.8799,3419.1899,3677.1101,3956.52,3419.1899,3677.1101,3956.52,3419.1899,3677.1101,3956.52,352.01999,388.81,431.79999,352.01999,388.81,431.79999,352.01999,388.81,431.79999,354.81,382.29999,420.37,354.81,382.29999,420.37,354.81,382.29999,420.37,1386.38,1490.71,1609.45,1386.38,1490.71,1609.45,1386.38,1490.71,1609.45,1372.1899,1473.84,1584.39,1372.1899,1473.84,1584.39,1372.1899,1473.84,1584.39,100.5,111,123.28,100.5,111,123.28,100.5,111,123.28,101.29,109.14,120.02,101.29,109.14,120.02,101.29,109.14,120.02,194747.94,216471.2,242669.05,194747.94,216471.2,242669.05,194747.94,216471.2,242669.05,194187.69,212609.52,234511.61,194187.69,212609.52,234511.61,194187.69,212609.52,234511.61,1.4,1.45,1.49,1.4,1.45,1.49,1.4,1.45,1.49,1.39,1.4400001,1.5,1.39,1.4400001,1.5,1.39,1.4400001,1.5,1.52,1.5700001,1.62,1.52,1.5700001,1.62,1.52,1.5700001,1.62,1.52,1.5599999,1.63,1.52,1.5599999,1.63,1.52,1.5599999,1.63,.33124912,.34107122,.31869453,.33124912,.34107122,.31869453,.33124912,.34107122,.31869453,.33326149,.33830974,.32590199,.33326149,.33830974,.32590199,.33326149,.33830974,.32590199,189.98169,68157.422,358.75784,36030.051,22293,22293,22293,139,139,139,386658,386658,386658,1992,1992,1992,6.9779115,6.9779115,6.9779115,167.9077,7854.3999,46.77808,6502.1533,,,,,,,,,,,,,,,,,,,,14.330935,17.344368,,,359.26648,405.09552,,,,,301.88757,330.12314,301.88757,330.12314,301.88757,330.12314,14.330935,17.344368,,,1,,2.3890646,2.3890646,2.3890646,.72251797,.72251797,.72251797,1,,1,,59.89217,,,15.220166,15.220166,15.220166,1,,1,,2.3890646,2.3890646,2.3890646,.84432507,.84432507,.84432507,1,,1,,55.799057,,,16.070417,16.070417,16.070417,1,
07Sep2020,Iran,117,22410,234,585,44820,112050,2152,388810,4304,10760,777620,1944050,335572,1672,5.4368029,30828,124.14285,2107.384,168.70255,6686.9453,39.637489,4637.5864,,,,,,,,,,,,,,,,,,,,,,,,14280.548,16262.502,12361.9,4785.0669,5449.1719,4142.1743,1575.1903,1760.3826,1372.3981,561.92688,615.30835,503.62534,279.52057,,,53538.938,,,291.5498,291.5498,291.5498,53504.402,53504.402,53504.402,117,,,22410,,,122.03513,122.03513,122.03513,22395.543,22395.543,22395.543,30.143606,121454.45,109230.55,135503.23,21696606,24973044,18650046,279.52057,,,53538.938,,,291.5498,291.5498,291.5498,53504.402,53504.402,53504.402,30.143606,,,,,,,279.52057,,,53538.938,,,291.5498,291.5498,291.5498,53504.402,53504.402,53504.402,30.143606,,,,,,,.33158669,,,63.511604,,,.34585664,.34585664,.34585664,63.470634,63.470634,63.470634,.13879353,,,26.584297,,,.14476654,.14476654,.14476654,26.567148,26.567148,26.567148,2.5528519,144.0777,129.57687,160.74333,.23014437,,,,,,,,,366.98276,119074.13,324.4679,90695.453,18922.539,17828.881,19957.369,18922.539,17828.881,19957.369,18922.539,17828.881,19957.369,19159.359,18004,20335.471,19159.359,18004,20335.471,19159.359,18004,20335.471,100,92.589996,108.19,100,92.589996,108.19,100,92.589996,108.19,98.779999,91.779999,106.33,98.779999,91.779999,106.33,98.779999,91.779999,106.33,6246027,5911117.5,6547271,6246027,5911117.5,6547271,6246027,5911117.5,6547271,6310940,5952880.5,6668707,6310940,5952880.5,6668707,6310940,5952880.5,6668707,32271.26,28915.449,36308.609,32271.26,28915.449,36308.609,32271.26,28915.449,36308.609,31677.35,28782.92,35047.25,31677.35,28782.92,35047.25,31677.35,28782.92,35047.25,3433.52,3720.78,4065.48,3433.52,3720.78,4065.48,3433.52,3720.78,4065.48,3410.9199,3667.1299,3946.52,3410.9199,3667.1299,3946.52,3410.9199,3667.1299,3946.52,353.34,390.73001,436.67001,353.34,390.73001,436.67001,353.34,390.73001,436.67001,355.44,384.16,422.48001,355.44,384.16,422.48001,355.44,384.16,422.48001,1381.75,1485.04,1607.53,1381.75,1485.04,1607.53,1381.75,1485.04,1607.53,1367.5,1467.38,1576.25,1367.5,1467.38,1576.25,1367.5,1467.38,1576.25,100.88,111.55,124.68,100.88,111.55,124.68,100.88,111.55,124.68,101.47,109.68,120.62,101.47,109.68,120.62,101.47,109.68,120.62,205452.03,229806.25,258492.5,205452.03,229806.25,258492.5,205452.03,229806.25,258492.5,204640.31,225492.55,249829.72,204640.31,225492.55,249829.72,204640.31,225492.55,249829.72,1.4,1.45,1.49,1.4,1.45,1.49,1.4,1.45,1.49,1.39,1.4400001,1.5,1.39,1.4400001,1.5,1.39,1.4400001,1.5,1.52,1.5700001,1.62,1.52,1.5700001,1.62,1.52,1.5700001,1.62,1.52,1.5599999,1.63,1.52,1.5599999,1.63,1.52,1.5599999,1.63,.30987325,.32020944,.29797342,.30987325,.32020944,.29797342,.30987325,.32020944,.29797342,.31183165,.31886965,.30339041,.31183165,.31886965,.30339041,.31183165,.31886965,.30339041,189.98169,68157.422,358.75784,35875.785,22410,22410,22410,117,117,117,388810,388810,388810,2152,2152,2152,5.4368029,5.4368029,5.4368029,167.9077,7854.3999,46.77808,5473.0352,,,,,,,,,,,,,,,,,,,,18.393162,17.349844,,,434.50986,405.24908,,,,,322.71259,330.08398,322.71259,330.08398,322.71259,330.08398,18.393162,17.349844,,,1,,2.3890648,2.3890648,2.3890648,.85470086,.85470086,.85470086,1,,1,,56.437939,,,14.995938,14.995938,14.995938,1,,1,,2.3890646,2.3890646,2.3890646,.84437925,.84437925,.84437925,1,,1,,55.802593,,,16.06447,16.06447,16.06447,1,
08Sep2020,Iran,132,22542,264,660,45084,112710,2302,391112,4604,11510,782224,1955560,337414,1842,5.7341442,31156,124.66071,2145.6072,168.70255,6686.9453,39.637489,5232.1484,,,,,,,,,,,,,,,,,,,,,,,,14605.836,16627.055,12630.464,4817.7505,5484.4517,4166.1719,1594.3268,1780.9594,1395.3928,570.60602,624.26648,513.9928,315.35654,,,53854.297,,,296.40009,296.40009,296.40009,53800.801,53800.801,53800.801,132,,,22542,,,124.06533,124.06533,124.06533,22519.609,22519.609,22519.609,30.269325,123694.9,111308.26,137683.27,21820302,25110728,18761354,315.35654,,,53854.297,,,296.40009,296.40009,296.40009,53800.801,53800.801,53800.801,30.269325,,,,,,,315.35654,,,53854.297,,,296.40009,296.40009,296.40009,53800.801,53800.801,53800.801,30.269325,,,,,,,.37409782,,,63.885704,,,.35161036,.35161036,.35161036,63.822247,63.822247,63.822247,.15658757,,,26.740885,,,.14717491,.14717491,.14717491,26.714323,26.714323,26.714323,2.7307923,146.73547,132.04158,163.32945,.2549471,,,,,,,,,366.98276,119074.13,324.4679,102323.07,19022.16,17927.801,20057.58,19022.16,17927.801,20057.58,19022.16,17927.801,20057.58,19257.721,18101.869,20433.23,19257.721,18101.869,20433.23,19257.721,18101.869,20433.23,99.629997,92.300003,108.08,99.629997,92.300003,108.08,99.629997,92.300003,108.08,98.360001,91.459999,105.79,98.360001,91.459999,105.79,98.360001,91.459999,105.79,6280560,5945329,6581173.5,6280560,5945329,6581173.5,6280560,5945329,6581173.5,6344802.5,5985466,6703071.5,6344802.5,5985466,6703071.5,6344802.5,5985466,6703071.5,34532.84,30698.279,38994.551,34532.84,30698.279,38994.551,34532.84,30698.279,38994.551,33862.289,30620.949,37642.148,33862.289,30620.949,37642.148,33862.289,30620.949,37642.148,3418.4199,3717.1499,4070.21,3418.4199,3717.1499,4070.21,3418.4199,3717.1499,4070.21,3410.52,3662.22,3954.03,3410.52,3662.22,3954.03,3410.52,3662.22,3954.03,357.95001,396.45001,444.22,357.95001,396.45001,444.22,357.95001,396.45001,444.22,359.17999,389.67999,428.72,359.17999,389.67999,428.72,359.17999,389.67999,428.72,1373.5601,1481.03,1607.25,1373.5601,1481.03,1607.25,1373.5601,1481.03,1607.25,1363.4301,1462.63,1569.77,1363.4301,1462.63,1569.77,1363.4301,1462.63,1569.77,102.19,113.19,126.82,102.19,113.19,126.82,102.19,113.19,126.82,102.54,111.25,122.4,102.54,111.25,122.4,102.54,111.25,122.4,216202.09,243554.44,274963.25,216202.09,243554.44,274963.25,216202.09,243554.44,274963.25,216025.52,238768.84,265653.78,216025.52,238768.84,265653.78,216025.52,238768.84,265653.78,1.4,1.45,1.49,1.4,1.45,1.49,1.4,1.45,1.49,1.39,1.4400001,1.5,1.39,1.4400001,1.5,1.39,1.4400001,1.5,1.52,1.5700001,1.62,1.52,1.5700001,1.62,1.52,1.5700001,1.62,1.52,1.5599999,1.63,1.52,1.5599999,1.63,1.52,1.5599999,1.63,.28850797,.30066833,.27716693,.28850797,.30066833,.27716693,.28850797,.30066833,.27716693,.29047063,.29868439,.28104135,.29047063,.29868439,.28104135,.29047063,.29868439,.28104135,189.98169,68157.422,358.75784,35743.043,22542,22542,22542,132,132,132,391112,391112,391112,2302,2302,2302,5.7341442,5.7341442,5.7341442,167.9077,7854.3999,46.77808,6174.7065,,,,,,,,,,,,,,,,,,,,17.439394,17.350368,,,392.23825,405.17291,,,,,346.61087,330.17072,346.61087,330.17072,346.61087,330.17072,17.439394,17.350368,,,1,,2.3890648,2.3890648,2.3890648,.75477272,.75477272,.75477272,1,,1,,53.733665,,,15.001234,15.001234,15.001234,1,,1,,2.3890648,2.3890648,2.3890648,.84385413,.84385413,.84385413,1,,1,,55.790417,,,16.058214,16.058214,16.058214,1,
09Sep2020,Iran,127,22669,254,635,45338,113345,2313,393425,4626,11565,786850,1967125,339111,1697,5.4907045,31645,125.28571,2181.875,168.70255,6686.9453,39.637489,5033.9609,,,,,,,,,,,,,,,,,,,,,,,,14791.181,16832.133,12785.181,4897.1157,5572.8413,4232.9624,1614.8268,1802.968,1420.7572,580.14832,634.11536,525.60437,303.41122,,,54157.707,,,302.01846,302.01846,302.01846,54102.82,54102.82,54102.82,127,,,22669,,,126.41704,126.41704,126.41704,22646.025,22646.025,22646.025,30.39609,126026.6,113042.98,140460.17,21946328,25251188,18874398,303.41122,,,54157.707,,,302.01846,302.01846,302.01846,54102.82,54102.82,54102.82,30.39609,,,,,,,303.41122,,,54157.707,,,302.01846,302.01846,302.01846,54102.82,54102.82,54102.82,30.39609,,,,,,,.35992745,,,64.245628,,,.35827526,.35827526,.35827526,64.180519,64.180519,64.180519,.15065622,,,26.891542,,,.14996466,.14996466,.14996466,26.864288,26.864288,26.864288,2.7438412,149.50151,134.09943,166.62361,.24075173,,,,,,,,,366.98276,119074.13,324.4679,98447.203,19121.5,18026.49,20157.57,19121.5,18026.49,20157.57,19121.5,18026.49,20157.57,19355.74,18199.17,20530.74,19355.74,18199.17,20530.74,19355.74,18199.17,20530.74,99.339996,92.059998,108.05,99.339996,92.059998,108.05,99.339996,92.059998,108.05,98.019997,91.230003,105.36,98.019997,91.230003,105.36,98.019997,91.230003,105.36,6317424,5981869,6618750.5,6317424,5981869,6618750.5,6317424,5981869,6618750.5,6380915.5,6020163.5,6739678,6380915.5,6020163.5,6739678,6380915.5,6020163.5,6739678,36864.078,32526.09,41773.609,36864.078,32526.09,41773.609,36864.078,32526.09,41773.609,36113.352,32595.199,40323.281,36113.352,32595.199,40323.281,36113.352,32595.199,40323.281,3408.1299,3722.49,4084.8101,3408.1299,3722.49,4084.8101,3408.1299,3722.49,4084.8101,3420.73,3666.1799,3974.3601,3420.73,3666.1799,3974.3601,3420.73,3666.1799,3974.3601,366.62,406.82001,455.44,366.62,406.82001,455.44,366.62,406.82001,455.44,366.75,399.70001,440.01999,366.75,399.70001,440.01999,366.75,399.70001,440.01999,1367.79,1479.83,1609.99,1367.79,1479.83,1609.99,1367.79,1479.83,1609.99,1361.67,1460.6801,1568.33,1361.67,1460.6801,1568.33,1361.67,1460.6801,1568.33,104.67,116.15,130.03,104.67,116.15,130.03,104.67,116.15,130.03,104.71,114.12,125.63,104.71,114.12,125.63,104.71,114.12,125.63,227379.05,257933.77,291708.19,227379.05,257933.77,291708.19,227379.05,257933.77,291708.19,228112.55,252645.59,282246.94,228112.55,252645.59,282246.94,228112.55,252645.59,282246.94,1.4,1.45,1.49,1.4,1.45,1.49,1.4,1.45,1.49,1.39,1.4400001,1.5,1.39,1.4400001,1.5,1.39,1.4400001,1.5,1.52,1.5700001,1.62,1.52,1.5700001,1.62,1.52,1.5700001,1.62,1.52,1.5599999,1.63,1.52,1.5599999,1.63,1.52,1.5599999,1.63,.26947641,.28303432,.25865614,.26947641,.28303432,.25865614,.26947641,.28303432,.25865614,.27142316,.27988786,.26128826,.27142316,.27988786,.26128826,.27142316,.27988786,.26128826,189.98169,68157.422,358.75784,35639.004,22669,22669,22669,127,127,127,393425,393425,393425,2313,2313,2313,5.4907045,5.4907045,5.4907045,167.9077,7854.3999,46.77808,5940.8159,,,,,,,,,,,,,,,,,,,,18.212599,17.355198,,,415.36566,405.23001,,,,,371.09,330.3833,371.09,330.3833,371.09,330.3833,18.212599,17.355198,,,1,,2.3890648,2.3890648,2.3890648,.78220469,.78220469,.78220469,1,,1,,54.48621,,,15.937777,15.937777,15.937777,1,,1,,2.3890648,2.3890648,2.3890648,.84350878,.84350878,.84350878,1,,1,,55.782749,,,16.057505,16.057505,16.057505,1,
10Sep2020,Iran,129,22798,258,645,45596,113990,2063,395488,4126,10315,790976,1977440,340842,1731,6.2530293,31848,126.65179,2223.3125,168.70255,6686.9453,39.637489,5113.2363,,,,,,,,,,,,,,,,,,,,,,,,15097.942,17175.313,13052.57,4902.9355,5577.5449,4238.7173,1636.6943,1826.4113,1448.1779,590.539,644.83783,538.26886,308.18933,,,54465.895,,,308.43079,308.43079,308.43079,54411.25,54411.25,54411.25,129,,,22798,,,129.10106,129.10106,129.10106,22775.127,22775.127,22775.127,30.526133,128449.53,114511.76,143353.52,22074778,25394542,18988910,308.18933,,,54465.895,,,308.43079,308.43079,308.43079,54411.25,54411.25,54411.25,30.526133,,,,,,,308.18933,,,54465.895,,,308.43079,308.43079,308.43079,54411.25,54411.25,54411.25,30.526133,,,,,,,.36559558,,,64.611229,,,.36588201,.36588201,.36588201,64.546402,64.546402,64.546402,.15302876,,,27.044571,,,.15314865,.15314865,.15314865,27.017437,27.017437,27.017437,2.4472737,152.37575,135.8418,170.05588,.23993029,,,,,,,,,366.98276,119074.13,324.4679,99997.547,19220.689,18125.039,20257.49,19220.689,18125.039,20257.49,19220.689,18125.039,20257.49,19453.561,18296.039,20628.15,19453.561,18296.039,20628.15,19453.561,18296.039,20628.15,99.190002,91.669998,108.14,99.190002,91.669998,108.14,99.190002,91.669998,108.14,97.82,91.050003,105.18,97.82,91.050003,105.18,97.82,91.050003,105.18,6356650.5,6020767,6658946,6356650.5,6020767,6658946,6356650.5,6020767,6658946,6419308.5,6056993,6778553.5,6419308.5,6056993,6778553.5,6419308.5,6056993,6778553.5,39226.629,34363.871,44386.91,39226.629,34363.871,44386.91,39226.629,34363.871,44386.91,38392.941,34586.801,43059.359,38392.941,34586.801,43059.359,38392.941,34586.801,43059.359,3408.1101,3740.8899,4114.1699,3408.1101,3740.8899,4114.1699,3408.1101,3740.8899,4114.1699,3439.8101,3682.9199,4009.78,3439.8101,3682.9199,4009.78,3439.8101,3682.9199,4009.78,379.22,421.73001,472.48999,379.22,421.73001,472.48999,379.22,421.73001,472.48999,378.01999,414.10999,457.23999,378.01999,414.10999,457.23999,378.01999,414.10999,457.23999,1364.42,1482.65,1617.2,1364.42,1482.65,1617.2,1364.42,1482.65,1617.2,1364.35,1462.7,1573.3101,1364.35,1462.7,1573.3101,1364.35,1462.7,1573.3101,108.27,120.41,134.89999,108.27,120.41,134.89999,108.27,120.41,134.89999,107.92,118.23,130.55,107.92,118.23,130.55,107.92,118.23,130.55,239087.39,273094.19,308800.97,239087.39,273094.19,308800.97,239087.39,273094.19,308800.97,240821.44,267265.13,299909.47,240821.44,267265.13,299909.47,240821.44,267265.13,299909.47,1.4,1.4400001,1.49,1.4,1.4400001,1.49,1.4,1.4400001,1.49,1.39,1.4400001,1.5,1.39,1.4400001,1.5,1.39,1.4400001,1.5,1.52,1.5700001,1.62,1.52,1.5700001,1.62,1.52,1.5700001,1.62,1.52,1.5599999,1.63,1.52,1.5599999,1.63,1.52,1.5599999,1.63,.25286394,.26676273,.24363038,.25286394,.26676273,.24363038,.25286394,.26676273,.24363038,.2547864,.26325071,.24426745,.2547864,.26325071,.24426745,.2547864,.26325071,.24426745,189.98169,68157.422,358.75784,35585.191,22798,22798,22798,129,129,129,395488,395488,395488,2063,2063,2063,6.2530293,6.2530293,6.2530293,167.9077,7854.3999,46.77808,6034.3726,,,,,,,,,,,,,,,,,,,,15.992249,17.347486,,,416.78772,405.29544,,,,,395.46957,330.71918,395.46957,330.71918,395.46957,330.71918,15.992249,17.347486,,,1,,2.3890646,2.3890646,2.3890646,.76891476,.76891476,.76891476,1,,1,,62.263466,,,19.014362,19.014362,19.014362,1,,1,,2.3890646,2.3890646,2.3890646,.84308666,.84308666,.84308666,1,,1,,55.816555,,,16.072929,16.072929,16.072929,1,
11Sep2020,Iran,115,22913,230,575,45826,114565,2313,397801,4626,11565,795602,1989005,342539,1697,4.9718981,32349,129.39285,2278.9644,168.70255,6686.9453,39.637489,4558.311,,,,,,,,,,,,,,,,,,,,,,,,15282.718,17379.713,13218.224,4897.3389,5569.3198,4235.7729,1659.9326,1851.29,1477.1296,601.74579,656.39905,548.83563,274.74243,,,54740.637,,,315.65353,315.65353,315.65353,54726.906,54726.906,54726.906,115,,,22913,,,132.12431,132.12431,132.12431,22907.252,22907.252,22907.252,30.661093,130963.54,116095.53,146315.16,22205742,25540856,19105004,274.74243,,,54740.637,,,315.65353,315.65353,315.65353,54726.906,54726.906,54726.906,30.661093,,,,,,,274.74243,,,54740.637,,,315.65353,315.65353,315.65353,54726.906,54726.906,54726.906,30.661093,,,,,,,.32591856,,,64.937149,,,.37445015,.37445015,.37445015,64.920853,64.920853,64.920853,.13642098,,,27.180992,,,.15673505,.15673505,.15673505,27.174171,27.174171,27.174171,2.7438412,155.35805,137.72058,173.56918,.20978543,,,,,,,,,366.98276,119074.13,324.4679,89145.102,19319.92,18223.65,20357.539,19319.92,18223.65,20357.539,19319.92,18223.65,20357.539,19551.381,18392.68,20725.66,19551.381,18392.68,20725.66,19551.381,18392.68,20725.66,99.230003,91.379997,108.45,99.230003,91.379997,108.45,99.230003,91.379997,108.45,97.82,91.080002,105.35,97.82,91.080002,105.35,97.82,91.080002,105.35,6398298,6062079.5,6701661.5,6398298,6062079.5,6701661.5,6398298,6062079.5,6701661.5,6460035.5,6095998,6819750,6460035.5,6095998,6819750,6460035.5,6095998,6819750,41647.59,36231.148,47203.199,41647.59,36231.148,47203.199,41647.59,36231.148,47203.199,40726.828,36618.441,45936.949,40726.828,36618.441,45936.949,40726.828,36618.441,45936.949,3433.1299,3775.75,4162.3999,3433.1299,3775.75,4162.3999,3433.1299,3775.75,4162.3999,3463.6399,3715.72,4064.3999,3463.6399,3715.72,4064.3999,3463.6399,3715.72,4064.3999,393.92999,440.60001,495.32001,393.92999,440.60001,495.32001,393.92999,440.60001,495.32001,392.47,432.34,479.03,392.47,432.34,479.03,392.47,432.34,479.03,1365.35,1490.52,1630.12,1365.35,1490.52,1630.12,1365.35,1490.52,1630.12,1372.64,1469.6801,1587.8199,1372.64,1469.6801,1587.8199,1372.64,1469.6801,1587.8199,112.47,125.8,141.42,112.47,125.8,141.42,112.47,125.8,141.42,112.05,123.44,136.77,112.05,123.44,136.77,112.05,123.44,136.77,251394.09,289134.38,327678.16,251394.09,289134.38,327678.16,251394.09,289134.38,327678.16,254232.16,282720.91,319038.97,254232.16,282720.91,319038.97,254232.16,282720.91,319038.97,1.4,1.4400001,1.49,1.4,1.4400001,1.49,1.4,1.4400001,1.49,1.39,1.4400001,1.5,1.39,1.4400001,1.5,1.39,1.4400001,1.5,1.52,1.5700001,1.62,1.52,1.5700001,1.62,1.52,1.5700001,1.62,1.52,1.5599999,1.63,1.52,1.5599999,1.63,1.52,1.5599999,1.63,.23826109,.25221393,.22975136,.23826109,.25221393,.22975136,.23826109,.25221393,.22975136,.24018566,.24872714,.22933608,.24018566,.24872714,.22933608,.24018566,.24872714,.22933608,189.98169,68157.422,358.75784,35599.543,22913,22913,22913,115,115,115,397801,397801,397801,2313,2313,2313,4.9718981,4.9718981,4.9718981,167.9077,7854.3999,46.77808,5379.479,,,,,,,,,,,,,,,,,,,,20.113043,17.361366,,,476.67752,405.65372,,,,,419.70764,331.17621,419.70764,331.17621,419.70764,331.17621,20.113043,17.361366,,,1,,2.3890646,2.3890646,2.3890646,.86286962,.86286962,.86286962,1,,1,,56.62064,,,18.005875,18.005875,18.005875,1,,1,,2.3890646,2.3890646,2.3890646,.84318596,.84318596,.84318596,1,,1,,55.821232,,,16.084167,16.084167,16.084167,1,
12Sep2020,Iran,116,23029,232,580,46058,115145,2139,399940,4278,10695,799880,1999700,344516,1977,5.4230947,32395,133.07143,2347.6787,168.70255,6686.9453,39.637489,4597.9487,,,,,,,,,,,,,,,,,,,,,,,,15483.071,17603.258,13399.178,4966.4116,5646.4912,4297.9736,1684.5443,1877.6012,1498.0077,613.74139,668.79132,559.20996,277.1315,,,55017.77,,,323.70694,323.70694,323.70694,55050.613,55050.613,55050.613,116,,,23029,,,135.49525,135.49525,135.49525,23042.746,23042.746,23042.746,30.801842,133568.38,118425.23,149340.52,22339310,25690198,19223430,277.1315,,,55017.77,,,323.70694,323.70694,323.70694,55050.613,55050.613,55050.613,30.801842,,,,,,,277.1315,,,55017.77,,,323.70694,323.70694,323.70694,55050.613,55050.613,55050.613,30.801842,,,,,,,.32875264,,,65.2659,,,.38400364,.38400364,.38400364,65.304855,65.304855,65.304855,.13760725,,,27.318598,,,.16073388,.16073388,.16073388,27.334906,27.334906,27.334906,2.5374303,158.44809,140.48424,177.15808,.20748287,,,,,,,,,366.98276,119074.13,324.4679,89920.273,19419.461,18322.551,20457.76,19419.461,18322.551,20457.76,19419.461,18322.551,20457.76,19649.461,18489.33,20823.52,19649.461,18489.33,20823.52,19649.461,18489.33,20823.52,99.540001,91.239998,109.06,99.540001,91.239998,109.06,99.540001,91.239998,109.06,98.080002,91.470001,106.1,98.080002,91.470001,106.1,98.080002,91.470001,106.1,6442461.5,6105900.5,6746995.5,6442461.5,6105900.5,6746995.5,6442461.5,6105900.5,6746995.5,6503185.5,6137255.5,6863353,6503185.5,6137255.5,6863353,6503185.5,6137255.5,6863353,44163.422,38150.352,50164.121,44163.422,38150.352,50164.121,44163.422,38150.352,50164.121,43150.012,38721.449,48943.469,43150.012,38721.449,48943.469,43150.012,38721.449,48943.469,3474.8301,3829.52,4232.4902,3474.8301,3829.52,4232.4902,3474.8301,3829.52,4232.4902,3499.8999,3766.9199,4132.7598,3499.8999,3766.9199,4132.7598,3499.8999,3766.9199,4132.7598,411.09,462.79001,522.21997,411.09,462.79001,522.21997,411.09,462.79001,522.21997,410.57001,453.76001,504.66,410.57001,453.76001,504.66,410.57001,453.76001,504.66,1374.6899,1504.26,1649.74,1374.6899,1504.26,1649.74,1374.6899,1504.26,1649.74,1385.51,1482.38,1609.73,1385.51,1482.38,1609.73,1385.51,1482.38,1609.73,117.37,132.14,149.11,117.37,132.14,149.11,117.37,132.14,149.11,117.22,129.56,144.09,117.22,129.56,144.09,117.22,129.56,144.09,264333.53,306124.03,347709.13,264333.53,306124.03,347709.13,264333.53,306124.03,347709.13,268399.78,299078.69,339390.47,268399.78,299078.69,339390.47,268399.78,299078.69,339390.47,1.4,1.4400001,1.49,1.4,1.4400001,1.49,1.4,1.4400001,1.49,1.39,1.4299999,1.49,1.39,1.4299999,1.49,1.39,1.4299999,1.49,1.52,1.5700001,1.62,1.52,1.5700001,1.62,1.52,1.5700001,1.62,1.52,1.5599999,1.63,1.52,1.5599999,1.63,1.52,1.5599999,1.63,.22539015,.239159,.21740638,.22539015,.239159,.21740638,.22539015,.239159,.21740638,.22730006,.23622566,.21678071,.22730006,.23622566,.21678071,.22730006,.23622566,.21678071,189.98169,68157.422,358.75784,35710.758,23029,23029,23029,116,116,116,399940,399940,399940,2139,2139,2139,5.4230947,5.4230947,5.4230947,167.9077,7854.3999,46.77808,5426.2573,,,,,,,,,,,,,,,,,,,,18.439655,17.366798,,,481.9675,406.03809,,,,,443.67511,331.75284,443.67511,331.75284,443.67511,331.75284,18.439655,17.366798,,,1,,2.3890646,2.3890646,2.3890646,.85810345,.85810345,.85810345,1,,1,,62.444309,,,20.646761,20.646761,20.646761,1,,1,,2.3890646,2.3890646,2.3890646,.84326112,.84326112,.84326112,1,,1,,55.856655,,,16.10857,16.10857,16.10857,1,
13Sep2020,Iran,128,23157,256,640,46314,115785,2089,402029,4178,10445,804058,2010145,346242,1726,6.1273336,32630,137.96428,2431.125,168.70255,6686.9453,39.637489,5073.5986,,,,,,,,,,,,,,,,,,,,,,,,15672.071,17814.625,13580.729,4961.5801,5639.8857,4299.4878,1710.5328,1908.3295,1519.3364,626.53485,683.20862,572.9751,305.80026,,,55323.57,,,332.61465,332.61465,332.61465,55383.227,55383.227,55383.227,128,,,23157,,,139.2238,139.2238,139.2238,23181.971,23181.971,23181.971,30.94862,136263.58,120891.93,152424.61,22475574,25842622,19344322,305.80026,,,55323.57,,,332.61465,332.61465,332.61465,55383.227,55383.227,55383.227,30.94862,,,,,,,305.80026,,,55323.57,,,332.61465,332.61465,332.61465,55383.227,55383.227,55383.227,30.94862,,,,,,,.36276153,,,65.628662,,,.39457059,.39457059,.39457059,65.699425,65.699425,65.699425,.15184249,,,27.470442,,,.16515693,.16515693,.16515693,27.500063,27.500063,27.500063,2.4781168,161.64532,143.4104,180.81665,.22441819,,,,,,,,,366.98276,119074.13,324.4679,99222.367,19519.641,18422.08,20553.35,19519.641,18422.08,20553.35,19519.641,18422.08,20553.35,19748.131,18586.33,20922.061,19748.131,18586.33,20922.061,19748.131,18586.33,20922.061,100.19,91.379997,110.05,100.19,91.379997,110.05,100.19,91.379997,110.05,98.669998,92.139999,107.24,98.669998,92.139999,107.24,98.669998,92.139999,107.24,6489264.5,6152353.5,6795142,6489264.5,6152353.5,6795142,6489264.5,6152353.5,6795142,6548875.5,6180869.5,6909476.5,6548875.5,6180869.5,6909476.5,6548875.5,6180869.5,6909476.5,46802.961,40147.129,53289.328,46802.961,40147.129,53289.328,46802.961,40147.129,53289.328,45690.148,40920.5,52113.699,45690.148,40920.5,52113.699,45690.148,40920.5,52113.699,3534.47,3903.77,4326.4302,3534.47,3903.77,4326.4302,3534.47,3903.77,4326.4302,3550.04,3837.99,4215.02,3550.04,3837.99,4215.02,3550.04,3837.99,4215.02,430.39001,487.76999,551.54999,430.39001,487.76999,551.54999,430.39001,487.76999,551.54999,431.45001,477.85001,533.53003,431.45001,477.85001,533.53003,431.45001,477.85001,533.53003,1389.73,1524.42,1676.78,1389.73,1524.42,1676.78,1389.73,1524.42,1676.78,1401.42,1501.36,1639.23,1401.42,1501.36,1639.23,1401.42,1501.36,1639.23,122.88,139.27,157.49001,122.88,139.27,157.49001,122.88,139.27,157.49001,123.19,136.44,152.34,123.19,136.44,152.34,123.19,136.44,152.34,277906,324119.66,369159.78,277906,324119.66,369159.78,277906,324119.66,369159.78,283368.03,316391.59,361041.31,283368.03,316391.59,361041.31,283368.03,316391.59,361041.31,1.4,1.4400001,1.49,1.4,1.4400001,1.49,1.4,1.4400001,1.49,1.39,1.4299999,1.49,1.39,1.4299999,1.49,1.39,1.4299999,1.49,1.52,1.5700001,1.62,1.52,1.5700001,1.62,1.52,1.5700001,1.62,1.52,1.5599999,1.63,1.52,1.5599999,1.63,1.52,1.5599999,1.63,.21406765,.22761278,.20651415,.21406765,.22761278,.20651415,.21406765,.22761278,.20651415,.21595465,.22516832,.20578082,.21595465,.22516832,.20578082,.21595465,.22516832,.20578082,189.98169,68157.422,358.75784,35943.949,23157,23157,23157,128,128,128,402029,402029,402029,2089,2089,2089,6.1273336,6.1273336,6.1273336,167.9077,7854.3999,46.77808,5987.5942,,,,,,,,,,,,,,,,,,,,16.320313,17.361013,,,445.59668,406.25674,,,,,467.14203,332.44794,467.14203,332.44794,467.14203,332.44794,16.320313,17.361013,,,1,,2.3890646,2.3890646,2.3890646,.78273439,.78273439,.78273439,1,,1,,65.229095,,,22.404482,22.404482,22.404482,1,,1,,2.3890646,2.3890646,2.3890646,.84292614,.84292614,.84292614,1,,1,,55.905354,,,16.141285,16.141285,16.141285,1,
14Sep2020,Iran,156,23313,312,780,46626,116565,2619,404648,5238,13095,809296,2023240,348013,1771,5.9564719,33322,143.6875,2528.5625,168.70255,6686.9453,39.637489,6183.4482,,,,,,,,,,,,,,,,,,,,,,,,15728.431,17874.998,13657.598,4979.02,5658.541,4323.4736,1737.9036,1936.3208,1544.9161,640.14655,696.31268,588.00336,372.69409,,,55696.266,,,342.40375,342.40375,342.40375,55725.629,55725.629,55725.629,156,,,23313,,,143.32126,143.32126,143.32126,23325.291,23325.291,23325.291,31.101498,139048.45,123492.9,155625.42,22614622,25998248,19467814,372.69409,,,55696.266,,,342.40375,342.40375,342.40375,55725.629,55725.629,55725.629,31.101498,,,,,,,372.69409,,,55696.266,,,342.40375,342.40375,342.40375,55725.629,55725.629,55725.629,31.101498,,,,,,,.4421156,,,66.070778,,,.40618309,.40618309,.40618309,66.105614,66.105614,66.105614,.18505803,,,27.655499,,,.17001761,.17001761,.17001761,27.67008,27.67008,27.67008,3.1068397,164.94893,146.49585,184.61369,.26803181,,,,,,,,,366.98276,119074.13,324.4679,120927.27,19620.869,18522.631,20649.99,19620.869,18522.631,20649.99,19620.869,18522.631,20649.99,19847.77,18684.051,21021.641,19847.77,18684.051,21021.641,19847.77,18684.051,21021.641,101.23,92.139999,111.49,101.23,92.139999,111.49,101.23,92.139999,111.49,99.650002,92.959999,108.85,99.650002,92.959999,108.85,99.650002,92.959999,108.85,6538850.5,6201581.5,6846417.5,6538850.5,6201581.5,6846417.5,6538850.5,6201581.5,6846417.5,6597241.5,6226961,6958251,6597241.5,6226961,6958251,6597241.5,6226961,6958251,49585.922,42237.012,56675.719,49585.922,42237.012,56675.719,49585.922,42237.012,56675.719,48366.078,43232.191,55471.93,48366.078,43232.191,55471.93,48366.078,43232.191,55471.93,3612.73,3999.3601,4445.3701,3612.73,3999.3601,4445.3701,3612.73,3999.3601,4445.3701,3617.5,3929.73,4320.3301,3617.5,3929.73,4320.3301,3617.5,3929.73,4320.3301,451.47,515.15997,582.41998,451.47,515.15997,582.41998,451.47,515.15997,582.41998,454.35001,504.26999,565.40002,454.35001,504.26999,565.40002,454.35001,504.26999,565.40002,1410.78,1551.41,1711.73,1410.78,1551.41,1711.73,1410.78,1551.41,1711.73,1419.42,1526.96,1671.35,1419.42,1526.96,1671.35,1419.42,1526.96,1671.35,128.91,147.10001,166.31,128.91,147.10001,166.31,128.91,147.10001,166.31,129.73,143.99001,161.45,129.73,143.99001,161.45,129.73,143.99001,161.45,292182.69,343173.78,392369.28,292182.69,343173.78,392369.28,292182.69,343173.78,392369.28,299176.75,334708.78,384064.75,299176.75,334708.78,384064.75,299176.75,334708.78,384064.75,1.39,1.4400001,1.48,1.39,1.4400001,1.48,1.39,1.4400001,1.48,1.39,1.4299999,1.49,1.39,1.4299999,1.49,1.39,1.4299999,1.49,1.52,1.5700001,1.62,1.52,1.5700001,1.62,1.52,1.5700001,1.62,1.52,1.5599999,1.63,1.52,1.5599999,1.63,1.52,1.5599999,1.63,.20415069,.2181499,.19671564,.20415069,.2181499,.19671564,.20415069,.2181499,.19671564,.20603283,.21502495,.19622537,.20603283,.21502495,.19622537,.20603283,.21502495,.19622537,189.98169,68157.422,358.75784,36317.059,23313,23313,23313,156,156,156,404648,404648,404648,2619,2619,2619,5.9564719,5.9564719,5.9564719,167.9077,7854.3999,46.77808,7297.3804,,,,,,,,,,,,,,,,,,,,16.788462,17.357183,,,373.09003,406.03479,,,,,489.83423,333.25998,489.83423,333.25998,489.83423,333.25998,16.788462,17.357183,,,1,,2.3890648,2.3890648,2.3890648,.64891028,.64891028,.64891028,1,,1,,53.092194,,,18.933151,18.933151,18.933151,1,,1,,2.3890648,2.3890648,2.3890648,.84162784,.84162784,.84162784,1,,1,,55.887146,,,16.159355,16.159355,16.159355,1,
15Sep2020,Iran,140,23453,280,700,46906,117265,2705,407353,5410,13525,814706,2036765,349984,1971,5.1756005,33916,149.49107,2633.875,168.70255,6686.9453,39.637489,5549.2485,,,,,,,,,,,,,,,,,,,,,,,,15772.733,17921.424,13731.478,4973.9707,5651.5649,4330.2554,1766.6609,1962.09,1581.1327,654.59631,710.81281,602.44226,334.46906,,,56030.734,,,353.10431,353.10431,353.10431,56078.734,56078.734,56078.734,140,,,23453,,,147.80023,147.80023,147.80023,23473.092,23473.092,23473.092,31.260931,141922.02,126057.8,159039.55,22756544,26157286,19593872,334.46906,,,56030.734,,,353.10431,353.10431,353.10431,56078.734,56078.734,56078.734,31.260931,,,,,,,334.46906,,,56030.734,,,353.10431,353.10431,353.10431,56078.734,56078.734,56078.734,31.260931,,,,,,,.39677042,,,66.467545,,,.41887686,.41887686,.41887686,66.52449,66.52449,66.52449,.16607772,,,27.821577,,,.17533089,.17533089,.17533089,27.845411,27.845411,27.845411,3.2088587,168.35776,149.53853,188.66374,.23567101,,,,,,,,,366.98276,119074.13,324.4679,108524.47,19723.59,18624.631,20748.1,19723.59,18624.631,20748.1,19723.59,18624.631,20748.1,19948.83,18782.91,21122.699,19948.83,18782.91,21122.699,19948.83,18782.91,21122.699,102.72,93.279999,113.44,102.72,93.279999,113.44,102.72,93.279999,113.44,101.06,93.940002,110.8,101.06,93.940002,110.8,101.06,93.940002,110.8,6591376.5,6253741.5,6900778.5,6591376.5,6253741.5,6900778.5,6591376.5,6253741.5,6900778.5,6648432.5,6275663.5,7009821.5,6648432.5,6275663.5,7009821.5,6648432.5,6275663.5,7009821.5,52525.828,44429.5,60265.762,52525.828,44429.5,60265.762,52525.828,44429.5,60265.762,51190.672,45640.102,59035.512,51190.672,45640.102,59035.512,51190.672,45640.102,59035.512,3706.1101,4116.6802,4589.9399,3706.1101,4116.6802,4589.9399,3706.1101,4116.6802,4589.9399,3702.3899,4042.48,4457.8198,3702.3899,4042.48,4457.8198,3702.3899,4042.48,4457.8198,474.14999,544.75,617.27002,474.14999,544.75,617.27002,474.14999,544.75,617.27002,479.04999,532.78998,600.70001,479.04999,532.78998,600.70001,479.04999,532.78998,600.70001,1438.03,1585.47,1754.95,1438.03,1585.47,1754.95,1438.03,1585.47,1754.95,1442.55,1559.4301,1709.25,1442.55,1559.4301,1709.25,1442.55,1559.4301,1709.25,135.39,155.55,176.27,135.39,155.55,176.27,135.39,155.55,176.27,136.78999,152.14,171.53999,136.78999,152.14,171.53999,136.78999,152.14,171.53999,307193.78,363339.03,417014.91,307193.78,363339.03,417014.91,307193.78,363339.03,417014.91,315638.53,354079.44,408535.03,315638.53,354079.44,408535.03,315638.53,354079.44,408535.03,1.39,1.4400001,1.48,1.39,1.4400001,1.48,1.39,1.4400001,1.48,1.39,1.4299999,1.49,1.39,1.4299999,1.49,1.39,1.4299999,1.49,1.52,1.5700001,1.62,1.52,1.5700001,1.62,1.52,1.5700001,1.62,1.52,1.5599999,1.63,1.52,1.5599999,1.63,1.52,1.5599999,1.63,.19556093,.2099506,.18823291,.19556093,.2099506,.18823291,.19556093,.2099506,.18823291,.19741878,.20582777,.18768366,.19741878,.20582777,.18768366,.19741878,.20582777,.18768366,189.98169,68157.422,358.75784,36851.605,23453,23453,23453,140,140,140,407353,407353,407353,2705,2705,2705,5.1756005,5.1756005,5.1756005,167.9077,7854.3999,46.77808,6548.9312,,,,,,,,,,,,,,,,,,,,19.321428,17.368908,,,424.32031,406.14395,,,,,511.34958,334.18747,511.34958,334.18747,511.34958,334.18747,19.321428,17.368908,,,1,,2.3890648,2.3890648,2.3890648,.73371428,.73371428,.73371428,1,,1,,52.466549,,,19.418051,19.418051,19.418051,1,,1,,2.3890648,2.3890648,2.3890648,.84098369,.84098369,.84098369,1,,1,,55.864433,,,16.180994,16.180994,16.180994,1,
16Sep2020,Iran,179,23632,358,895,47264,118160,2981,410334,5962,14905,820668,2051670,352019,2035,6.0046964,34683,155.54465,2747.0803,168.70255,6686.9453,39.637489,7095.1104,,,,,,,,,,,,,,,,,,,,,,,,15995.83,18170.66,13946.406,5009.8086,5690.9541,4367.9404,1796.8086,1997.1173,1610.6543,669.85449,727.72235,617.71301,427.64258,,,56458.375,,,364.70734,364.70734,364.70734,56443.441,56443.441,56443.441,179,,,23632,,,152.65697,152.65697,152.65697,23625.748,23625.748,23625.748,31.428055,144883,127993.88,162690.17,22901426,26319976,19721866,427.64258,,,56458.375,,,364.70734,364.70734,364.70734,56443.441,56443.441,56443.441,31.428055,,,,,,,427.64258,,,56458.375,,,364.70734,364.70734,364.70734,56443.441,56443.441,56443.441,31.428055,,,,,,,.5072993,,,66.974846,,,.43264118,.43264118,.43264118,66.95713,66.95713,66.95713,.21234223,,,28.033918,,,.18109229,.18109229,.18109229,28.026505,28.026505,28.026505,3.5362692,171.87027,151.83522,192.99438,.29516408,,,,,,,,,366.98276,119074.13,324.4679,138756.28,19828.27,18728.561,20848.09,19828.27,18728.561,20848.09,19828.27,18728.561,20848.09,20051.77,18883.359,21225.66,20051.77,18883.359,21225.66,20051.77,18883.359,21225.66,104.68,94.849998,115.94,104.68,94.849998,115.94,104.68,94.849998,115.94,102.94,95.269997,112.98,102.94,95.269997,112.98,102.94,95.269997,112.98,6647009,6309000.5,6958403,6647009,6309000.5,6958403,6647009,6309000.5,6958403,6702606,6327119,7064340.5,6702606,6327119,7064340.5,6702606,6327119,7064340.5,55632.93,46731.191,64072.949,55632.93,46731.191,64072.949,55632.93,46731.191,64072.949,54173.59,48149.648,62818.18,54173.59,48149.648,62818.18,54173.59,48149.648,62818.18,3810.1699,4255.7998,4761.4199,3810.1699,4255.7998,4761.4199,3810.1699,4255.7998,4761.4199,3805.8401,4176.29,4621.1699,3805.8401,4176.29,4621.1699,3805.8401,4176.29,4621.1699,498.31,576.44,654.64001,498.31,576.44,654.64001,498.31,576.44,654.64001,505.47,563.29999,638.65002,505.47,563.29999,638.65002,505.47,563.29999,638.65002,1470.1899,1626.78,1806.6899,1470.1899,1626.78,1806.6899,1470.1899,1626.78,1806.6899,1471.5,1598.9301,1755.46,1471.5,1598.9301,1755.46,1471.5,1598.9301,1755.46,142.28999,164.61,186.94,142.28999,164.61,186.94,142.28999,164.61,186.94,144.34,160.86,182.38,144.34,160.86,182.38,144.34,160.86,182.38,322970.22,384669.88,443171.34,322970.22,384669.88,443171.34,322970.22,384669.88,443171.34,332850.03,374554.44,434529.13,332850.03,374554.44,434529.13,332850.03,374554.44,434529.13,1.39,1.4400001,1.48,1.39,1.4400001,1.48,1.39,1.4400001,1.48,1.39,1.4299999,1.49,1.39,1.4299999,1.49,1.39,1.4299999,1.49,1.52,1.5700001,1.62,1.52,1.5700001,1.62,1.52,1.5700001,1.62,1.52,1.5599999,1.63,1.52,1.5599999,1.63,1.52,1.5599999,1.63,.18816194,.20296936,.18095,.18816194,.20296936,.18095,.18816194,.20296936,.18095,.19001879,.19786228,.1798524,.19001879,.19786228,.1798524,.19001879,.19786228,.1798524,189.98169,68157.422,358.75784,37554.77,23632,23632,23632,179,179,179,410334,410334,410334,2981,2981,2981,6.0046964,6.0046964,6.0046964,167.9077,7854.3999,46.77808,8373.2764,,,,,,,,,,,,,,,,,,,,16.653631,17.363491,,,338.79462,405.63382,,,,,531.45709,335.22891,531.45709,335.22891,531.45709,335.22891,16.653631,17.363491,,,1,,2.3890648,2.3890648,2.3890648,.58480448,.58480448,.58480448,1,,1,,48.602146,,,18.662506,18.662506,18.662506,1,,1,,2.3890646,2.3890646,2.3890646,.8390432,.8390432,.8390432,1,,1,,55.811672,,,16.19902,16.19902,16.19902,1,
17Sep2020,Iran,176,23808,352,880,47616,119040,2815,413149,5630,14075,826298,2065745,353848,1829,6.2522202,35493,161.07143,2864.741,168.70255,6686.9453,39.637489,6976.1982,,,,,,,,,,,,,,,,,,,,,,,,16156.179,18348.197,14092.512,5033.8105,5716.7817,4390.8301,1828.3496,2035.8064,1641.5936,685.59875,745.94476,632.70056,420.47537,,,56878.852,,,376.96417,376.96417,376.96417,56820.406,56820.406,56820.406,176,,,23808,,,157.78735,157.78735,157.78735,23783.537,23783.537,23783.537,31.604389,147929.92,130005.96,166432.42,23049356,26486410,19851872,420.47537,,,56878.852,,,376.96417,376.96417,376.96417,56820.406,56820.406,56820.406,31.604389,,,,,,,420.47537,,,56878.852,,,376.96417,376.96417,376.96417,56820.406,56820.406,56820.406,31.604389,,,,,,,.49879709,,,67.47364,,,.44718108,.44718108,.44718108,67.404312,67.404312,67.404312,.20878342,,,28.242702,,,.18717831,.18717831,.18717831,28.213682,28.213682,28.213682,3.3393483,175.48476,154.22209,197.43369,.28423956,,,,,,,,,366.98276,119074.13,324.4679,136430.77,19935.43,18834.91,20950.43,19935.43,18834.91,20950.43,19935.43,18834.91,20950.43,20157.07,18985.869,21331.01,20157.07,18985.869,21331.01,20157.07,18985.869,21331.01,107.15,96.849998,119.04,107.15,96.849998,119.04,107.15,96.849998,119.04,105.3,96.989998,115.72,105.3,96.989998,115.72,105.3,96.989998,115.72,6705925.5,6367535.5,7019477.5,6705925.5,6367535.5,7019477.5,6705925.5,6367535.5,7019477.5,6759929,6381476,7121969,6759929,6381476,7121969,6759929,6381476,7121969,58916.191,49147.43,68109.398,58916.191,49147.43,68109.398,58916.191,49147.43,68109.398,57323.25,50791.691,66832.43,57323.25,50791.691,66832.43,57323.25,50791.691,66832.43,3931.05,4416.6499,4949.77,3931.05,4416.6499,4949.77,3931.05,4416.6499,4949.77,3936.53,4331.0498,4809.6099,3936.53,4331.0498,4809.6099,3936.53,4331.0498,4809.6099,523.79999,610.20001,694.75,523.79999,610.20001,694.75,523.79999,610.20001,694.75,533.54999,595.78998,679.23999,533.54999,595.78998,679.23999,533.54999,595.78998,679.23999,1505.85,1675.45,1867.15,1505.85,1675.45,1867.15,1505.85,1675.45,1867.15,1506.28,1645.54,1813.36,1506.28,1645.54,1813.36,1506.28,1645.54,1813.36,149.58,174.25999,198.39999,149.58,174.25999,198.39999,149.58,174.25999,198.39999,152.36,170.14,193.98,152.36,170.14,193.98,152.36,170.14,193.98,339544.09,407222.91,470916.38,339544.09,407222.91,470916.38,339544.09,407222.91,470916.38,350982.34,396186.63,462127.5,350982.34,396186.63,462127.5,350982.34,396186.63,462127.5,1.39,1.4400001,1.48,1.39,1.4400001,1.48,1.39,1.4400001,1.48,1.38,1.4299999,1.49,1.38,1.4299999,1.49,1.38,1.4299999,1.49,1.52,1.5700001,1.62,1.52,1.5700001,1.62,1.52,1.5700001,1.62,1.52,1.5599999,1.63,1.52,1.5599999,1.63,1.52,1.5599999,1.63,.18186851,.19706015,.17477764,.18186851,.19706015,.17477764,.18186851,.19706015,.17477764,.18369511,.19095643,.17314948,.18369511,.19095643,.17314948,.18369511,.19095643,.17314948,189.98169,68157.422,358.75784,38440.902,23808,23808,23808,176,176,176,413149,413149,413149,2815,2815,2815,6.2522202,6.2522202,6.2522202,167.9077,7854.3999,46.77808,8232.9424,,,,,,,,,,,,,,,,,,,,15.994318,17.353369,,,351.81589,405.23596,,,,,549.84778,336.38229,549.84778,336.38229,549.84778,336.38229,15.994318,17.353369,,,1,,2.3890646,2.3890646,2.3890646,.60880685,.60880685,.60880685,1,,1,,52.550594,,,20.929375,20.929375,20.929375,1,,1,,2.3890646,2.3890646,2.3890646,.83734167,.83734167,.83734167,1,,1,,55.789452,,,16.231253,16.231253,16.231253,1,
18Sep2020,Iran,144,23952,288,720,47904,119760,3049,416198,6098,15245,832396,2080990,355505,1657,4.7228599,36741,165.54465,2981.125,168.70255,6686.9453,39.637489,5707.7983,,,,,,,,,,,,,,,,,,,,,,,,16345.022,18557.635,14265.038,5084.1484,5772.3853,4437.1655,1861.2867,2076.584,1673.9559,701.34833,761.82373,645.91174,344.0253,,,57222.875,,,389.50671,389.50671,389.50671,57209.914,57209.914,57209.914,144,,,23952,,,163.03732,163.03732,163.03732,23946.574,23946.574,23946.574,31.790785,151061.31,132349.94,170192.98,23200418,26656602,19984222,344.0253,,,57222.875,,,389.50671,389.50671,389.50671,57209.914,57209.914,57209.914,31.790785,,,,,,,344.0253,,,57222.875,,,389.50671,389.50671,389.50671,57209.914,57209.914,57209.914,31.790785,,,,,,,.40810671,,,67.881752,,,.46205992,.46205992,.46205992,67.866371,67.866371,67.866371,.1708228,,,28.413525,,,.19340619,.19340619,.19340619,28.407087,28.407087,28.407087,3.6169355,179.19942,157.00267,201.89474,.22773886,,,,,,,,,366.98276,119074.13,324.4679,111625.16,20045.58,18944.221,21055.58,20045.58,18944.221,21055.58,20045.58,18944.221,21055.58,20265.24,19090.92,21439.211,20265.24,19090.92,21439.211,20265.24,19090.92,21439.211,110.15,99.160004,122.76,110.15,99.160004,122.76,110.15,99.160004,122.76,108.17,99.129997,119.23,108.17,99.129997,119.23,108.17,99.129997,119.23,6768309.5,6429531,7084198.5,6768309.5,6429531,7084198.5,6768309.5,6429531,7084198.5,6820577,6438890.5,7182876,6820577,6438890.5,7182876,6820577,6438890.5,7182876,62384.309,51683.211,72387.023,62384.309,51683.211,72387.023,62384.309,51683.211,72387.023,60647.781,53572.301,71090.547,60647.781,53572.301,71090.547,60647.781,53572.301,71090.547,4068.45,4599.1001,5167.5801,4068.45,4599.1001,5167.5801,4068.45,4599.1001,5167.5801,4085.6201,4506.6099,5023.1299,4085.6201,4506.6099,5023.1299,4085.6201,4506.6099,5023.1299,550.70001,646.04999,738.40002,550.70001,646.04999,738.40002,550.70001,646.04999,738.40002,563.29999,630.26001,722.53003,563.29999,630.26001,722.53003,563.29999,630.26001,722.53003,1547.28,1731.5699,1935.84,1547.28,1731.5699,1935.84,1547.28,1731.5699,1935.84,1550.95,1699.36,1879.84,1550.95,1699.36,1879.84,1550.95,1699.36,1879.84,157.25999,184.5,210.88,157.25999,184.5,210.88,157.25999,184.5,210.88,160.87,179.99001,206.35001,160.87,179.99001,206.35001,160.87,179.99001,206.35001,356948.63,431057.13,500330.94,356948.63,431057.13,500330.94,356948.63,431057.13,500330.94,370076.63,419031.03,491414,370076.63,419031.03,491414,370076.63,419031.03,491414,1.39,1.4299999,1.48,1.39,1.4299999,1.48,1.39,1.4299999,1.48,1.38,1.4299999,1.49,1.38,1.4299999,1.49,1.38,1.4299999,1.49,1.52,1.5700001,1.62,1.52,1.5700001,1.62,1.52,1.5700001,1.62,1.52,1.5599999,1.63,1.52,1.5599999,1.63,1.52,1.5599999,1.63,.17656684,.19186115,.16958842,.17656684,.19186115,.16958842,.17656684,.19186115,.16958842,.17835772,.18503965,.1677157,.17835772,.18503965,.1677157,.17835772,.18503965,.1677157,189.98169,68157.422,358.75784,39517.176,23952,23952,23952,144,144,144,416198,416198,416198,3049,3049,3049,4.7228599,4.7228599,4.7228599,167.9077,7854.3999,46.77808,6736.0435,,,,,,,,,,,,,,,,,,,,21.173611,17.376335,,,439.09943,405.43958,,,,,566.35779,337.64597,566.35779,337.64597,566.35779,337.64597,21.173611,17.376335,,,1,,2.3890646,2.3890646,2.3890646,.76493055,.76493055,.76493055,1,,1,,49.544544,,,20.460581,20.460581,20.460581,1,,1,,2.3890646,2.3890646,2.3890646,.83690631,.83690631,.83690631,1,,1,,55.743702,,,16.262234,16.262234,16.262234,1,
19Sep2020,Iran,166,24118,332,830,48236,120590,2845,419043,5690,14225,838086,2095215,357632,2127,5.8347979,37293,169.57143,3094.6428,168.70255,6686.9453,39.637489,6579.8232,,,,,,,,,,,,,,,,,,,,,,,,16606.662,18849.201,14502.654,5166.2305,5863.8701,4511.686,1895.6216,2109.9932,1705.7966,716.57904,778.83411,657.2467,396.58475,,,57619.461,,,401.9151,401.9151,401.9151,57611.828,57611.828,57611.828,166,,,24118,,,168.23116,168.23116,168.23116,24114.805,24114.805,24114.805,31.98558,154275.59,135106.41,173960.56,23354694,26830562,20119328,396.58475,,,57619.461,,,401.9151,401.9151,401.9151,57611.828,57611.828,57611.828,31.98558,,,,,,,396.58475,,,57619.461,,,401.9151,401.9151,401.9151,57611.828,57611.828,57611.828,31.98558,,,,,,,.47045633,,,68.352203,,,.47677961,.47677961,.47677961,68.343147,68.343147,68.343147,.19692072,,,28.610445,,,.19956748,.19956748,.19956748,28.606655,28.606655,28.606655,3.3749366,183.01241,160.2726,206.36409,.25706252,,,,,,,,,366.98276,119074.13,324.4679,128679.02,20159.25,19057.01,21164.02,20159.25,19057.01,21164.02,20159.25,19057.01,21164.02,20376.801,19199.01,21551.891,20376.801,19199.01,21551.891,20376.801,19199.01,21551.891,113.68,101.77,127.11,113.68,101.77,127.11,113.68,101.77,127.11,111.56,101.76,123.4,111.56,101.76,123.4,111.56,101.76,123.4,6834356,6495180.5,7152772.5,6834356,6495180.5,7152772.5,6834356,6495180.5,7152772.5,6884732.5,6499526.5,7247238,6884732.5,6499526.5,7247238,6884732.5,6499526.5,7247238,66046.109,54343.449,76917.961,66046.109,54343.449,76917.961,66046.109,54343.449,76917.961,64155.391,56497.719,75604.883,64155.391,56497.719,75604.883,64155.391,56497.719,75604.883,4222.0498,4803.0298,5411.1699,4222.0498,4803.0298,5411.1699,4222.0498,4803.0298,5411.1699,4252.8701,4702.7998,5261.75,4252.8701,4702.7998,5261.75,4252.8701,4702.7998,5261.75,579.03003,684.04999,784.82001,579.03003,684.04999,784.82001,579.03003,684.04999,784.82001,594.71997,666.78003,768.59998,594.71997,666.78003,768.59998,594.71997,666.78003,768.59998,1594.5,1795.23,2011.47,1594.5,1795.23,2011.47,1594.5,1795.23,2011.47,1602.24,1760.4399,1955.04,1602.24,1760.4399,1955.04,1602.24,1760.4399,1955.04,165.36,195.36,224.14,165.36,195.36,224.14,165.36,195.36,224.14,169.84,190.42999,219.50999,169.84,190.42999,219.50999,169.84,190.42999,219.50999,375257.88,456186.69,531479.06,375257.88,456186.69,531479.06,375257.88,456186.69,531479.06,390183.63,443095.44,522278.09,390183.63,443095.44,522278.09,390183.63,443095.44,522278.09,1.05,1.16,1.24,1.05,1.16,1.24,1.05,1.16,1.24,1.0700001,1.17,1.28,1.0700001,1.17,1.28,1.0700001,1.17,1.28,1.16,1.27,1.36,1.16,1.27,1.36,1.16,1.27,1.36,1.17,1.28,1.39,1.17,1.28,1.39,1.17,1.28,1.39,.17212218,.18727188,.165254,.17212218,.18727188,.165254,.17212218,.18727188,.165254,.17389029,.18011346,.16321698,.17389029,.18011346,.16321698,.17389029,.18011346,.16321698,189.98169,68157.422,358.75784,40783.59,24118,24118,24118,166,166,166,419043,419043,419043,2845,2845,2845,5.8347979,5.8347979,5.8347979,167.9077,7854.3999,46.77808,7765.1611,,,,,,,,,,,,,,,,,,,,17.138554,17.374699,,,389.01041,405.32651,,,,,580.98267,339.01837,580.98267,339.01837,580.98267,339.01837,17.138554,17.374699,,,1,,2.3890648,2.3890648,2.3890648,.68481928,.68481928,.68481928,1,,1,,54.226921,,,23.214802,23.214802,23.214802,1,,1,,2.3890646,2.3890646,2.3890646,.83585912,.83585912,.83585912,1,,1,,55.733406,,,16.309439,16.309439,16.309439,1,
20Sep2020,Iran,183,24301,366,915,48602,121505,3097,422140,6194,15485,844280,2110700,359570,1938,5.9089441,38269,172.78572,3197.0894,168.70255,6686.9453,39.637489,7253.6606,,,,,,,,,,,,,,,,,,,,,,,,16899.414,19168.338,14769.006,5238.9897,5942.3794,4578.5415,1931.355,2152.5491,1732.3812,730.896,795.05853,667.25574,437.19882,,,58056.66,,,413.71729,413.71729,413.71729,58025.547,58025.547,58025.547,183,,,24301,,,173.17123,173.17123,173.17123,24287.977,24287.977,24287.977,32.182129,157571.36,137661.75,177728.8,23512266,27008292,20256990,437.19882,,,58056.66,,,413.71729,413.71729,413.71729,58025.547,58025.547,58025.547,32.182129,,,,,,,437.19882,,,58056.66,,,413.71729,413.71729,413.71729,58025.547,58025.547,58025.547,32.182129,,,,,,,.51863563,,,68.870842,,,.49078017,.49078017,.49078017,68.833931,68.833931,68.833931,.2170873,,,28.827534,,,.20542775,.20542775,.20542775,28.812084,28.812084,28.812084,3.6738763,186.92209,163.30392,210.83424,.27746084,,,,,,,,,366.98276,119074.13,324.4679,141856.98,20277,19173.83,21276.211,20277,19173.83,21276.211,20277,19173.83,21276.211,20492.27,19310.631,21668.93,20492.27,19310.631,21668.93,20492.27,19310.631,21668.93,117.74,104.81,131.96001,117.74,104.81,131.96001,117.74,104.81,131.96001,115.47,105.04,128.19,115.47,105.04,128.19,115.47,105.04,128.19,6903070.5,6563662,7223969,6903070.5,6563662,7223969,6903070.5,6563662,7223969,6951508,6562899,7313948.5,6951508,6562899,7313948.5,6951508,6562899,7313948.5,68714.703,56708.398,79758.078,68714.703,56708.398,79758.078,68714.703,56708.398,79758.078,66775.523,58730.469,78521.641,66775.523,58730.469,78521.641,66775.523,58730.469,78521.641,4391.5601,5028.3198,5679.7598,4391.5601,5028.3198,5679.7598,4391.5601,5028.3198,5679.7598,4438.0498,4919.4902,5531.8198,4438.0498,4919.4902,5531.8198,4438.0498,4919.4902,5531.8198,608.73999,724.04999,833.73999,608.73999,724.04999,833.73999,608.73999,724.04999,833.73999,627.07001,705.19,817.20001,627.07001,705.19,817.20001,627.07001,705.19,817.20001,1647.47,1866.51,2096.05,1647.47,1866.51,2096.05,1647.47,1866.51,2096.05,1659.99,1828.85,2039.1,1659.99,1828.85,2039.1,1659.99,1828.85,2039.1,173.85001,206.78999,238.12,173.85001,206.78999,238.12,173.85001,206.78999,238.12,179.09,201.39999,233.39999,179.09,201.39999,233.39999,179.09,201.39999,233.39999,387628.28,465884.63,537631.25,387628.28,465884.63,537631.25,387628.28,465884.63,537631.25,399523.63,453318.03,529118.81,399523.63,453318.03,529118.81,399523.63,453318.03,529118.81,1.05,1.16,1.24,1.05,1.16,1.24,1.05,1.16,1.24,1.0599999,1.17,1.28,1.0599999,1.17,1.28,1.0599999,1.17,1.28,1.16,1.27,1.36,1.16,1.27,1.36,1.16,1.27,1.36,1.17,1.28,1.39,1.17,1.28,1.39,1.17,1.28,1.39,.17134614,.18482271,.16545033,.17134614,.18482271,.16545033,.17134614,.18482271,.16545033,.17292264,.17885095,.16325437,.17292264,.17885095,.16325437,.17292264,.17885095,.16325437,189.98169,68157.422,358.75784,42240.148,24301,24301,24301,183,183,183,422140,422140,422140,3097,3097,3097,5.9089441,5.9089441,5.9089441,167.9077,7854.3999,46.77808,8560.3887,,,,,,,,,,,,,,,,,,,,16.923498,17.371302,,,360.41122,404.98825,,,,,583.61395,340.43845,583.61395,340.43845,583.61395,340.43845,16.923498,17.371302,,,1,,2.3890646,2.3890646,2.3890646,.64338797,.64338797,.64338797,1,,1,,50.878708,,,22.187506,22.187506,22.187506,1,,1,,2.3890646,2.3890646,2.3890646,.83441013,.83441013,.83441013,1,,1,,55.697792,,,16.352562,16.352562,16.352562,1,
21Sep2020,Iran,177,24478,354,885,48956,122390,3341,425481,6682,16705,850962,2127405,361523,1953,5.2978148,39480,175.65179,3285.991,168.70255,6686.9453,39.637489,7015.8354,,,,,,,,,,,,,,,,,,,,,,,,17513.559,19778.498,15317.99,5388.9829,6085.9126,4713.3989,1968.4863,2196.8894,1754.8903,743.94257,809.85162,678.5957,422.86444,,,58479.523,,,424.39322,424.39322,424.39322,58449.938,58449.938,58449.938,177,,,24478,,,177.63991,177.63991,177.63991,24465.615,24465.615,24465.615,32.366199,160946.84,140400.09,181544.16,23673212,27189836,20397390,422.86444,,,58479.523,,,424.39322,424.39322,424.39322,58449.938,58449.938,58449.938,32.366199,,,,,,,422.86444,,,58479.523,,,424.39322,424.39322,424.39322,58449.938,58449.938,58449.938,32.366199,,,,,,,.50163114,,,69.372475,,,.50344467,.50344467,.50344467,69.337372,69.337372,69.337372,.20996968,,,29.037502,,,.21072879,.21072879,.21072879,29.022812,29.022812,29.022812,3.9633262,190.92632,166.55235,215.36028,.26273546,,,,,,,,,366.98276,119074.13,324.4679,137205.94,20399.359,19295.211,21392.65,20399.359,19295.211,21392.65,20399.359,19295.211,21392.65,20612.18,19426.279,21790.4,20612.18,19426.279,21790.4,20612.18,19426.279,21790.4,122.36,108.26,137.41,122.36,108.26,137.41,122.36,108.26,137.41,119.91,108.79,133.61,119.91,108.79,133.61,119.91,108.79,133.61,6973299.5,6634010.5,7298777.5,6973299.5,6634010.5,7298777.5,6973299.5,6634010.5,7298777.5,7019873.5,6628427.5,7381723,7019873.5,6628427.5,7381723,7019873.5,6628427.5,7381723,70229.094,58609.141,80990.719,70229.094,58609.141,80990.719,70229.094,58609.141,80990.719,68365.727,60172.57,79629.828,68365.727,60172.57,79629.828,68365.727,60172.57,79629.828,4576.27,5273.8901,5971.79,4576.27,5273.8901,5971.79,4576.27,5273.8901,5971.79,4640.5,5155.6699,5828.5,4640.5,5155.6699,5828.5,4640.5,5155.6699,5828.5,639,764.06,881.90997,639,764.06,881.90997,639,764.06,881.90997,659.66998,743.72998,865.27002,659.66998,743.72998,865.27002,659.66998,743.72998,865.27002,1706.0699,1945.1801,2189.24,1706.0699,1945.1801,2189.24,1706.0699,1945.1801,2189.24,1724.0699,1904.39,2132.4299,1724.0699,1904.39,2132.4299,1724.0699,1904.39,2132.4299,182.5,218.22,251.88,182.5,218.22,251.88,182.5,218.22,251.88,188.39999,212.41,247.13,188.39999,212.41,247.13,188.39999,212.41,247.13,400348.44,475979.25,546015.06,400348.44,475979.25,546015.06,400348.44,475979.25,546015.06,409218.63,463968.59,536289.5,409218.63,463968.59,536289.5,409218.63,463968.59,536289.5,1.05,1.16,1.24,1.05,1.16,1.24,1.05,1.16,1.24,1.0599999,1.17,1.28,1.0599999,1.17,1.28,1.0599999,1.17,1.28,1.16,1.27,1.36,1.16,1.27,1.36,1.16,1.27,1.36,1.17,1.28,1.39,1.17,1.28,1.39,1.17,1.28,1.39,.17422979,.18471521,.16966142,.17422979,.18471521,.16966142,.17422979,.18471521,.16966142,.17539491,.18079667,.16778888,.17539491,.18079667,.16778888,.17539491,.18079667,.16778888,189.98169,68157.422,358.75784,43897.609,24478,24478,24478,177,177,177,425481,425481,425481,3341,3341,3341,5.2978148,5.2978148,5.2978148,167.9077,7854.3999,46.77808,8279.7197,,,,,,,,,,,,,,,,,,,,18.875706,17.382179,,,380.61096,404.81198,,,,,573.95465,341.83914,573.95465,341.83914,573.95465,341.83914,18.875706,17.382179,,,1,,2.3890646,2.3890646,2.3890646,.69129944,.69129944,.69129944,1,,1,,48.173256,,,21.020382,21.020382,21.020382,1,,1,,2.3890646,2.3890646,2.3890646,.83337528,.83337528,.83337528,1,,1,,55.638706,,,16.389215,16.389215,16.389215,1,
22Sep2020,Iran,178,24656,356,890,49312,123280,3712,429193,7424,18560,858386,2145965,363737,2214,4.7952585,40800,178.79465,3359.2678,168.70255,6686.9453,39.637489,7055.4731,,,,,,,,,,,,,,,,,,,,,,,,17841.682,20110.797,15672.098,5521.5239,6223.7549,4850.0957,2007.0134,2242.2766,1779.1615,755.35669,822.83795,689.6236,425.25351,,,58904.777,,,433.38535,433.38535,433.38535,58883.324,58883.324,58883.324,178,,,24656,,,181.40376,181.40376,181.40376,24647.02,24647.02,24647.02,32.514507,164399.45,143326.41,185368.42,23837612,27375204,20540716,425.25351,,,58904.777,,,433.38535,433.38535,433.38535,58883.324,58883.324,58883.324,32.514507,,,,,,,425.25351,,,58904.777,,,433.38535,433.38535,433.38535,58883.324,58883.324,58883.324,32.514507,,,,,,,.50446522,,,69.876938,,,.51411176,.51411176,.51411176,69.851486,69.851486,69.851486,.21115595,,,29.248659,,,.21519375,.21519375,.21519375,29.238007,29.238007,29.238007,4.4034319,195.02203,170.02373,219.8969,.25867087,,,,,,,,,366.98276,119074.13,324.4679,137981.11,20526.869,19421.711,21517.67,20526.869,19421.711,21517.67,20526.869,19421.711,21517.67,20737.039,19546.449,21916.82,20737.039,19546.449,21916.82,20737.039,19546.449,21916.82,127.51,112.12,143.53999,127.51,112.12,143.53999,127.51,112.12,143.53999,124.86,113,139.66,124.86,113,139.66,124.86,113,139.66,7044756.5,6706005,7378961,7044756.5,6706005,7378961,7044756.5,6706005,7378961,7089581,6696013.5,7450223,7089581,6696013.5,7450223,7089581,6696013.5,7450223,71456.828,60374.16,81811.844,71456.828,60374.16,81811.844,71456.828,60374.16,81811.844,69707.719,61430.121,80251.813,69707.719,61430.121,80251.813,69707.719,61430.121,80251.813,4774.4399,5536.2002,6287.1602,4774.4399,5536.2002,6287.1602,4774.4399,5536.2002,6287.1602,4858.3198,5408.1299,6144.4702,4858.3198,5408.1299,6144.4702,4858.3198,5408.1299,6144.4702,668.81,801.54999,925.09998,668.81,801.54999,925.09998,668.81,801.54999,925.09998,690.85999,780.09998,908.87,690.85999,780.09998,908.87,690.85999,780.09998,908.87,1769.85,2030.3101,2291.0701,1769.85,2030.3101,2291.0701,1769.85,2030.3101,2291.0701,1794.02,1986.2,2235.6001,1794.02,1986.2,2235.6001,1794.02,1986.2,2235.6001,191.00999,228.92999,264.22,191.00999,228.92999,264.22,191.00999,228.92999,264.22,197.31,222.8,259.59,197.31,222.8,259.59,197.31,222.8,259.59,413360.19,486419.63,554649.75,413360.19,486419.63,554649.75,413360.19,486419.63,554649.75,420944.91,474996.13,543656.19,420944.91,474996.13,543656.19,420944.91,474996.13,543656.19,1.05,1.15,1.24,1.05,1.15,1.24,1.05,1.15,1.24,1.0599999,1.17,1.27,1.0599999,1.17,1.27,1.0599999,1.17,1.27,1.16,1.27,1.36,1.16,1.27,1.36,1.16,1.27,1.36,1.17,1.28,1.39,1.17,1.28,1.39,1.17,1.28,1.39,.17844342,.1857086,.17545137,.17844342,.1857086,.17545137,.17844342,.1857086,.17545137,.17911933,.18394884,.17402722,.17911933,.18394884,.17402722,.17911933,.18394884,.17402722,189.98169,68157.422,358.75784,45745.215,24656,24656,24656,178,178,178,429193,429193,429193,3712,3712,3712,4.7952585,4.7952585,4.7952585,167.9077,7854.3999,46.77808,8326.498,,,,,,,,,,,,,,,,,,,,20.853933,17.407244,,,386.59164,404.68045,,,,,560.40173,343.19684,560.40173,343.19684,560.40173,343.19684,20.853933,17.407244,,,1,,2.3890646,2.3890646,2.3890646,.71634835,.71634835,.71634835,1,,1,,44.288647,,,19.250223,19.250223,19.250223,1,,1,,2.3890646,2.3890646,2.3890646,.83253038,.83253038,.83253038,1,,1,,55.540543,,,16.41396,16.41396,16.41396,1,
23Sep2020,Iran,184,24840,368,920,49680,124200,3605,432798,7210,18025,865596,2163990,365846,2109,5.104022,42112,181.53572,3413.875,168.70255,6686.9453,39.637489,7293.2979,,,,,,,,,,,,,,,,,,,,,,,,18456.707,20847.281,16224.612,5699.0605,6437.2222,5009.8345,2046.9325,2288.6401,1814.8641,764.91925,834.02838,699.05396,439.58789,,,59344.367,,,440.21426,440.21426,440.21426,59323.539,59323.539,59323.539,184,,,24840,,,184.26218,184.26218,184.26218,24831.281,24831.281,24831.281,32.596386,167925.72,146439.67,189215.69,24005538,27564420,20687156,439.58789,,,59344.367,,,440.21426,440.21426,440.21426,59323.539,59323.539,59323.539,32.596386,,,,,,,439.58789,,,59344.367,,,440.21426,440.21426,440.21426,59323.539,59323.539,59323.539,32.596386,,,,,,,.52146965,,,70.398407,,,.52221274,.52221274,.52221274,70.373695,70.373695,70.373695,.21827358,,,29.466932,,,.2185846,.2185846,.2185846,29.456591,29.456591,29.456591,4.2765012,199.20515,173.7169,224.46078,.2617752,,,,,,,,,366.98276,119074.13,324.4679,142632.16,20660.051,19553.84,21654.6,20660.051,19553.84,21654.6,20660.051,19553.84,21654.6,20867.35,19671.609,22048.631,20867.35,19671.609,22048.631,20867.35,19671.609,22048.631,133.17999,116.38,150.28999,133.17999,116.38,150.28999,133.17999,116.38,150.28999,130.31,117.65,146.44,130.31,117.65,146.44,130.31,117.65,146.44,7117478.5,6779701.5,7460143.5,7117478.5,6779701.5,7460143.5,7117478.5,6779701.5,7460143.5,7160674.5,6764528,7519464.5,7160674.5,6764528,7519464.5,7160674.5,6764528,7519464.5,72722.133,62193.84,82650.047,72722.133,62193.84,82650.047,72722.133,62193.84,82650.047,71093.188,63602.211,80885.961,71093.188,63602.211,80885.961,71093.188,63602.211,80885.961,4983.6001,5809.9502,6615.3799,4983.6001,5809.9502,6615.3799,4983.6001,5809.9502,6615.3799,5088.7798,5672.04,6471.71,5088.7798,5672.04,6471.71,5088.7798,5672.04,6471.71,697.67999,835.28998,961.28998,697.67999,835.28998,961.28998,697.67999,835.28998,961.28998,719.19,813.20001,946.13,719.19,813.20001,946.13,719.19,813.20001,946.13,1838.13,2120.4299,2399.75,1838.13,2120.4299,2399.75,1838.13,2120.4299,2399.75,1869.08,2072.97,2343.99,1869.08,2072.97,2343.99,1869.08,2072.97,2343.99,199.25999,238.57001,274.56,199.25999,238.57001,274.56,199.25999,238.57001,274.56,205.41,232.25999,270.23999,205.41,232.25999,270.23999,205.41,232.25999,270.23999,426809.44,497127.72,563439.63,426809.44,497127.72,563439.63,426809.44,497127.72,563439.63,437450.41,486328.25,551131.25,437450.41,486328.25,551131.25,437450.41,486328.25,551131.25,1.05,1.15,1.24,1.05,1.15,1.24,1.05,1.15,1.24,1.0599999,1.17,1.27,1.0599999,1.17,1.27,1.0599999,1.17,1.27,1.16,1.27,1.36,1.16,1.27,1.36,1.16,1.27,1.36,1.17,1.28,1.39,1.17,1.28,1.39,1.17,1.28,1.39,.18313543,.18712464,.18183897,.18313543,.18712464,.18183897,.18313543,.18712464,.18183897,.18329464,.18497784,.18104501,.18329464,.18497784,.18104501,.18329464,.18497784,.18104501,189.98169,68157.422,358.75784,47779.367,24840,24840,24840,184,184,184,432798,432798,432798,3605,3605,3605,5.104022,5.104022,5.104022,167.9077,7854.3999,46.77808,8607.167,,,,,,,,,,,,,,,,,,,,19.592392,17.423429,,,382.00714,404.51248,,,,,546.04401,344.50439,546.04401,344.50439,546.04401,344.50439,19.592392,17.423429,,,1,,2.3890646,2.3890646,2.3890646,.7238043,.7238043,.7238043,1,,1,,46.581337,,,20.172575,20.172575,20.172575,1,,1,,2.3890648,2.3890648,2.3890648,.83172506,.83172506,.83172506,1,,1,,55.465916,,,16.445267,16.445267,16.445267,1,
24Sep2020,Iran,175,25015,350,875,50030,125075,3521,436319,7042,17605,872638,2181595,367829,1983,4.9701791,43475,184.09822,3452.1875,168.70255,6686.9453,39.637489,6936.5605,,,,,,,,,,,,,,,,,,,,,,,,19086.961,21603.926,16792.121,5896.1357,6673.6494,5187.2388,2088.2366,2335.9038,1852.6663,773.32037,844.08997,705.37488,418.0863,,,59762.453,,,445.0867,445.0867,445.0867,59768.625,59768.625,59768.625,175,,,25015,,,186.30165,186.30165,186.30165,25017.584,25017.584,25017.584,32.580147,171521.84,149738.31,193044.92,24177058,27757464,20836894,418.0863,,,59762.453,,,445.0867,445.0867,445.0867,59768.625,59768.625,59768.625,32.580147,,,,,,,418.0863,,,59762.453,,,445.0867,445.0867,445.0867,59768.625,59768.625,59768.625,32.580147,,,,,,,.49596301,,,70.894371,,,.52799273,.52799273,.52799273,70.901695,70.901695,70.901695,.20759715,,,29.67453,,,.22100396,.22100396,.22100396,29.677595,29.677595,29.677595,4.1768546,203.47113,177.62999,229.00328,.24375105,,,,,,,,,366.98276,119074.13,324.4679,135655.58,20799.32,19692.051,21797.98,20799.32,19692.051,21797.98,20799.32,19692.051,21797.98,21003.529,19802.199,22186.26,21003.529,19802.199,22186.26,21003.529,19802.199,22186.26,139.28,120.99,157.50999,139.28,120.99,157.50999,139.28,120.99,157.50999,136.17999,122.71,153.78,136.17999,122.71,153.78,136.17999,122.71,153.78,7191583,6855220,7539016.5,7191583,6855220,7539016.5,7191583,6855220,7539016.5,7233268,6834873.5,7589552,7233268,6834873.5,7589552,7233268,6834873.5,7589552,74104.461,64114.121,83756.102,74104.461,64114.121,83756.102,74104.461,64114.121,83756.102,72593.344,65881.922,81657.43,72593.344,65881.922,81657.43,72593.344,65881.922,81657.43,5201.1899,6089.5698,6944.8799,5201.1899,6089.5698,6944.8799,5201.1899,6089.5698,6944.8799,5322.96,5942.4102,6801.7998,5322.96,5942.4102,6801.7998,5322.96,5942.4102,6801.7998,725.60999,865.33002,993.89001,725.60999,865.33002,993.89001,725.60999,865.33002,993.89001,744.96002,843.09003,977.10999,744.96002,843.09003,977.10999,744.96002,843.09003,977.10999,1910.1899,2213.96,2510.8201,1910.1899,2213.96,2510.8201,1910.1899,2213.96,2510.8201,1948.46,2163.25,2455.21,1948.46,2163.25,2455.21,1948.46,2163.25,2455.21,207.24001,247.16,283.88,207.24001,247.16,283.88,207.24001,247.16,283.88,212.77,240.8,279.09,212.77,240.8,279.09,212.77,240.8,279.09,440665.84,508052.06,573621.81,440665.84,508052.06,573621.81,440665.84,508052.06,573621.81,452786.84,497917.69,558764.5,452786.84,497917.69,558764.5,452786.84,497917.69,558764.5,1.05,1.15,1.24,1.05,1.15,1.24,1.05,1.15,1.24,1.0599999,1.17,1.27,1.0599999,1.17,1.27,1.0599999,1.17,1.27,1.16,1.27,1.36,1.16,1.27,1.36,1.16,1.27,1.36,1.17,1.28,1.39,1.17,1.28,1.39,1.17,1.28,1.39,.18795089,.18871038,.18805793,.18795089,.18871038,.18805793,.18795089,.18871038,.18805793,.18759295,.18625747,.18832333,.18759295,.18625747,.18832333,.18759295,.18625747,.18832333,189.98169,68157.422,358.75784,49967.793,25015,25015,25015,175,175,175,436319,436319,436319,3521,3521,3521,4.9701791,4.9701791,4.9701791,167.9077,7854.3999,46.77808,8186.1641,,,,,,,,,,,,,,,,,,,,20.120001,17.442295,,,410.25464,404.55264,,,,,532.05383,345.76047,532.05383,345.76047,532.05383,345.76047,20.120001,17.442295,,,1,,2.3890646,2.3890646,2.3890646,.79588568,.79588568,.79588568,1,,1,,48.713959,,,21.046425,21.046425,21.046425,1,,1,,2.3890648,2.3890648,2.3890648,.83147395,.83147395,.83147395,1,,1,,55.411427,,,16.482397,16.482397,16.482397,1,
25Sep2020,Iran,207,25222,414,1035,50444,126110,3563,439882,7126,17815,879764,2199410,369842,2013,5.809711,44818,186.63393,3477.759,168.70255,6686.9453,39.637489,8204.96,,,,,,,,,,,,,,,,,,,,,,,,19450.816,22031.096,17123.412,6089.4268,6897.229,5360.791,2130.9146,2384.9563,1892.526,781.72125,854.02972,710.49872,494.53638,,,60256.988,,,448.53711,448.53711,448.53711,60217.16,60217.16,60217.16,207,,,25222,,,187.7459,187.7459,187.7459,25205.33,25205.33,25205.33,32.444336,175183.98,153220.25,196784.09,24352242,27954248,20990116,494.53638,,,60256.988,,,448.53711,448.53711,448.53711,60217.16,60217.16,60217.16,32.444336,,,,,,,494.53638,,,60256.988,,,448.53711,448.53711,448.53711,60217.16,60217.16,60217.16,32.444336,,,,,,,.58665341,,,71.481026,,,.53208584,.53208584,.53208584,71.433777,71.433777,71.433777,.24555777,,,29.920088,,,.22271723,.22271723,.22271723,29.900312,29.900312,29.900312,4.2266779,207.8154,181.7605,233.43896,.28229544,,,,,,,,,366.98276,119074.13,324.4679,160461.17,20945.061,19836.73,21947.99,20945.061,19836.73,21947.99,20945.061,19836.73,21947.99,21145.939,19938.6,22330,21145.939,19938.6,22330,21145.939,19938.6,22330,145.73,125.93,165.25,145.73,125.93,165.25,145.73,125.93,165.25,142.41,128.13,161.5,142.41,128.13,161.5,142.41,128.13,161.5,7267177.5,6932672,7611786,7267177.5,6932672,7611786,7267177.5,6932672,7611786,7307467.5,6907526,7660581.5,7307467.5,6907526,7660581.5,7307467.5,6907526,7660581.5,75594.547,66039.313,85230.938,75594.547,66039.313,85230.938,75594.547,66039.313,85230.938,74199.648,67891.492,82759.461,74199.648,67891.492,82759.461,74199.648,67891.492,82759.461,5425.0601,6370.3501,7267.9399,5425.0601,6370.3501,7267.9399,5425.0601,6370.3501,7267.9399,5556.5601,6214.96,7127.5698,5556.5601,6214.96,7127.5698,5556.5601,6214.96,7127.5698,752.47998,892.37,1021.66,752.47998,892.37,1021.66,752.47998,892.37,1021.66,768.79999,870.38,1002.87,768.79999,870.38,1002.87,768.79999,870.38,1002.87,1985.4,2309.5,2621.98,1985.4,2309.5,2621.98,1985.4,2309.5,2621.98,2027.67,2255.79,2567.1101,2027.67,2255.79,2567.1101,2027.67,2255.79,2567.1101,214.92,254.88,291.81,214.92,254.88,291.81,214.92,254.88,291.81,219.58,248.60001,286.45001,219.58,248.60001,286.45001,219.58,248.60001,286.45001,454182.5,519163.09,584915.13,454182.5,519163.09,584915.13,454182.5,519163.09,584915.13,467019.59,509738.09,567779.81,467019.59,509738.09,567779.81,467019.59,509738.09,567779.81,1.05,1.15,1.24,1.05,1.15,1.24,1.05,1.15,1.24,1.0599999,1.17,1.27,1.0599999,1.17,1.27,1.0599999,1.17,1.27,1.16,1.27,1.36,1.16,1.27,1.36,1.16,1.27,1.36,1.17,1.28,1.39,1.17,1.28,1.39,1.17,1.28,1.39,.19277845,.19068944,.193885,.19277845,.19068944,.193885,.19277845,.19068944,.193885,.19192813,.18872763,.19514385,.19192813,.18872763,.19514385,.19192813,.18872763,.19514385,189.98169,68157.422,358.75784,52281.777,25222,25222,25222,207,207,207,439882,439882,439882,3563,3563,3563,5.809711,5.809711,5.809711,167.9077,7854.3999,46.77808,9683.0625,,,,,,,,,,,,,,,,,,,,17.212561,17.440409,,,354.23883,404.13971,,,,,518.73016,346.96378,518.73016,346.96378,518.73016,346.96378,17.212561,17.440409,,,1,,2.3890646,2.3890646,2.3890646,.70400965,.70400965,.70400965,1,,1,,49.167553,,,21.216545,21.216545,21.216545,1,,1,,2.3890646,2.3890646,2.3890646,.83042824,.83042824,.83042824,1,,1,,55.360851,,,16.520742,16.520742,16.520742,1,
26Sep2020,Iran,172,25394,344,860,50788,126970,3204,443086,6408,16020,886172,2215430,372051,2209,5.3682895,45641,188.72322,3493.7412,168.70255,6686.9453,39.637489,6817.6479,,,,,,,,,,,,,,,,,,,,,,,,20152.82,22807.475,17728.365,6344.3076,7180.019,5581.0654,2174.9519,2437.2776,1931.8331,791.28741,866.12061,716.10938,410.91913,,,60667.906,,,451.13736,451.13736,451.13736,60668.301,60668.301,60668.301,172,,,25394,,,188.8343,188.8343,188.8343,25394.164,25394.164,25394.164,32.191555,178908.52,157005.47,200487.55,24531152,28154736,21147120,410.91913,,,60667.906,,,451.13736,451.13736,451.13736,60668.301,60668.301,60668.301,32.191555,,,,,,,410.91913,,,60667.906,,,451.13736,451.13736,451.13736,60668.301,60668.301,60668.301,32.191555,,,,,,,.48746079,,,71.968483,,,.53517044,.53517044,.53517044,71.968948,71.968948,71.968948,.20403834,,,30.124126,,,.22400837,.22400837,.22400837,30.124319,30.124319,30.124319,3.8008072,212.23369,186.25079,237.83224,.22968115,,,,,,,,,366.98276,119074.13,324.4679,133330.06,21097.5,19988.189,22104.859,21097.5,19988.189,22104.859,21097.5,19988.189,22104.859,21294.83,20081.15,22480.039,21294.83,20081.15,22480.039,21294.83,20081.15,22480.039,152.45,131.13,173.17999,152.45,131.13,173.17999,152.45,131.13,173.17999,148.89,133.86,169.44,148.89,133.86,169.44,148.89,133.86,169.44,7344341,7012142.5,7684860,7344341,7012142.5,7684860,7344341,7012142.5,7684860,7383353.5,6982580,7732618,7383353.5,6982580,7732618,7383353.5,6982580,7732618,77163.273,67954.102,86792.641,77163.273,67954.102,86792.641,77163.273,67954.102,86792.641,75885.891,69714.672,83971.344,75885.891,69714.672,83971.344,75885.891,69714.672,83971.344,5653.6201,6648.79,7578.8999,5653.6201,6648.79,7578.8999,5653.6201,6648.79,7578.8999,5791.4902,6486.54,7443.73,5791.4902,6486.54,7443.73,5791.4902,6486.54,7443.73,779.39001,917.23999,1045.72,779.39001,917.23999,1045.72,779.39001,917.23999,1045.72,794.15997,895.84998,1024.73,794.15997,895.84998,1024.73,794.15997,895.84998,1024.73,2063.27,2405.96,2731.46,2063.27,2405.96,2731.46,2063.27,2405.96,2731.46,2108.23,2349.6101,2678.05,2108.23,2349.6101,2678.05,2108.23,2349.6101,2678.05,222.61,261.98001,298.67999,222.61,261.98001,298.67999,222.61,261.98001,298.67999,226.82001,255.87,292.69,226.82001,255.87,292.69,226.82001,255.87,292.69,467608.16,530445.31,596313.13,467608.16,530445.31,596313.13,467608.16,530445.31,596313.13,479555.09,521776.38,576828.31,479555.09,521776.38,576828.31,479555.09,521776.38,576828.31,1.04,1.15,1.24,1.04,1.15,1.24,1.04,1.15,1.24,1.0599999,1.16,1.27,1.0599999,1.16,1.27,1.0599999,1.16,1.27,1.16,1.27,1.36,1.16,1.27,1.36,1.16,1.27,1.36,1.17,1.28,1.39,1.17,1.28,1.39,1.17,1.28,1.39,.19756807,.19296849,.19953305,.19756807,.19296849,.19953305,.19756807,.19296849,.19953305,.19620249,.19201124,.20178312,.19620249,.19201124,.20178312,.19620249,.19201124,.20178312,189.98169,68157.422,358.75784,54692.633,25394,25394,25394,172,172,172,443086,443086,443086,3204,3204,3204,5.3682895,5.3682895,5.3682895,167.9077,7854.3999,46.77808,8045.8296,,,,,,,,,,,,,,,,,,,,18.627907,17.448452,,,435.3862,404.35138,,,,,506.15463,348.11429,506.15463,348.11429,506.15463,348.11429,18.627907,17.448452,,,1,,2.3890648,2.3890648,2.3890648,.88633722,.88633722,.88633722,1,,1,,55.839111,,,24.083418,24.083418,24.083418,1,,1,,2.3890646,2.3890646,2.3890646,.83080649,.83080649,.83080649,1,,1,,55.364311,,,16.57543,16.57543,16.57543,1,
27Sep2020,Iran,195,25589,390,975,51178,127945,3362,446448,6724,16810,892896,2232240,374170,2119,5.8001189,46689,190.47322,3508.1965,168.70255,6686.9453,39.637489,7729.3105,,,,,,,,,,,,,,,,,,,,,,,,20604.309,23351.512,18133.461,6590.6006,7469.335,5800.2627,2220.3289,2493.2234,1961.5033,802.61206,880.10681,724.23267,465.86761,,,61133.777,,,453.48123,453.48123,453.48123,61121.781,61121.781,61121.781,195,,,25589,,,189.81538,189.81538,189.81538,25583.979,25583.979,25583.979,31.861248,182692.02,161127.19,205275.22,24713844,28360012,21308248,465.86761,,,61133.777,,,453.48123,453.48123,453.48123,61121.781,61121.781,61121.781,31.861248,,,,,,,465.86761,,,61133.777,,,453.48123,453.48123,453.48123,61121.781,61121.781,61121.781,31.861248,,,,,,,.55264449,,,72.521126,,,.53795093,.53795093,.53795093,72.506897,72.506897,72.506897,.23132254,,,30.355448,,,.22517218,.22517218,.22517218,30.349493,30.349493,30.349493,3.9882379,216.72195,191.14024,243.51172,.25500163,,,,,,,,,366.98276,119074.13,324.4679,151159.08,21256.83,20146.631,22268.961,21256.83,20146.631,22268.961,21256.83,20146.631,22268.961,21450.391,20230.119,22636.471,21450.391,20230.119,22636.471,21450.391,20230.119,22636.471,159.32001,136.57001,181.16,159.32001,136.57001,181.16,159.32001,136.57001,181.16,155.56,139.57001,177.47,155.56,139.57001,177.47,155.56,139.57001,177.47,7423126.5,7093325.5,7758279.5,7423126.5,7093325.5,7758279.5,7423126.5,7093325.5,7758279.5,7460983,7060116,7805699,7460983,7060116,7805699,7460983,7060116,7805699,78785.711,69933.844,88407.727,78785.711,69933.844,88407.727,78785.711,69933.844,88407.727,77629.789,71322.758,85342.203,77629.789,71322.758,85342.203,77629.789,71322.758,85342.203,5885.8398,6922.6401,7874.1401,5885.8398,6922.6401,7874.1401,5885.8398,6922.6401,7874.1401,6022.6299,6755.1201,7746.8999,6022.6299,6755.1201,7746.8999,6022.6299,6755.1201,7746.8999,806.33002,940.71997,1067.23,806.33002,940.71997,1067.23,806.33002,940.71997,1067.23,826.25,920.19,1043.88,826.25,920.19,1043.88,826.25,920.19,1043.88,2143.4399,2502.5601,2837.99,2143.4399,2502.5601,2837.99,2143.4399,2502.5601,2837.99,2190.01,2444,2786.8601,2190.01,2444,2786.8601,2190.01,2444,2786.8601,230.3,268.69,304.82001,230.3,268.69,304.82001,230.3,268.69,304.82001,235.99001,262.82001,298.16,235.99001,262.82001,298.16,235.99001,262.82001,298.16,481371.78,541890.94,607803,481371.78,541890.94,607803,481371.78,541890.94,607803,490414.69,534026.75,586774.31,490414.69,534026.75,586774.31,490414.69,534026.75,586774.31,1.04,1.15,1.24,1.04,1.15,1.24,1.04,1.15,1.24,1.0599999,1.16,1.27,1.0599999,1.16,1.27,1.0599999,1.16,1.27,1.16,1.27,1.36,1.16,1.27,1.36,1.16,1.27,1.36,1.17,1.28,1.39,1.17,1.28,1.39,1.17,1.28,1.39,.20221943,.19528458,.20491423,.20221943,.19528458,.20491423,.20221943,.19528458,.20491423,.20038699,.1956879,.20795104,.20038699,.1956879,.20795104,.20038699,.1956879,.20795104,189.98169,68157.422,358.75784,57157.301,25589,25589,25589,195,195,195,446448,446448,446448,3362,3362,3362,5.8001189,5.8001189,5.8001189,167.9077,7854.3999,46.77808,9121.7256,,,,,,,,,,,,,,,,,,,,17.241026,17.446871,,,392.15436,404.25842,,,,,494.51236,349.21136,494.51236,349.21136,494.51236,349.21136,17.241026,17.446871,,,1,,2.3890648,2.3890648,2.3890648,.81702566,.81702566,.81702566,1,,1,,54.340279,,,23.434179,23.434179,23.434179,1,,1,,2.3890648,2.3890648,2.3890648,.83070189,.83070189,.83070189,1,,1,,55.356602,,,16.627079,16.627079,16.627079,1,
28Sep2020,Iran,190,25779,380,950,51558,128895,3512,449960,7024,17560,899920,2249800,376531,2361,5.4100227,47650,192.09822,3527.3394,168.70255,6686.9453,39.637489,7531.123,,,,,,,,,,,,,,,,,,,,,,,,21469.402,24300.559,18919.662,6918.1636,7830.457,6096.5518,2267.0229,2550.5732,1992.3385,816.01434,896.07294,737.07983,453.92227,,,61587.699,,,456.17688,456.17688,456.17688,61577.957,61577.957,61577.957,190,,,25779,,,190.94371,190.94371,190.94371,25774.924,25774.924,25774.924,31.536751,186530.72,164911.22,210118.09,24900374,28570130,21473158,453.92227,,,61587.699,,,456.17688,456.17688,456.17688,61577.957,61577.957,61577.957,31.536751,,,,,,,453.92227,,,61587.699,,,456.17688,456.17688,456.17688,61577.957,61577.957,61577.957,31.536751,,,,,,,.53847414,,,73.059601,,,.54114866,.54114866,.54114866,73.04805,73.04805,73.04805,.22539119,,,30.580839,,,.22651069,.22651069,.22651069,30.576002,30.576002,30.576002,4.1661782,221.2757,195.62912,249.25667,.24334988,,,,,,,,,366.98276,119074.13,324.4679,147283.2,21423.109,20312.23,22440.779,21423.109,20312.23,22440.779,21423.109,20312.23,22440.779,21612.721,20385.74,22799.311,21612.721,20385.74,22799.311,21612.721,20385.74,22799.311,166.28,142.2,189.06,166.28,142.2,189.06,166.28,142.2,189.06,162.33,145.39999,185.46001,162.33,145.39999,185.46001,162.33,145.39999,185.46001,7503572.5,7173037,7832061.5,7503572.5,7173037,7832061.5,7503572.5,7173037,7832061.5,7540400.5,7140208.5,7879844,7540400.5,7140208.5,7879844,7540400.5,7140208.5,7879844,80446.031,71851.938,90022.727,80446.031,71851.938,90022.727,80446.031,71851.938,90022.727,79417.289,71911.07,87527.18,79417.289,71911.07,87527.18,79417.289,71911.07,87527.18,6121.1299,7190.6602,8175.0098,6121.1299,7190.6602,8175.0098,6121.1299,7190.6602,8175.0098,6248.79,7019.5801,8035.27,6248.79,7019.5801,8035.27,6248.79,7019.5801,8035.27,833.46997,963.40002,1088.38,833.46997,963.40002,1088.38,833.46997,963.40002,1088.38,856.91998,943.92999,1061.23,856.91998,943.92999,1061.23,856.91998,943.92999,1061.23,2225.6899,2598.79,2941.76,2225.6899,2598.79,2941.76,2225.6899,2598.79,2941.76,2271.3201,2538.5,2892.77,2271.3201,2538.5,2892.77,2271.3201,2538.5,2892.77,238.05,275.16,310.85999,238.05,275.16,310.85999,238.05,275.16,310.85999,244.75,269.60001,303.10001,244.75,269.60001,303.10001,244.75,269.60001,303.10001,494657.41,553496,619213.56,494657.41,553496,619213.56,494657.41,553496,619213.56,494694.72,546486.75,602552.31,494694.72,546486.75,602552.31,494694.72,546486.75,602552.31,1.04,1.15,1.23,1.04,1.15,1.23,1.04,1.15,1.23,1.0599999,1.16,1.27,1.0599999,1.16,1.27,1.0599999,1.16,1.27,1.16,1.27,1.36,1.16,1.27,1.36,1.16,1.27,1.36,1.17,1.28,1.39,1.17,1.28,1.39,1.17,1.28,1.39,.20669758,.19790697,.21001363,.20669758,.19790697,.21001363,.20669758,.19790697,.21001363,.20440134,.20219417,.21188848,.20440134,.20219417,.21188848,.20440134,.20219417,.21188848,189.98169,68157.422,358.75784,59654.254,25779,25779,25779,190,190,190,449960,449960,449960,3512,3512,3512,5.4100227,5.4100227,5.4100227,167.9077,7854.3999,46.77808,8887.835,,,,,,,,,,,,,,,,,,,,18.484211,17.454517,,,410.93097,404.30759,,,,,483.79861,350.25598,483.79861,350.25598,483.79861,350.25598,18.484211,17.454517,,,1,,2.3890646,2.3890646,2.3890646,.87515789,.87515789,.87515789,1,,1,,53.112392,,,22.906046,22.906046,22.906046,1,,1,,2.3890648,2.3890648,2.3890648,.83102947,.83102947,.83102947,1,,1,,55.339085,,,16.676088,16.676088,16.676088,1,
29Sep2020,Iran,207,25986,414,1035,51972,129930,3677,453637,7354,18385,907274,2268185,378727,2196,5.6295896,48924,193.46428,3551.5894,168.70255,6686.9453,39.637489,8204.96,,,,,,,,,,,,,,,,,,,,,,,,22233.074,25134.375,19589.863,7290.0728,8241.3887,6423.3818,2315.0112,2608.2039,2028.2599,831.79803,914.27832,749.67993,494.53638,,,62082.234,,,459.84772,459.84772,459.84772,62037.805,62037.805,62037.805,207,,,25986,,,192.48024,192.48024,192.48024,25967.402,25967.402,25967.402,31.342648,190420.52,168660.2,214946.75,25090794,28785076,21641820,494.53638,,,62082.234,,,459.84772,459.84772,459.84772,62037.805,62037.805,62037.805,31.342648,,,,,,,494.53638,,,62082.234,,,459.84772,459.84772,459.84772,62037.805,62037.805,62037.805,31.342648,,,,,,,.58665341,,,73.646255,,,.54550332,.54550332,.54550332,73.593552,73.593552,73.593552,.24555777,,,30.826397,,,.22833341,.22833341,.22833341,30.804337,30.804337,30.804337,4.3619127,225.89003,200.07643,254.98476,.25970751,,,,,,,,,366.98276,119074.13,324.4679,160461.17,21596.359,20485.061,22619.561,21596.359,20485.061,22619.561,21596.359,20485.061,22619.561,21781.869,20548.221,22968.471,21781.869,20548.221,22968.471,21781.869,20548.221,22968.471,173.25999,147.99001,196.75999,173.25999,147.99001,196.75999,173.25999,147.99001,196.75999,169.14999,151.31,193.32001,169.14999,151.31,193.32001,169.14999,151.31,193.32001,7585708.5,7249809.5,7910723,7585708.5,7249809.5,7910723,7585708.5,7249809.5,7910723,7621641.5,7222929,7955063.5,7621641.5,7222929,7955063.5,7621641.5,7222929,7955063.5,82135.75,72896.859,91499.133,82135.75,72896.859,91499.133,82135.75,72896.859,91499.133,81240.938,72324.68,89938.453,81240.938,72324.68,89938.453,81240.938,72324.68,89938.453,6359.27,7452.3901,8462.2197,6359.27,7452.3901,8462.2197,6359.27,7452.3901,8462.2197,6472.3101,7279.5,8308.21,6472.3101,7279.5,8308.21,6472.3101,7279.5,8308.21,860.26001,985.67999,1111.4301,860.26001,985.67999,1111.4301,860.26001,985.67999,1111.4301,884.47998,967.42999,1079.4301,884.47998,967.42999,1079.4301,884.47998,967.42999,1079.4301,2309.8601,2694.3501,3048.8701,2309.8601,2694.3501,3048.8701,2309.8601,2694.3501,3048.8701,2351.8899,2632.8501,2995.3401,2351.8899,2632.8501,2995.3401,2351.8899,2632.8501,2995.3401,245.7,281.51999,317.44,245.7,281.51999,317.44,245.7,281.51999,317.44,252.62,276.31,308.29999,252.62,276.31,308.29999,252.62,276.31,308.29999,501800.47,565258.13,629466.13,501800.47,565258.13,629466.13,501800.47,565258.13,629466.13,497776.09,559155.63,618993.5,497776.09,559155.63,618993.5,497776.09,559155.63,618993.5,1.04,1.15,1.23,1.04,1.15,1.23,1.04,1.15,1.23,1.05,1.16,1.26,1.05,1.16,1.26,1.05,1.16,1.26,1.16,1.27,1.36,1.16,1.27,1.36,1.16,1.27,1.36,1.17,1.28,1.39,1.17,1.28,1.39,1.17,1.28,1.39,.21094346,.20301287,.21504028,.21094346,.20301287,.21504028,.21094346,.20301287,.21504028,.20820783,.20920935,.214947,.20820783,.20920935,.214947,.20820783,.20920935,.214947,189.98169,68157.422,358.75784,62158.383,25986,25986,25986,207,207,207,453637,453637,453637,3677,3677,3677,5.6295896,5.6295896,5.6295896,167.9077,7854.3999,46.77808,9683.0625,,,,,,,,,,,,,,,,,,,,17.763285,17.456976,,,385.04855,404.15417,,,,,474.06067,351.24942,474.06067,351.24942,474.06067,351.24942,17.763285,17.456976,,,1,,2.3890646,2.3890646,2.3890646,.83700478,.83700478,.83700478,1,,1,,51.786922,,,22.337708,22.337708,22.337708,1,,1,,2.3890646,2.3890646,2.3890646,.83107668,.83107668,.83107668,1,,1,,55.310291,,,16.721979,16.721979,16.721979,1,
30Sep2020,Iran,183,26169,366,915,52338,130845,3582,457219,7164,17910,914438,2286095,380956,2229,5.1088777,50094,195.22321,3586.9019,168.70255,6686.9453,39.637489,7253.6606,,,,,,,,,,,,,,,,,,,,,,,,22734.01,25708.662,20020.572,7599.0435,8593.3467,6692.0527,2364.27,2665.9417,2070.5027,850.19128,934.88867,764.84351,437.19882,,,62519.434,,,465.07587,465.07587,465.07587,62502.879,62502.879,62502.879,183,,,26169,,,194.66861,194.66861,194.66861,26162.072,26162.072,26162.072,31.429857,194357.02,172055.81,219491.86,25285152,29004568,21813874,437.19882,,,62519.434,,,465.07587,465.07587,465.07587,62502.879,62502.879,62502.879,31.429857,,,,,,,437.19882,,,62519.434,,,465.07587,465.07587,465.07587,62502.879,62502.879,62502.879,31.429857,,,,,,,.51863563,,,74.164894,,,.5517053,.5517053,.5517053,74.145256,74.145256,74.145256,.2170873,,,31.043484,,,.2309294,.2309294,.2309294,31.035265,31.035265,31.035265,4.249217,230.55978,204.10455,260.3765,.22494625,,,,,,,,,366.98276,119074.13,324.4679,141856.98,21776.561,20665.189,22805.18,21776.561,20665.189,22805.18,21776.561,20665.189,22805.18,21957.84,20717.721,23143.84,21957.84,20717.721,23143.84,21957.84,20717.721,23143.84,180.2,153.92,204.37,180.2,153.92,204.37,180.2,153.92,204.37,175.97,157.14999,200.96001,175.97,157.14999,200.96001,175.97,157.14999,200.96001,7669559,7328936,7992570,7669559,7328936,7992570,7669559,7328936,7992570,7704738.5,7308346.5,8031363.5,7704738.5,7308346.5,8031363.5,7704738.5,7308346.5,8031363.5,83850.859,73509.469,92966.961,83850.859,73509.469,92966.961,83850.859,73509.469,92966.961,83097.359,73117.547,92539.852,83097.359,73117.547,92539.852,83097.359,73117.547,92539.852,6600.27,7707.9102,8735.5801,6600.27,7707.9102,8735.5801,6600.27,7707.9102,8735.5801,6720.8901,7534.9702,8565.9102,6720.8901,7534.9702,8565.9102,6720.8901,7534.9702,8565.9102,886.10999,1007.84,1134.09,886.10999,1007.84,1134.09,886.10999,1007.84,1134.09,910.09003,990.94,1097.6899,910.09003,990.94,1097.6899,910.09003,990.94,1097.6899,2395.8799,2789.0701,3152.9199,2395.8799,2789.0701,3152.9199,2395.8799,2789.0701,3152.9199,2432.79,2726.8899,3094.3601,2432.79,2726.8899,3094.3601,2432.79,2726.8899,3094.3601,253.08,287.84,323.89999,253.08,287.84,323.89999,253.08,287.84,323.89999,259.92999,283.01999,313.5,259.92999,283.01999,313.5,259.92999,283.01999,313.5,506141.88,577175.5,639736.81,506141.88,577175.5,639736.81,506141.88,577175.5,639736.81,503366.38,572032.81,637093.06,503366.38,572032.81,637093.06,503366.38,572032.81,637093.06,1.04,1.14,1.23,1.04,1.14,1.23,1.04,1.14,1.23,1.05,1.16,1.26,1.05,1.16,1.26,1.05,1.16,1.26,1.16,1.27,1.36,1.16,1.27,1.36,1.16,1.27,1.36,1.17,1.28,1.39,1.17,1.28,1.39,1.17,1.28,1.39,.21490537,.20938799,.21983078,.21490537,.20938799,.21983078,.21490537,.20938799,.21983078,.21176365,.21492788,.21716051,.21176365,.21492788,.21716051,.21176365,.21492788,.21716051,189.98169,68157.422,358.75784,64648.164,26169,26169,26169,183,183,183,457219,457219,457219,3582,3582,3582,5.1088777,5.1088777,5.1088777,167.9077,7854.3999,46.77808,8560.3887,,,,,,,,,,,,,,,,,,,,19.573771,17.471779,,,444.55063,404.43668,,,,,465.32111,352.1933,465.32111,352.1933,465.32111,352.1933,19.573771,17.471779,,,1,,2.3890646,2.3890646,2.3890646,.98469943,.98469943,.98469943,1,,1,,54.259357,,,23.408951,23.408951,23.408951,1,,1,,2.3890648,2.3890648,2.3890648,.83215106,.83215106,.83215106,1,,1,,55.302059,,,16.774366,16.774366,16.774366,1,
01Oct2020,Iran,211,26380,422,1055,52760,131900,3825,461044,7650,19125,922088,2305220,383368,2412,5.5163398,51296,198.00893,3631.1697,168.70255,6686.9453,39.637489,8363.5098,,,,,,,,,,,,,,,,,,,,,,,,23434.719,26525.328,20537.502,8063.5137,9126.9434,7066.6274,2414.7778,2723.6899,2109.6633,870.71326,957.42004,782.45801,504.09265,,,63023.527,,,471.91043,471.91043,471.91043,62974.793,62974.793,62974.793,211,,,26380,,,197.52937,197.52937,197.52937,26359.602,26359.602,26359.602,31.95014,198335.52,175118.7,223345.08,25483488,29227914,21988994,504.09265,,,63023.527,,,471.91043,471.91043,471.91043,62974.793,62974.793,62974.793,31.95014,,,,,,,504.09265,,,63023.527,,,471.91043,471.91043,471.91043,62974.793,62974.793,62974.793,31.95014,,,,,,,.59798968,,,74.762878,,,.5598129,.5598129,.5598129,74.70507,74.70507,74.70507,.25030285,,,31.293787,,,.23432305,.23432305,.23432305,31.269588,31.269588,31.269588,4.5374804,235.27934,207.73796,264.94742,.25416157,,,,,,,,,366.98276,119074.13,324.4679,163561.88,21963.641,20852.631,22997.461,21963.641,20852.631,22997.461,21963.641,20852.631,22997.461,22140.59,20894.391,23325.25,22140.59,20894.391,23325.25,22140.59,20894.391,23325.25,187.07001,159.97,212.09,187.07001,159.97,212.09,187.07001,159.97,212.09,182.75,162.95,208.35001,182.75,162.95,208.35001,182.75,162.95,208.35001,7755149,7410475,8075768,7755149,7410475,8075768,7755149,7410475,8075768,7789724,7396531,8108747.5,7789724,7396531,8108747.5,7789724,7396531,8108747.5,85589.727,74110.961,94439.039,85589.727,74110.961,94439.039,85589.727,74110.961,94439.039,84985.227,74564.367,95458.219,84985.227,74564.367,95458.219,84985.227,74564.367,95458.219,6844.3101,7957.6299,8995.7598,6844.3101,7957.6299,8995.7598,6844.3101,7957.6299,8995.7598,7001.4502,7786.3599,8809.0898,7001.4502,7786.3599,8809.0898,7001.4502,7786.3599,8809.0898,912.46997,1030.05,1156.5699,912.46997,1030.05,1156.5699,912.46997,1030.05,1156.5699,933.19,1014.62,1116.63,933.19,1014.62,1116.63,933.19,1014.62,1116.63,2483.72,2882.9199,3253.8501,2483.72,2882.9199,3253.8501,2483.72,2882.9199,3253.8501,2531.8101,2820.5801,3189.77,2531.8101,2820.5801,3189.77,2531.8101,2820.5801,3189.77,260.60999,294.17999,330.31,260.60999,294.17999,330.31,260.60999,294.17999,330.31,266.51999,289.78,318.91,266.51999,289.78,318.91,266.51999,289.78,318.91,510433.94,589246.25,650020.94,510433.94,589246.25,650020.94,510433.94,589246.25,650020.94,513409.94,585117.75,657233,513409.94,585117.75,657233,513409.94,585117.75,657233,1.04,1.14,1.23,1.04,1.14,1.23,1.04,1.14,1.23,1.05,1.16,1.26,1.05,1.16,1.26,1.05,1.16,1.26,1.16,1.27,1.36,1.16,1.27,1.36,1.16,1.27,1.36,1.17,1.28,1.39,1.17,1.28,1.39,1.17,1.28,1.39,.21856596,.21585201,.22457874,.21856596,.21585201,.22457874,.21856596,.21585201,.22457874,.21503738,.21853602,.21826303,.21503738,.21853602,.21826303,.21503738,.21853602,.21826303,189.98169,68157.422,358.75784,67112.836,26380,26380,26380,211,211,211,461044,461044,461044,3825,3825,3825,5.5163398,5.5163398,5.5163398,167.9077,7854.3999,46.77808,9870.1748,,,,,,,,,,,,,,,,,,,,18.127962,17.477028,,,393.45053,404.34882,,,,,457.5278,353.09033,457.5278,353.09033,457.5278,353.09033,18.127962,17.477028,,,1,,2.3890648,2.3890648,2.3890648,.88658774,.88658774,.88658774,1,,1,,51.852421,,,22.3764,22.3764,22.3764,1,,1,,2.3890648,2.3890648,2.3890648,.83258682,.83258682,.83258682,1,,1,,55.273441,,,16.820843,16.820843,16.820843,1,
02Oct2020,Iran,187,26567,374,935,53134,132835,3552,464596,7104,17760,929192,2322980,385264,1896,5.2646399,52765,201.69643,3684.0535,168.70255,6686.9453,39.637489,7412.2104,,,,,,,,,,,,,,,,,,,,,,,,24134.787,27335.934,21142.881,8538.5273,9671.0459,7480.0356,2466.5068,2782.1604,2151.6284,892.49072,981.01593,801.82043,446.7551,,,63470.281,,,480.12082,480.12082,480.12082,63454.91,63454.91,63454.91,187,,,26567,,,200.96602,200.96602,200.96602,26560.566,26560.566,26560.566,33.024517,202350.88,178307.36,227096.63,25685838,29455010,22167300,446.7551,,,63470.281,,,480.12082,480.12082,480.12082,63454.91,63454.91,63454.91,33.024517,,,,,,,446.7551,,,63470.281,,,480.12082,480.12082,480.12082,63454.91,63454.91,63454.91,33.024517,,,,,,,.5299719,,,75.292854,,,.56955266,.56955266,.56955266,75.27462,75.27462,75.27462,.22183238,,,31.515619,,,.23839985,.23839985,.23839985,31.507988,31.507988,31.507988,4.2136288,240.04266,211.52057,269.3978,.22078238,,,,,,,,,366.98276,119074.13,324.4679,144957.69,22157.5,21047.4,23196.221,22157.5,21047.4,23196.221,22157.5,21047.4,23196.221,22330.09,21078.369,23512.529,22330.09,21078.369,23512.529,22330.09,21078.369,23512.529,193.86,166.13,219.55,193.86,166.13,219.55,193.86,166.13,219.55,189.49001,168.74001,215.44,189.49001,168.74001,215.44,189.49001,168.74001,215.44,7842500.5,7494484.5,8161183,7842500.5,7494484.5,8161183,7842500.5,7494484.5,8161183,7876628,7488550.5,8187218.5,7876628,7488550.5,8187218.5,7876628,7488550.5,8187218.5,87351.648,74706.938,96266.148,87351.648,74706.938,96266.148,87351.648,74706.938,96266.148,86904.109,76028.289,98446.273,86904.109,76028.289,98446.273,86904.109,76028.289,98446.273,7091.6401,8202.1699,9243.7002,7091.6401,8202.1699,9243.7002,7091.6401,8202.1699,9243.7002,7290.4702,8034.21,9038.7598,7290.4702,8034.21,9038.7598,7290.4702,8034.21,9038.7598,939.12,1052.41,1178.4301,939.12,1052.41,1178.4301,939.12,1052.41,1178.4301,945.73999,1038.5699,1141.6899,945.73999,1038.5699,1141.6899,945.73999,1038.5699,1141.6899,2573.3999,2975.8999,3351.7,2573.3999,2975.8999,3351.7,2573.3999,2975.8999,3351.7,2634.4099,2913.95,3281.6299,2634.4099,2913.95,3281.6299,2634.4099,2913.95,3281.6299,268.20999,300.56,336.54001,268.20999,300.56,336.54001,268.20999,300.56,336.54001,270.09,296.60999,326.07001,270.09,296.60999,326.07001,270.09,296.60999,326.07001,514675.84,601468.5,662747.56,514675.84,601468.5,662747.56,514675.84,601468.5,662747.56,523565.78,598409.69,677848.5,523565.78,598409.69,677848.5,523565.78,598409.69,677848.5,1.04,1.14,1.23,1.04,1.14,1.23,1.04,1.14,1.23,1.05,1.16,1.26,1.05,1.16,1.26,1.05,1.16,1.26,1.16,1.27,1.36,1.16,1.27,1.36,1.16,1.27,1.36,1.17,1.28,1.39,1.17,1.28,1.39,1.17,1.28,1.39,.22193056,.2223756,.22806564,.22193056,.2223756,.22806564,.22193056,.2223756,.22806564,.21804494,.22194371,.21884018,.21804494,.22194371,.21884018,.21804494,.22194371,.21884018,189.98169,68157.422,358.75784,69548.797,26567,26567,26567,187,187,187,464596,464596,464596,3552,3552,3552,5.2646399,5.2646399,5.2646399,167.9077,7854.3999,46.77808,8747.501,,,,,,,,,,,,,,,,,,,,18.994652,17.487711,,,452.93466,404.6908,,,,,450.5914,353.94339,450.5914,353.94339,450.5914,353.94339,18.994652,17.487711,,,1,,2.3890648,2.3890648,2.3890648,1.0366845,1.0366845,1.0366845,1,,1,,56.968151,,,24.592243,24.592243,24.592243,1,,1,,2.3890648,2.3890648,2.3890648,.83402342,.83402342,.83402342,1,,1,,55.286396,,,16.880259,16.880259,16.880259,1,
03Oct2020,Iran,179,26746,358,895,53492,133730,3523,468119,7046,17615,936238,2340595,387675,2411,5.0808969,53698,206.00893,3746.5715,168.70255,6686.9453,39.637489,7095.1104,,,,,,,,,,,,,,,,,,,,,,,,24651.904,27929.703,21595.459,8893.5752,10076.096,7790.9136,2519.418,2840.7671,2196.4739,914.65948,1006.1458,822.19617,427.64258,,,63897.922,,,489.46747,489.46747,489.46747,63944.379,63944.379,63944.379,179,,,26746,,,204.8783,204.8783,204.8783,26765.445,26765.445,26765.445,34.710575,206397.64,181683.98,231361.64,25892236,29686372,22348984,427.64258,,,63897.922,,,489.46747,489.46747,489.46747,63944.379,63944.379,63944.379,34.710575,,,,,,,427.64258,,,63897.922,,,489.46747,489.46747,489.46747,63944.379,63944.379,63944.379,34.710575,,,,,,,.5072993,,,75.800156,,,.58064032,.58064032,.58064032,75.855263,75.855263,75.855263,.21234223,,,31.727962,,,.24304084,.24304084,.24304084,31.75103,31.75103,31.75103,4.1792274,244.84322,215.52615,274.45724,.20719354,,,,,,,,,366.98276,119074.13,324.4679,138756.28,22358.051,21249.48,23401.26,22358.051,21249.48,23401.26,22358.051,21249.48,23401.26,22526.26,21269.801,23705.48,22526.26,21269.801,23705.48,22526.26,21269.801,23705.48,200.55,172.39999,226.74001,200.55,172.39999,226.74001,200.55,172.39999,226.74001,196.17999,175.78999,222.24001,196.17999,175.78999,222.24001,196.17999,175.78999,222.24001,7931637,7586097,8251960.5,7931637,7586097,8251960.5,7931637,7586097,8251960.5,7965482,7588607,8266779,7965482,7588607,8266779,7965482,7588607,8266779,89136.25,75297.508,98827.828,89136.25,75297.508,98827.828,89136.25,75297.508,98827.828,88853.789,77508.703,101641.76,88853.789,77508.703,101641.76,88853.789,77508.703,101641.76,7342.6001,8442.2305,9496.4199,7342.6001,8442.2305,9496.4199,7342.6001,8442.2305,9496.4199,7551.6899,8279.1904,9257.3799,7551.6899,8279.1904,9257.3799,7551.6899,8279.1904,9257.3799,957.79999,1074.98,1199.5,957.79999,1074.98,1199.5,957.79999,1074.98,1199.5,952.21002,1062.84,1175.9301,952.21002,1062.84,1175.9301,952.21002,1062.84,1175.9301,2664.9299,3068.0801,3446.5701,2664.9299,3068.0801,3446.5701,2664.9299,3068.0801,3446.5701,2739.1499,3007.04,3370.05,2739.1499,3007.04,3370.05,2739.1499,3007.04,3370.05,273.51999,307,342.54999,273.51999,307,342.54999,273.51999,307,342.54999,271.92999,303.54001,335.82999,271.92999,303.54001,335.82999,271.92999,303.54001,335.82999,519017.16,613843.25,680379.19,519017.16,613843.25,680379.19,519017.16,613843.25,680379.19,533876.56,611905.13,699972.88,533876.56,611905.13,699972.88,533876.56,611905.13,699972.88,1.1,1.14,1.2,1.1,1.14,1.2,1.1,1.14,1.2,1.09,1.14,1.21,1.09,1.14,1.21,1.09,1.14,1.21,1.23,1.27,1.34,1.23,1.27,1.34,1.23,1.27,1.34,1.21,1.27,1.35,1.21,1.27,1.35,1.21,1.27,1.35,.22499265,.22895843,.2294293,.22499265,.22895843,.2294293,.22499265,.22895843,.2294293,.22078967,.22680032,.2186503,.22078967,.22680032,.2186503,.22078967,.22680032,.2186503,189.98169,68157.422,358.75784,71948.883,26746,26746,26746,179,179,179,468119,468119,468119,3523,3523,3523,5.0808969,5.0808969,5.0808969,167.9077,7854.3999,46.77808,8373.2764,,,,,,,,,,,,,,,,,,,,19.681564,17.502394,,,482.64053,405.21249,,,,,444.45898,354.75531,444.45898,354.75531,444.45898,354.75531,19.681564,17.502394,,,1,,2.3890648,2.3890648,2.3890648,1.1203911,1.1203911,1.1203911,1,,1,,58.585762,,,25.301235,25.301235,25.301235,1,,1,,2.3890646,2.3890646,2.3890646,.83594,.83594,.83594,1,,1,,55.311226,,,16.943634,16.943634,16.943634,1,
04Oct2020,Iran,211,26957,422,1055,53914,134785,3653,471772,7306,18265,943544,2358860,389966,2291,5.7760744,54849,210.55357,3813.3037,168.70255,6686.9453,39.637489,8363.5098,,,,,,,,,,,,,,,,,,,,,,,,25207.119,28556.104,22089.391,9359.0674,10602.501,8201.4971,2573.458,2899.7263,2244.1848,936.8208,1029.5505,843.23676,504.09265,,,64402.016,,,499.69684,499.69684,499.69684,64444.078,64444.078,64444.078,211,,,26957,,,209.16003,209.16003,209.16003,26974.605,26974.605,26974.605,36.971432,210469.88,184844.58,235626.05,26102706,29921998,22533830,504.09265,,,64402.016,,,499.69684,499.69684,499.69684,64444.078,64444.078,64444.078,36.971432,,,,,,,504.09265,,,64402.016,,,499.69684,499.69684,499.69684,64444.078,64444.078,64444.078,36.971432,,,,,,,.59798968,,,76.39814,,,.59277511,.59277511,.59277511,76.448036,76.448036,76.448036,.25030285,,,31.978266,,,.24812016,.24812016,.24812016,31.999149,31.999149,31.999149,4.3334422,249.67398,219.27547,279.51596,.23950823,,,,,,,,,366.98276,119074.13,324.4679,163561.88,22565.199,21458.881,23612.359,22565.199,21458.881,23612.359,22565.199,21458.881,23612.359,22729.061,21468.801,23903.92,22729.061,21468.801,23903.92,22729.061,21468.801,23903.92,207.14999,178.78,233.67,207.14999,178.78,233.67,207.14999,178.78,233.67,202.8,183.10001,228.73,202.8,183.10001,228.73,202.8,183.10001,228.73,8022583,7681412.5,8347367,8022583,7681412.5,8347367,8022583,7681412.5,8347367,8056233,7691406,8347829.5,8056233,7691406,8347829.5,8056233,7691406,8347829.5,90946.406,76379.328,101276.22,90946.406,76379.328,101276.22,90946.406,76379.328,101276.22,90751.172,79136.68,104337.89,90751.172,79136.68,104337.89,90751.172,79136.68,104337.89,7599.6201,8678.5703,9752.7002,7599.6201,8678.5703,9752.7002,7599.6201,8678.5703,9752.7002,7812.98,8521.9697,9481.1104,7812.98,8521.9697,9481.1104,7812.98,8521.9697,9481.1104,967.31,1097.8101,1219.35,967.31,1097.8101,1219.35,967.31,1097.8101,1219.35,958.28998,1087.46,1207.88,958.28998,1087.46,1207.88,958.28998,1087.46,1207.88,2758.3601,3159.55,3544.8201,2758.3601,3159.55,3544.8201,2758.3601,3159.55,3544.8201,2835.1799,3099.95,3457.02,2835.1799,3099.95,3457.02,2835.1799,3099.95,3457.02,276.23001,313.51001,348.20999,276.23001,313.51001,348.20999,276.23001,313.51001,348.20999,273.64999,310.56,344.95999,273.64999,310.56,344.95999,273.64999,310.56,344.95999,529892.44,626390.19,693429.69,529892.44,626390.19,693429.69,529892.44,626390.19,693429.69,546026.56,624425.5,712642.88,546026.56,624425.5,712642.88,546026.56,624425.5,712642.88,1.1,1.14,1.2,1.1,1.14,1.2,1.1,1.14,1.2,1.09,1.14,1.21,1.09,1.14,1.21,1.09,1.14,1.21,1.23,1.27,1.34,1.23,1.27,1.34,1.23,1.27,1.34,1.21,1.27,1.35,1.21,1.27,1.35,1.21,1.27,1.35,.22777151,.23406857,.23072544,.22777151,.23406857,.23072544,.22777151,.23406857,.23072544,.2234682,.23137186,.21922046,.2234682,.23137186,.21922046,.2234682,.23137186,.21922046,189.98169,68157.422,358.75784,74316.688,26957,26957,26957,211,211,211,471772,471772,471772,3653,3653,3653,5.7760744,5.7760744,5.7760744,167.9077,7854.3999,46.77808,9870.1748,,,,,,,,,,,,,,,,,,,,17.312796,17.50091,,,417.52222,405.30884,,,,,439.0365,355.52902,439.0365,355.52902,439.0365,355.52902,17.312796,17.50091,,,1,,2.3890648,2.3890648,2.3890648,.98175353,.98175353,.98175353,1,,1,,57.615623,,,24.89636,24.89636,24.89636,1,,1,,2.3890646,2.3890646,2.3890646,.83708125,.83708125,.83708125,1,,1,,55.329071,,,17.005213,17.005213,17.005213,1,
05Oct2020,Iran,235,27192,470,1175,54384,135960,3902,475674,7804,19510,951348,2378370,392293,2327,6.0225525,56189,214.75,3880.8037,168.70255,6686.9453,39.637489,9314.8096,,,,,,,,,,,,,,,,,,,,,,,,25642.367,29039.154,22461.563,9614.5107,10888.123,8421.8799,2628.5686,2958.4092,2294.7363,958.80664,1051.9751,864.79004,561.43018,,,64963.445,,,510.53561,510.53561,510.53561,64954.613,64954.613,64954.613,235,,,27192,,,213.69685,213.69685,213.69685,27188.303,27188.303,27188.303,39.651459,214561.28,188292.95,239819,26317266,30161816,22722122,561.43018,,,64963.445,,,510.53561,510.53561,510.53561,64954.613,64954.613,64954.613,39.651459,,,,,,,561.43018,,,64963.445,,,510.53561,510.53561,510.53561,64954.613,64954.613,64954.613,39.651459,,,,,,,.66600746,,,77.064148,,,.60563278,.60563278,.60563278,77.053673,77.053673,77.053673,.27877331,,,32.257038,,,.25350204,.25350204,.25350204,32.252651,32.252651,32.252651,4.6288233,254.5275,223.36617,284.48993,.26166424,,,,,,,,,366.98276,119074.13,324.4679,182166.06,22778.84,21675.57,23840.961,22778.84,21675.57,23840.961,22778.84,21675.57,23840.961,22938.43,21675.5,24107.641,22938.43,21675.5,24107.641,22938.43,21675.5,24107.641,213.64,185.25999,240.34,213.64,185.25999,240.34,213.64,185.25999,240.34,209.37,190.47,234.92999,209.37,190.47,234.92999,209.37,190.47,234.92999,8115359.5,7778482.5,8446659,8115359.5,7778482.5,8446659,8115359.5,7778482.5,8446659,8148814,7796112,8433212,8148814,7796112,8433212,8148814,7796112,8433212,92776.344,77959.633,103197.08,92776.344,77959.633,103197.08,92776.344,77959.633,103197.08,92580.773,80917.406,106206.12,92580.773,80917.406,106206.12,92580.773,80917.406,106206.12,7846.8101,8911.9199,10003.04,7846.8101,8911.9199,10003.04,7846.8101,8911.9199,10003.04,8059.8301,8763.1504,9696.8896,8059.8301,8763.1504,9696.8896,8059.8301,8763.1504,9696.8896,976.65997,1120.92,1239.62,976.65997,1120.92,1239.62,976.65997,1120.92,1239.62,977.53003,1112.29,1244.77,977.53003,1112.29,1244.77,977.53003,1112.29,1244.77,2853.6899,3250.4199,3644.3401,2853.6899,3250.4199,3644.3401,2853.6899,3250.4199,3644.3401,2932.99,3192.75,3545.04,2932.99,3192.75,3545.04,2932.99,3192.75,3545.04,278.89001,320.10999,353.98999,278.89001,320.10999,353.98999,278.89001,320.10999,353.98999,279.16,317.64999,355.48999,279.16,317.64999,355.48999,279.16,317.64999,355.48999,540773.69,639040.5,706656,540773.69,639040.5,706656,540773.69,639040.5,706656,558326.94,637059.94,725441.56,558326.94,637059.94,725441.56,558326.94,637059.94,725441.56,1.1,1.14,1.2,1.1,1.14,1.2,1.1,1.14,1.2,1.09,1.14,1.2,1.09,1.14,1.2,1.09,1.14,1.2,1.23,1.27,1.34,1.23,1.27,1.34,1.23,1.27,1.34,1.21,1.27,1.35,1.21,1.27,1.35,1.21,1.27,1.35,.23027422,.23763579,.23289418,.23027422,.23763579,.23289418,.23027422,.23763579,.23289418,.22614846,.23538817,.22120194,.22614846,.23538817,.22120194,.22614846,.23538817,.22120194,189.98169,68157.422,358.75784,76645.023,27192,27192,27192,235,235,235,475674,475674,475674,3902,3902,3902,6.0225525,6.0225525,6.0225525,167.9077,7854.3999,46.77808,10992.849,,,,,,,,,,,,,,,,,,,,16.604256,17.49316,,,382.16913,405.10883,,,,,434.26486,356.26746,434.26486,356.26746,434.26486,356.26746,16.604256,17.49316,,,1,,2.3890646,2.3890646,2.3890646,.90910637,.90910637,.90910637,1,,1,,54.987514,,,23.776613,23.776613,23.776613,1,,1,,2.3890646,2.3890646,2.3890646,.8377037,.8377037,.8377037,1,,1,,55.326267,,,17.060759,17.060759,17.060759,1,
06Oct2020,Iran,227,27419,454,1135,54838,137095,4151,479825,8302,20755,959650,2399125,394800,2507,5.4685616,57606,218.73215,3944.259,168.70255,6686.9453,39.637489,8997.71,,,,,,,,,,,,,,,,,,,,,,,,26291.729,29759.395,22986.049,9962.085,11276.003,8709.5439,2684.6907,3015.7122,2348.0969,980.4245,1073.0858,886.65479,542.31769,,,65505.766,,,521.68622,521.68622,521.68622,65476.297,65476.297,65476.297,227,,,27419,,,218.36421,218.36421,218.36421,27406.666,27406.666,27406.666,42.469391,218665.13,191867.94,244476.7,26535932,30406294,22913990,542.31769,,,65505.766,,,521.68622,521.68622,521.68622,65476.297,65476.297,65476.297,42.469391,,,,,,,542.31769,,,65505.766,,,521.68622,521.68622,521.68622,65476.297,65476.297,65476.297,42.469391,,,,,,,.64333487,,,77.707481,,,.61886042,.61886042,.61886042,77.672531,77.672531,77.672531,.26928315,,,32.526321,,,.25903878,.25903878,.25903878,32.511692,32.511692,32.511692,4.9242043,259.39575,227.60706,290.01523,.24801289,,,,,,,,,366.98276,119074.13,324.4679,175964.67,22998.9,21899.561,24084.039,22998.9,21899.561,24084.039,22998.9,21899.561,24084.039,23154.32,21890.051,24316.5,23154.32,21890.051,24316.5,23154.32,21890.051,24316.5,220.05,191.86,247.25999,220.05,191.86,247.25999,220.05,191.86,247.25999,215.89,197.25,240.96001,215.89,197.25,240.96001,215.89,197.25,240.96001,8209983,7877281,8547486,8209983,7877281,8547486,8209983,7877281,8547486,8243218.5,7902514,8533296,8243218.5,7902514,8533296,8243218.5,7902514,8533296,94623.203,79676.891,104984.83,94623.203,79676.891,104984.83,94623.203,79676.891,104984.83,94404.547,82754.359,107863.05,94404.547,82754.359,107863.05,94404.547,82754.359,107863.05,8096.1001,9142.9902,10248.95,8096.1001,9142.9902,10248.95,8096.1001,9142.9902,10248.95,8296.4102,9003.1201,9909.1504,8296.4102,9003.1201,9909.1504,8296.4102,9003.1201,9909.1504,987.84003,1144.3199,1261.0601,987.84003,1144.3199,1261.0601,987.84003,1144.3199,1261.0601,997.76001,1137.17,1279.62,997.76001,1137.17,1279.62,997.76001,1137.17,1279.62,2946.6001,3340.8101,3742.6001,2946.6001,3340.8101,3742.6001,2946.6001,3340.8101,3742.6001,3025.3999,3285.49,3631.0701,3025.3999,3285.49,3631.0701,3025.3999,3285.49,3631.0701,282.07999,326.78,360.10999,282.07999,326.78,360.10999,282.07999,326.78,360.10999,284.92999,324.75,365.44,284.92999,324.75,365.44,284.92999,324.75,365.44,551702.75,651804,720694.13,551702.75,651804,720694.13,551702.75,651804,720694.13,570773.5,649820.06,738398.63,570773.5,649820.06,738398.63,570773.5,649820.06,738398.63,1.1,1.14,1.2,1.1,1.14,1.2,1.1,1.14,1.2,1.09,1.14,1.2,1.09,1.14,1.2,1.09,1.14,1.2,1.23,1.27,1.34,1.23,1.27,1.34,1.23,1.27,1.34,1.21,1.27,1.35,1.21,1.27,1.35,1.21,1.27,1.35,.23255396,.24079755,.23551974,.23255396,.24079755,.23551974,.23255396,.24079755,.23551974,.22868602,.23835602,.22339439,.22868602,.23835602,.22339439,.22868602,.23835602,.22339439,189.98169,68157.422,358.75784,78944.664,27419,27419,27419,227,227,227,479825,479825,479825,4151,4151,4151,5.4685616,5.4685616,5.4685616,167.9077,7854.3999,46.77808,10618.624,,,,,,,,,,,,,,,,,,,,18.286345,17.499727,,,403.20486,405.09308,,,,,430.00772,356.97284,430.00772,356.97284,430.00772,356.97284,18.286345,17.499727,,,1,,2.3890648,2.3890648,2.3890648,.9693833,.9693833,.9693833,1,,1,,52.6777,,,22.795279,22.795279,22.795279,1,,1,,2.3890648,2.3890648,2.3890648,.83879429,.83879429,.83879429,1,,1,,55.303356,,,17.110369,17.110369,17.110369,1,
07Oct2020,Iran,239,27658,478,1195,55316,138290,4019,483844,8038,20095,967688,2419220,397109,2309,5.946753,59077,222.73215,3996.2322,168.70255,6686.9453,39.637489,9473.3604,,,,,,,,,,,,,,,,,,,,,,,,26811.154,30378.508,23397.814,10179.261,11533.66,8883.334,2741.769,3072.4673,2406.1055,1001.4918,1097.0382,908.82513,570.98645,,,66076.75,,,532.84839,532.84839,532.84839,66009.148,66009.148,66009.148,239,,,27658,,,223.03639,223.03639,223.03639,27629.703,27629.703,27629.703,45.045803,222774.27,195571.23,249525.58,26758706,30655820,23109562,570.98645,,,66076.75,,,532.84839,532.84839,532.84839,66009.148,66009.148,66009.148,45.045803,,,,,,,570.98645,,,66076.75,,,532.84839,532.84839,532.84839,66009.148,66009.148,66009.148,45.045803,,,,,,,.67734379,,,78.384827,,,.63210171,.63210171,.63210171,78.304634,78.304634,78.304634,.2835184,,,32.809841,,,.26458126,.26458126,.26458126,32.776272,32.776272,32.776272,4.7676167,264.27029,232.00017,296.00455,.25630718,,,,,,,,,366.98276,119074.13,324.4679,185266.77,23225.279,22130.85,24316.141,23225.279,22130.85,24316.141,23225.279,22130.85,24316.141,23376.689,22107.961,24530.32,23376.689,22107.961,24530.32,23376.689,22107.961,24530.32,226.39,198.5,254.17999,226.39,198.5,254.17999,226.39,198.5,254.17999,222.37,204.12,247.05,222.37,204.12,247.05,222.37,204.12,247.05,8306469,7977822.5,8649853,8306469,7977822.5,8649853,8306469,7977822.5,8649853,8339464,8010634,8638254,8339464,8010634,8638254,8339464,8010634,8638254,96486.07,81399.359,106923.01,96486.07,81399.359,106923.01,96486.07,81399.359,106923.01,96245.797,84612.383,109537.32,96245.797,84612.383,109537.32,96245.797,84612.383,109537.32,8346.46,9372.4297,10492.12,8346.46,9372.4297,10492.12,8346.46,9372.4297,10492.12,8499.21,9242.0801,10132.06,8499.21,9242.0801,10132.06,8499.21,9242.0801,10132.06,1001.29,1168.01,1285.0601,1001.29,1168.01,1285.0601,1001.29,1168.01,1285.0601,1018.84,1162.01,1311.73,1018.84,1162.01,1311.73,1018.84,1162.01,1311.73,3040.4199,3430.8501,3840,3040.4199,3430.8501,3840,3040.4199,3430.8501,3840,3117.3401,3378.1499,3715.6101,3117.3401,3378.1499,3715.6101,3117.3401,3378.1499,3715.6101,285.91,333.54001,366.95999,285.91,333.54001,366.95999,285.91,333.54001,366.95999,290.95001,331.82999,374.60001,290.95001,331.82999,374.60001,290.95001,331.82999,374.60001,562711.56,664678.44,735070.5,562711.56,664678.44,735070.5,562711.56,664678.44,735070.5,583373.5,662699.63,751454.69,583373.5,662699.63,751454.69,583373.5,662699.63,751454.69,1.09,1.14,1.2,1.09,1.14,1.2,1.09,1.14,1.2,1.09,1.14,1.2,1.09,1.14,1.2,1.09,1.14,1.2,1.23,1.27,1.34,1.23,1.27,1.34,1.23,1.27,1.34,1.21,1.27,1.35,1.21,1.27,1.35,1.21,1.27,1.35,.23463491,.24385941,.23772244,.23463491,.24385941,.23772244,.23463491,.24385941,.23772244,.23104385,.24124128,.22553957,.23104385,.24124128,.22553957,.23104385,.24124128,.22553957,189.98169,68157.422,358.75784,81219.188,27658,27658,27658,239,239,239,483844,483844,483844,4019,4019,4019,5.946753,5.946753,5.946753,167.9077,7854.3999,46.77808,11179.961,,,,,,,,,,,,,,,,,,,,16.815899,17.493818,,,390.15683,404.96402,,,,,426.19406,357.64777,426.19406,357.64777,426.19406,357.64777,16.815899,17.493818,,,1,,2.3890646,2.3890646,2.3890646,.9472385,.9472385,.9472385,1,,1,,55.430271,,,24.007483,24.007483,24.007483,1,,1,,2.3890646,2.3890646,2.3890646,.83973098,.83973098,.83973098,1,,1,,55.304409,,,17.16766,17.16766,17.16766,1,
08Oct2020,Iran,230,27888,460,1150,55776,139440,4392,488236,8784,21960,976472,2441180,399300,2191,5.236794,61048,227,4041.9106,168.70255,6686.9453,39.637489,9116.6221,,,,,,,,,,,,,,,,,,,,,,,,27335.311,31009.789,23770.357,10114.693,11474.335,8795.5791,2799.7512,3145.8384,2469.2705,1022.1708,1121.4663,928.91321,549.48486,,,66626.234,,,543.96893,543.96893,543.96893,66553.117,66553.117,66553.117,230,,,27888,,,227.69118,227.69118,227.69118,27857.395,27857.395,27857.395,46.976658,226881.14,199411.88,254511,26985588,30910330,23308974,549.48486,,,66626.234,,,543.96893,543.96893,543.96893,66553.117,66553.117,66553.117,46.976658,,,,,,,549.48486,,,66626.234,,,543.96893,543.96893,543.96893,66553.117,66553.117,66553.117,46.976658,,,,,,,.65183711,,,79.036667,,,.64529371,.64529371,.64529371,78.949928,78.949928,78.949928,.27284196,,,33.082684,,,.2701031,.2701031,.2701031,33.046375,33.046375,33.046375,5.2100954,269.14218,236.55621,301.91861,.24219063,,,,,,,,,366.98276,119074.13,324.4679,178290.2,23457.939,22369.4,24538.76,23457.939,22369.4,24538.76,23457.939,22369.4,24538.76,23605.5,22333.461,24749,23605.5,22333.461,24749,23605.5,22333.461,24749,232.66,205,260.98001,232.66,205,260.98001,232.66,205,260.98001,228.81,210.56,252.97,228.81,210.56,252.97,228.81,210.56,252.97,8404833,8080130,8753785,8404833,8080130,8753785,8404833,8080130,8753785,8437574,8120548,8744833,8437574,8120548,8744833,8437574,8120548,8744833,98364.539,83339.5,108950.38,98364.539,83339.5,108950.38,98364.539,83339.5,108950.38,98110.094,86483.289,111277.84,98110.094,86483.289,111277.84,98110.094,86483.289,111277.84,8594.46,9600.8096,10731.45,8594.46,9600.8096,10731.45,8594.46,9600.8096,10731.45,8638.6699,9480.1699,10414.43,8638.6699,9480.1699,10414.43,8638.6699,9480.1699,10414.43,1016.88,1191.97,1310.63,1016.88,1191.97,1310.63,1016.88,1191.97,1310.63,1040.74,1186.8,1342.2,1040.74,1186.8,1342.2,1040.74,1186.8,1342.2,3134.72,3520.6299,3936.95,3134.72,3520.6299,3936.95,3134.72,3520.6299,3936.95,3201.7,3470.72,3804.74,3201.7,3470.72,3804.74,3201.7,3470.72,3804.74,290.35999,340.38,374.28,290.35999,340.38,374.28,290.35999,340.38,374.28,297.20001,338.91,383.31,297.20001,338.91,383.31,297.20001,338.91,383.31,576163.19,677660.13,749554.81,576163.19,677660.13,749554.81,576163.19,677660.13,749554.81,596130.25,675692.25,764190.44,596130.25,675692.25,764190.44,596130.25,675692.25,764190.44,1.09,1.13,1.2,1.09,1.13,1.2,1.09,1.13,1.2,1.08,1.14,1.2,1.08,1.14,1.2,1.08,1.14,1.2,1.23,1.27,1.34,1.23,1.27,1.34,1.23,1.27,1.34,1.21,1.27,1.35,1.21,1.27,1.35,1.21,1.27,1.35,.23652834,.2459818,.23954025,.23652834,.2459818,.23954025,.23652834,.2459818,.23954025,.2332176,.243469,.22733186,.2332176,.243469,.22733186,.2332176,.243469,.22733186,189.98169,68157.422,358.75784,83468.602,27888,27888,27888,230,230,230,488236,488236,488236,4392,4392,4392,5.236794,5.236794,5.236794,167.9077,7854.3999,46.77808,10758.958,,,,,,,,,,,,,,,,,,,,19.095652,17.507029,,,412.89789,405.02945,,,,,422.78232,358.29373,422.78232,358.29373,422.78232,358.29373,19.095652,17.507029,,,1,,2.3890646,2.3890646,2.3890646,1.0115652,1.0115652,1.0115652,1,,1,,51.657818,,,22.396297,22.396297,22.396297,1,,1,,2.3890646,2.3890646,2.3890646,.84114814,.84114814,.84114814,1,,1,,55.271606,,,17.214693,17.214693,17.214693,1,
09Oct2020,Iran,210,28098,420,1050,56196,140490,4142,492378,8284,20710,984756,2461890,401379,2079,5.0700145,62901,231.55357,4084.1787,168.70255,6686.9453,39.637489,8323.873,,,,,,,,,,,,,,,,,,,,,,,,27751.346,31511.117,24139.281,10088.021,11454.753,8774.9824,2858.5793,3220.0552,2527.2607,1042.8715,1145.63,949.58423,501.70358,,,67127.938,,,555.16418,555.16418,555.16418,67108.281,67108.281,67108.281,210,,,28098,,,232.37721,232.37721,232.37721,28089.771,28089.771,28089.771,47.942841,230977.8,203399.63,259416.69,27216566,31169746,23512374,501.70358,,,67127.938,,,555.16418,555.16418,555.16418,67108.281,67108.281,67108.281,47.942841,,,,,,,501.70358,,,67127.938,,,555.16418,555.16418,555.16418,67108.281,67108.281,67108.281,47.942841,,,,,,,.5951556,,,79.631821,,,.65857434,.65857434,.65857434,79.608498,79.608498,79.608498,.24911658,,,33.331799,,,.27566198,.27566198,.27566198,33.322037,33.322037,33.322037,4.913528,274.00189,241.28676,307.73807,.21720858,,,,,,,,,366.98276,119074.13,324.4679,162786.7,23696.82,22615.17,24764.859,23696.82,22615.17,24764.859,23696.82,22615.17,24764.859,23840.721,22566.91,24972.471,23840.721,22566.91,24972.471,23840.721,22566.91,24972.471,238.87,211.53999,267.67999,238.87,211.53999,267.67999,238.87,211.53999,267.67999,235.22,216.92,258.81,235.22,216.92,258.81,235.22,216.92,258.81,8505092,8184224,8859300,8505092,8184224,8859300,8505092,8184224,8859300,8537571,8228790.5,8853072,8537571,8228790.5,8853072,8537571,8228790.5,8853072,100258.12,85430.828,111018.57,100258.12,85430.828,111018.57,100258.12,85430.828,111018.57,99996.297,88367.969,112607.86,99996.297,88367.969,112607.86,99996.297,88367.969,112607.86,8796.6104,9828.6396,10954.21,8796.6104,9828.6396,10954.21,8796.6104,9828.6396,10954.21,8765.3496,9717.5098,10722.82,8765.3496,9717.5098,10722.82,8765.3496,9717.5098,10722.82,1034.27,1216.2,1340.26,1034.27,1216.2,1340.26,1034.27,1216.2,1340.26,1063.38,1211.6,1372.47,1063.38,1211.6,1372.47,1063.38,1211.6,1372.47,3229.1899,3610.28,4033.48,3229.1899,3610.28,4033.48,3229.1899,3610.28,4033.48,3266.6001,3563.21,3897.74,3266.6001,3563.21,3897.74,3266.6001,3563.21,3897.74,295.32001,347.29001,382.73999,295.32001,347.29001,382.73999,295.32001,347.29001,382.73999,303.66,345.98001,391.95001,303.66,345.98001,391.95001,303.66,345.98001,391.95001,589991,690744.31,764129.13,589991,690744.31,764129.13,589991,690744.31,764129.13,609043.88,688791.63,774201.19,609043.88,688791.63,774201.19,609043.88,688791.63,774201.19,1.09,1.13,1.1900001,1.09,1.13,1.1900001,1.09,1.13,1.1900001,1.08,1.13,1.2,1.08,1.13,1.2,1.08,1.13,1.2,1.23,1.27,1.34,1.23,1.27,1.34,1.23,1.27,1.34,1.21,1.27,1.35,1.21,1.27,1.35,1.21,1.27,1.35,.23825502,.24761553,.24111281,.23825502,.24761553,.24111281,.23825502,.24761553,.24111281,.23522872,.24547356,.22983298,.23522872,.24547356,.22983298,.23522872,.24547356,.22983298,189.98169,68157.422,358.75784,85696.484,28098,28098,28098,210,210,210,492378,492378,492378,4142,4142,4142,5.0700145,5.0700145,5.0700145,167.9077,7854.3999,46.77808,9823.3965,,,,,,,,,,,,,,,,,,,,19.72381,17.523596,,,460.38699,405.44321,,,,,419.71832,358.91278,419.71832,358.91278,419.71832,358.91278,19.72381,17.523596,,,1,,2.3890648,2.3890648,2.3890648,1.1374762,1.1374762,1.1374762,1,,1,,55.764797,,,24.205244,24.205244,24.205244,1,,1,,2.3890646,2.3890646,2.3890646,.84336323,.84336323,.84336323,1,,1,,55.275757,,,17.2735,17.2735,17.2735,1,
10Oct2020,Iran,195,28293,390,975,56586,141465,3875,496253,7750,19375,992506,2481265,403950,2571,5.032258,64010,236.39285,4126.3306,168.70255,6686.9453,39.637489,7729.3105,,,,,,,,,,,,,,,,,,,,,,,,28092.875,31917.07,24512.775,10001.898,11363.426,8727.2764,2918.1902,3294.0542,2584.7139,1064.0247,1169.264,966.53632,465.86761,,,67593.805,,,566.56317,566.56317,566.56317,67674.844,67674.844,67674.844,195,,,28293,,,237.14851,237.14851,237.14851,28326.92,28326.92,28326.92,47.813011,235055.84,207545.05,264318.06,27451622,31434064,23719918,465.86761,,,67593.805,,,566.56317,566.56317,566.56317,67674.844,67674.844,67674.844,47.813011,,,,,,,465.86761,,,67593.805,,,566.56317,566.56317,566.56317,67674.844,67674.844,67674.844,47.813011,,,,,,,.55264449,,,80.184464,,,.67209655,.67209655,.67209655,80.280594,80.280594,80.280594,.23132254,,,33.563122,,,.28132203,.28132203,.28132203,33.603359,33.603359,33.603359,4.5967941,278.83954,246.20435,313.55243,.19819444,,,,,,,,,366.98276,119074.13,324.4679,151159.08,23941.869,22868.09,24999.33,23941.869,22868.09,24999.33,23941.869,22868.09,24999.33,24082.33,22808.35,25200.699,24082.33,22808.35,25200.699,24082.33,22808.35,25200.699,245.05,218.10001,274.32001,245.05,218.10001,274.32001,245.05,218.10001,274.32001,241.61,222.72,264.89001,241.61,222.72,264.89001,241.61,222.72,264.89001,8607258,8290119,8966409,8607258,8290119,8966409,8607258,8290119,8966409,8639472,8337766.5,8962995,8639472,8337766.5,8962995,8639472,8337766.5,8962995,102166.12,87517.219,113116.27,102166.12,87517.219,113116.27,102166.12,87517.219,113116.27,101901.58,90269.43,113975.14,101901.58,90269.43,113975.14,101901.58,90269.43,113975.14,8938,10056.33,11176.47,8938,10056.33,11176.47,8938,10056.33,11176.47,8901.6396,9954.2598,10994.82,8901.6396,9954.2598,10994.82,8901.6396,9954.2598,10994.82,1053.03,1240.67,1369.27,1053.03,1240.67,1369.27,1053.03,1240.67,1369.27,1086.64,1236.45,1401.01,1086.64,1236.45,1401.01,1086.64,1236.45,1401.01,3321.24,3699.8799,4125.5298,3321.24,3699.8799,4125.5298,3321.24,3699.8799,4125.5298,3326.54,3655.6299,4014.3301,3326.54,3655.6299,4014.3301,3326.54,3655.6299,4014.3301,300.67001,354.28,391.01999,300.67001,354.28,391.01999,300.67001,354.28,391.01999,310.29999,353.07999,400.09,310.29999,353.07999,400.09,310.29999,353.07999,400.09,604043.88,703925.19,778779.88,604043.88,703925.19,778779.88,604043.88,703925.19,778779.88,622112,701991.25,784132.69,622112,701991.25,784132.69,622112,701991.25,784132.69,1.09,1.13,1.1900001,1.09,1.13,1.1900001,1.09,1.13,1.1900001,1.08,1.13,1.2,1.08,1.13,1.2,1.08,1.13,1.2,1.23,1.27,1.34,1.23,1.27,1.34,1.23,1.27,1.34,1.21,1.27,1.35,1.21,1.27,1.35,1.21,1.27,1.35,.23985447,.24920811,.24251153,.23985447,.24920811,.24251153,.23985447,.24920811,.24251153,.23710133,.24672805,.23241034,.23710133,.24672805,.23241034,.23710133,.24672805,.23241034,189.98169,68157.422,358.75784,87913.609,28293,28293,28293,195,195,195,496253,496253,496253,3875,3875,3875,5.032258,5.032258,5.032258,167.9077,7854.3999,46.77808,9121.7256,,,,,,,,,,,,,,,,,,,,19.871796,17.53978,,,504.55502,406.12631,,,,,416.91946,359.50653,416.91946,359.50653,416.91946,359.50653,19.871796,17.53978,,,1,,2.3890648,2.3890648,2.3890648,1.2566667,1.2566667,1.2566667,1,,1,,60.659573,,,26.36545,26.36545,26.36545,1,,1,,2.3890646,2.3890646,2.3890646,.84621173,.84621173,.84621173,1,,1,,55.317795,,,17.344496,17.344496,17.344496,1,
11Oct2020,Iran,251,28544,502,1255,57088,142720,3822,500075,7644,19110,1000150,2500375,406389,2439,6.5672421,65142,241.75893,4176.4375,168.70255,6686.9453,39.637489,9949.0098,,,,,,,,,,,,,,,,,,,,,,,,28503.801,32387.65,24849.393,9777.3799,11109.619,8523.8438,2978.5171,3363.708,2636.7517,1085.8422,1190.2302,984.88104,599.65521,,,68193.461,,,578.30554,578.30554,578.30554,68253.148,68253.148,68253.148,251,,,28544,,,242.06358,242.06358,242.06358,28568.984,28568.984,28568.984,46.68507,239106.52,210171.14,269130.88,27690728,31703196,23930090,599.65521,,,68193.461,,,578.30554,578.30554,578.30554,68253.148,68253.148,68253.148,46.68507,,,,,,,599.65521,,,68193.461,,,578.30554,578.30554,578.30554,68253.148,68253.148,68253.148,46.68507,,,,,,,.71135265,,,80.895821,,,.68602622,.68602622,.68602622,80.966621,80.966621,80.966621,.29775363,,,33.860874,,,.28715262,.28715262,.28715262,33.890511,33.890511,33.890511,4.5339217,283.64474,249.31961,319.26172,.25079,,,,,,,,,366.98276,119074.13,324.4679,194568.86,24193.07,23128.08,25245.82,24193.07,23128.08,25245.82,24193.07,23128.08,25245.82,24330.311,23057.83,25433.711,24330.311,23057.83,25433.711,24330.311,23057.83,25433.711,251.2,224.66,280.73001,251.2,224.66,280.73001,251.2,224.66,280.73001,247.97,226.88,271.66,247.97,226.88,271.66,247.97,226.88,271.66,8711345,8394763,9075117,8711345,8394763,9075117,8711345,8394763,9075117,8743295,8448581,9075340,8743295,8448581,9075340,8743295,8448581,9075340,104087.63,89616.148,115233.85,104087.63,89616.148,115233.85,104087.63,89616.148,115233.85,103823.18,92189.672,115356.89,103823.18,92189.672,115356.89,103823.18,92189.672,115356.89,9076.6104,10284.26,11399.98,9076.6104,10284.26,11399.98,9076.6104,10284.26,11399.98,9049.3701,10190.6,11273.29,9049.3701,10190.6,11273.29,9049.3701,10190.6,11273.29,1072.8101,1265.39,1397.9301,1072.8101,1265.39,1397.9301,1072.8101,1265.39,1397.9301,1110.4301,1261.42,1428.37,1110.4301,1261.42,1428.37,1110.4301,1261.42,1428.37,3395.5701,3789.54,4215.6699,3395.5701,3789.54,4215.6699,3395.5701,3789.54,4215.6699,3385.8701,3748,4128.0801,3385.8701,3748,4128.0801,3385.8701,3748,4128.0801,306.32001,361.32999,399.19,306.32001,361.32999,399.19,306.32001,361.32999,399.19,317.09,360.20001,407.89999,317.09,360.20001,407.89999,317.09,360.20001,407.89999,618323.81,717196.38,793495.75,618323.81,717196.38,793495.75,618323.81,717196.38,793495.75,635331,715284.56,793972.81,635331,715284.56,793972.81,635331,715284.56,793972.81,1.09,1.13,1.1900001,1.09,1.13,1.1900001,1.09,1.13,1.1900001,1.08,1.13,1.1900001,1.08,1.13,1.1900001,1.08,1.13,1.1900001,1.23,1.27,1.34,1.23,1.27,1.34,1.23,1.27,1.34,1.21,1.27,1.35,1.21,1.27,1.35,1.21,1.27,1.35,.24133511,.25069144,.24361765,.24133511,.25069144,.24361765,.24133511,.25069144,.24361765,.23883876,.24610132,.23549525,.23883876,.24610132,.23549525,.23883876,.24610132,.23549525,189.98169,68157.422,358.75784,90119.969,28544,28544,28544,251,251,251,500075,500075,500075,3822,3822,3822,6.5672421,6.5672421,6.5672421,167.9077,7854.3999,46.77808,11741.298,,,,,,,,,,,,,,,,,,,,15.227092,17.519444,,,398.73999,406.06134,,,,,414.3616,360.07605,414.3616,360.07605,414.3616,360.07605,15.227092,17.519444,,,1,,2.3890646,2.3890646,2.3890646,1.0007968,1.0007968,1.0007968,1,,1,,62.560574,,,27.233812,27.233812,27.233812,1,,1,,2.3890646,2.3890646,2.3890646,.84757113,.84757113,.84757113,1,,1,,55.37315,,,17.420076,17.420076,17.420076,1,
12Oct2020,Iran,272,28816,544,1360,57632,144080,4206,504281,8412,21030,1008562,2521405,409121,2732,6.4669518,66344,247.08928,4223.7681,168.70255,6686.9453,39.637489,10781.397,,,,,,,,,,,,,,,,,,,,,,,,28639.959,32426.117,24974.139,9680.8389,10960.631,8441.7236,3039.4873,3422.7585,2683.6902,1108.3867,1212.3516,1004.5032,649.82556,,,68843.289,,,590.5426,590.5426,590.5426,68843.688,68843.688,68843.688,272,,,28816,,,247.1857,247.1857,247.1857,28816.17,28816.17,28816.17,44.841537,243120.69,213697.47,273737.63,27933848,31976934,24143786,649.82556,,,68843.289,,,590.5426,590.5426,590.5426,68843.688,68843.688,68843.688,44.841537,,,,,,,649.82556,,,68843.289,,,590.5426,590.5426,590.5426,68843.688,68843.688,68843.688,44.841537,,,,,,,.77086824,,,81.666687,,,.70054263,.70054263,.70054263,81.667168,81.667168,81.667168,.32266527,,,34.18354,,,.29322883,.29322883,.29322883,34.183739,34.183739,34.183739,4.989449,288.40662,253.50278,324.72656,.26728517,,,,,,,,,366.98276,119074.13,324.4679,210847.53,24450.391,23390.23,25500.221,24450.391,23390.23,25500.221,24450.391,23390.23,25500.221,24584.631,23315.359,25671.539,24584.631,23315.359,25671.539,24584.631,23315.359,25671.539,257.32999,230.95,287.03,257.32999,230.95,287.03,257.32999,230.95,287.03,254.32001,230.74001,279.88,254.32001,230.74001,279.88,254.32001,230.74001,279.88,8817367,8501177,9185426,8817367,8501177,9185426,8817367,8501177,9185426,8849054,8561246,9189761,8849054,8561246,9189761,8849054,8561246,9189761,106021.66,91737.859,117364.7,106021.66,91737.859,117364.7,106021.66,91737.859,117364.7,105758.94,94129.867,116738.21,105758.94,94129.867,116738.21,105758.94,94129.867,116738.21,9221.0498,10512.72,11625.32,9221.0498,10512.72,11625.32,9221.0498,10512.72,11625.32,9209.5498,10426.74,11564.29,9209.5498,10426.74,11564.29,9209.5498,10426.74,11564.29,1096.87,1290.34,1426.39,1096.87,1290.34,1426.39,1096.87,1290.34,1426.39,1134.6801,1286.52,1454.97,1134.6801,1286.52,1454.97,1134.6801,1286.52,1454.97,3454.03,3879.3201,4306.0298,3454.03,3879.3201,4306.0298,3454.03,3879.3201,4306.0298,3448.4299,3840.3601,4231.6401,3448.4299,3840.3601,4231.6401,3448.4299,3840.3601,4231.6401,313.17999,368.45001,407.31,313.17999,368.45001,407.31,313.17999,368.45001,407.31,324.01001,367.35999,415.48999,324.01001,367.35999,415.48999,324.01001,367.35999,415.48999,632829,730550.94,808266,632829,730550.94,808266,632829,730550.94,808266,648696.31,728664.5,803712,648696.31,728664.5,803712,648696.31,728664.5,803712,1.09,1.13,1.1900001,1.09,1.13,1.1900001,1.09,1.13,1.1900001,1.08,1.13,1.1900001,1.08,1.13,1.1900001,1.08,1.13,1.1900001,1.23,1.27,1.34,1.23,1.27,1.34,1.23,1.27,1.34,1.21,1.27,1.35,1.21,1.27,1.35,1.21,1.27,1.35,.24271455,.25174993,.24456246,.24271455,.25174993,.24456246,.24271455,.25174993,.24456246,.24047141,.24512942,.23975012,.24047141,.24512942,.23975012,.24047141,.24512942,.23975012,189.98169,68157.422,358.75784,92319.148,28816,28816,28816,272,272,272,504281,504281,504281,4206,4206,4206,6.4669518,6.4669518,6.4669518,167.9077,7854.3999,46.77808,12723.638,,,,,,,,,,,,,,,,,,,,15.463235,17.500034,,,374.13223,405.75992,,,,,412.00662,360.62274,412.00662,360.62274,412.00662,360.62274,15.463235,17.500034,,,1,,2.3890646,2.3890646,2.3890646,.94606614,.94606614,.94606614,1,,1,,57.803303,,,25.207241,25.207241,25.207241,1,,1,,2.3890648,2.3890648,2.3890648,.84850049,.84850049,.84850049,1,,1,,55.393417,,,17.485027,17.485027,17.485027,1,
13Oct2020,Iran,254,29070,508,1270,58140,145350,4108,508389,8216,20540,1016778,2541945,411840,2719,6.1830573,67479,252.85715,4266.2319,168.70255,6686.9453,39.637489,10067.922,,,,,,,,,,,,,,,,,,,,,,,,28586.096,32220.865,24970.918,9518.4541,10728.741,8314.6904,3101.0229,3480.251,2732.5564,1131.7207,1236.8173,1023.5139,606.82245,,,69450.109,,,603.43787,603.43787,603.43787,69447.133,69447.133,69447.133,254,,,29070,,,252.5833,252.5833,252.5833,29068.752,29068.752,29068.752,42.648045,247088.83,217034.8,276967.75,28180938,32253902,24360822,606.82245,,,69450.109,,,603.43787,603.43787,603.43787,69447.133,69447.133,69447.133,42.648045,,,,,,,606.82245,,,69450.109,,,603.43787,603.43787,603.43787,69447.133,69447.133,69447.133,42.648045,,,,,,,.71985489,,,82.386543,,,.71583986,.71583986,.71583986,82.383003,82.383003,82.383003,.30131245,,,34.484852,,,.29963183,.29963183,.29963183,34.483372,34.483372,34.483372,4.8731947,293.11392,257.46176,328.55838,.24558878,,,,,,,,,366.98276,119074.13,324.4679,196894.41,24713.84,23655.76,25759.811,24713.84,23655.76,25759.811,24713.84,23655.76,25759.811,24845.279,23580.93,25914.27,24845.279,23580.93,25914.27,24845.279,23580.93,25914.27,263.45001,235.17999,293.10999,263.45001,235.17999,293.10999,263.45001,235.17999,293.10999,260.64999,234.64,287.42999,260.64999,234.64,287.42999,260.64999,234.64,287.42999,8925334,8609494,9297332,8925334,8609494,9297332,8925334,8609494,9297332,8956761,8673679,9305858,8956761,8673679,9305858,8956761,8673679,9305858,107967.01,93887.367,119504.45,107967.01,93887.367,119504.45,107967.01,93887.367,119504.45,107707.07,96183.188,118197.82,107707.07,96183.188,118197.82,107707.07,96183.188,118197.82,9371.6104,10741.95,11852.84,9371.6104,10741.95,11852.84,9371.6104,10741.95,11852.84,9413.4697,10662.91,11846.52,9413.4697,10662.91,11846.52,9413.4697,10662.91,11846.52,1122.64,1315.5,1454.8,1122.64,1315.5,1454.8,1122.64,1315.5,1454.8,1159.33,1311.8,1476.67,1159.33,1311.8,1476.67,1159.33,1311.8,1476.67,3514.29,3969.3,4396.7598,3514.29,3969.3,4396.7598,3514.29,3969.3,4396.7598,3514.47,3932.77,4334.0898,3514.47,3932.77,4334.0898,3514.47,3932.77,4334.0898,320.54001,375.63,415.42001,320.54001,375.63,415.42001,320.54001,375.63,415.42001,331.04001,374.57999,421.67001,331.04001,374.57999,421.67001,331.04001,374.57999,421.67001,647555.63,743981.38,823080.25,647555.63,743981.38,823080.25,647555.63,743981.38,823080.25,663355.44,742123.94,813917.25,663355.44,742123.94,813917.25,663355.44,742123.94,813917.25,1.08,1.13,1.1900001,1.08,1.13,1.1900001,1.08,1.13,1.1900001,1.08,1.13,1.1900001,1.08,1.13,1.1900001,1.08,1.13,1.1900001,1.23,1.27,1.34,1.23,1.27,1.34,1.23,1.27,1.34,1.21,1.27,1.35,1.21,1.27,1.35,1.21,1.27,1.35,.24400973,.25049162,.24527118,.24400973,.25049162,.24527118,.24400973,.25049162,.24527118,.24199897,.24395116,.24317707,.24199897,.24395116,.24317707,.24199897,.24395116,.24317707,189.98169,68157.422,358.75784,94514.758,29070,29070,29070,254,254,254,508389,508389,508389,4108,4108,4108,6.1830573,6.1830573,6.1830573,167.9077,7854.3999,46.77808,11881.632,,,,,,,,,,,,,,,,,,,,16.173229,17.488441,,,407.18472,405.7724,,,,,409.8197,361.14719,409.8197,361.14719,409.8197,361.14719,16.173229,17.488441,,,1,,2.3890648,2.3890648,2.3890648,1.0372047,1.0372047,1.0372047,1,,1,,60.148205,,,26.282135,26.282135,26.282135,1,,1,,2.3890646,2.3890646,2.3890646,.85014927,.85014927,.85014927,1,,1,,55.431839,,,17.556112,17.556112,17.556112,1,
14Oct2020,Iran,279,29349,558,1395,58698,146745,4830,513219,9660,24150,1026438,2566095,414831,2991,5.7763977,69039,259.01785,4307.5356,168.70255,6686.9453,39.637489,11058.859,,,,,,,,,,,,,,,,,,,,,,,,29027.518,32733.861,25421.508,9424.459,10627.81,8253.6836,3163.0393,3545.6121,2784.3032,1155.8986,1261.7593,1043.7472,666.54901,,,70116.656,,,617.16034,617.16034,617.16034,70064.289,70064.289,70064.289,279,,,29349,,,258.32718,258.32718,258.32718,29327.08,29327.08,29327.08,40.450142,251001.13,219769.69,280767.72,28431938,32534668,24580592,666.54901,,,70116.656,,,617.16034,617.16034,617.16034,70064.289,70064.289,70064.289,40.450142,,,,,,,666.54901,,,70116.656,,,617.16034,617.16034,617.16034,70064.289,70064.289,70064.289,40.450142,,,,,,,.79070675,,,83.177246,,,.73211849,.73211849,.73211849,83.115128,83.115128,83.115128,.33096915,,,34.815823,,,.30644566,.30644566,.30644566,34.789818,34.789818,34.789818,5.7296815,297.75494,260.70605,333.06616,.26555619,,,,,,,,,366.98276,119074.13,324.4679,216273.75,24983.41,23915.25,26024.641,24983.41,23915.25,26024.641,24983.41,23915.25,26024.641,25112.25,23854.52,26162.01,25112.25,23854.52,26162.01,25112.25,23854.52,26162.01,269.57001,239.02,299.20001,269.57001,239.02,299.20001,269.57001,239.02,299.20001,266.97,238.75999,294.54001,266.97,238.75999,294.54001,266.97,238.75999,294.54001,9035256,8713811,9410829,9035256,8713811,9410829,9035256,8713811,9410829,9066427,8787379,9423625,9066427,8787379,9423625,9066427,8787379,9423625,109922.49,96066.383,121650.21,109922.49,96066.383,121650.21,109922.49,96066.383,121650.21,109666.12,98632.781,120095.91,109666.12,98632.781,120095.91,109666.12,98632.781,120095.91,9528.6299,10972.16,12082.72,9528.6299,10972.16,12082.72,9528.6299,10972.16,12082.72,9623.4199,10899.31,12120.35,9623.4199,10899.31,12120.35,9623.4199,10899.31,12120.35,1149.1801,1340.87,1483.23,1149.1801,1340.87,1483.23,1149.1801,1340.87,1483.23,1184.34,1337.24,1496.5,1184.34,1337.24,1496.5,1184.34,1337.24,1496.5,3578.26,4059.53,4487.96,3578.26,4059.53,4487.96,3578.26,4059.53,4487.96,3584.1399,4025.27,4443.6099,3584.1399,4025.27,4443.6099,3584.1399,4025.27,4443.6099,328.10999,382.87,423.53,328.10999,382.87,423.53,328.10999,382.87,423.53,338.17999,381.84,427.32001,338.17999,381.84,427.32001,338.17999,381.84,427.32001,662498.81,757479.88,837927.63,662498.81,757479.88,837927.63,662498.81,757479.88,837927.63,680225.44,755655.06,827116.31,680225.44,755655.06,827116.31,680225.44,755655.06,827116.31,1.08,1.12,1.1799999,1.08,1.12,1.1799999,1.08,1.12,1.1799999,1.0700001,1.13,1.1900001,1.0700001,1.13,1.1900001,1.0700001,1.13,1.1900001,1.23,1.27,1.34,1.23,1.27,1.34,1.23,1.27,1.34,1.21,1.27,1.35,1.21,1.27,1.35,1.21,1.27,1.35,.24523644,.24880712,.24595109,.24523644,.24880712,.24595109,.24523644,.24880712,.24595109,.24343891,.24206962,.245254,.24343891,.24206962,.245254,.24343891,.24206962,.245254,189.98169,68157.422,358.75784,96710.352,29349,29349,29349,279,279,279,513219,513219,513219,4830,4830,4830,5.7763977,5.7763977,5.7763977,167.9077,7854.3999,46.77808,13051.084,,,,,,,,,,,,,,,,,,,,17.311829,17.486763,,,376.56815,405.49478,,,,,407.76974,361.65024,407.76974,361.65024,407.76974,361.65024,17.311829,17.486763,,,1,,2.3890646,2.3890646,2.3890646,.96620077,.96620077,.96620077,1,,1,,51.967106,,,22.75828,22.75828,22.75828,1,,1,,2.3890646,2.3890646,2.3890646,.8512525,.8512525,.8512525,1,,1,,55.399231,,,17.60507,17.60507,17.60507,1,
15Oct2020,Iran,256,29605,512,1280,59210,148025,4616,517835,9232,23080,1035670,2589175,418054,3223,5.545927,70176,265.07144,4350.2412,168.70255,6686.9453,39.637489,10147.197,,,,,,,,,,,,,,,,,,,,,,,,28873.461,32588.113,25362.855,9405.1572,10615.157,8261.623,3225.4463,3610.9639,2832.739,1180.8204,1287.0784,1065.9139,611.60052,,,70728.258,,,631.77075,631.77075,631.77075,70696.063,70696.063,70696.063,256,,,29605,,,264.44272,264.44272,264.44272,29591.521,29591.521,29591.521,38.507557,254847.38,221973.75,285099.53,28686786,32819768,24802566,611.60052,,,70728.258,,,631.77075,631.77075,631.77075,70696.063,70696.063,70696.063,38.507557,,,,,,,611.60052,,,70728.258,,,631.77075,631.77075,631.77075,70696.063,70696.063,70696.063,38.507557,,,,,,,.72552305,,,83.902771,,,.74945033,.74945033,.74945033,83.864571,83.864571,83.864571,.30368498,,,35.119507,,,.31370032,.31370032,.31370032,35.103519,35.103519,35.103519,5.4758196,302.31763,263.32068,338.20486,.23998699,,,,,,,,,366.98276,119074.13,324.4679,198444.73,25259.109,24174.811,26298.551,25259.109,24174.811,26298.551,25259.109,24174.811,26298.551,25385.539,24136.109,26414.869,25385.539,24136.109,26414.869,25385.539,24136.109,26414.869,275.70001,242.97,305.31,275.70001,242.97,305.31,275.70001,242.97,305.31,273.29001,243.14,301.97,273.29001,243.14,301.97,273.29001,243.14,301.97,9147143,8817229,9525913,9147143,8817229,9525913,9147143,8817229,9525913,9178062,8902894,9543055,9178062,8902894,9543055,9178062,8902894,9543055,111886.9,98275,123800.02,111886.9,98275,123800.02,111886.9,98275,123800.02,111634.79,100328.5,122359.29,111634.79,100328.5,122359.29,111634.79,100328.5,122359.29,9707.8799,11203.5,12326.34,9707.8799,11203.5,12326.34,9707.8799,11203.5,12326.34,9836.7998,11136.13,12398.26,9836.7998,11136.13,12398.26,9836.7998,11136.13,12398.26,1176.35,1366.4301,1511.72,1176.35,1366.4301,1511.72,1176.35,1366.4301,1511.72,1209.6899,1362.87,1515.92,1209.6899,1362.87,1515.92,1209.6899,1362.87,1515.92,3645.3401,4150.0801,4579.6699,3645.3401,4150.0801,4579.6699,3645.3401,4150.0801,4579.6699,3657.5,4117.9102,4550.7998,3657.5,4117.9102,4550.7998,3657.5,4117.9102,4550.7998,335.87,390.16,431.66,335.87,390.16,431.66,335.87,390.16,431.66,345.42001,389.14999,432.85999,345.42001,389.14999,432.85999,345.42001,389.14999,432.85999,677652.88,771038,852797.06,677652.88,771038,852797.06,677652.88,771038,852797.06,691896.88,769249.75,842772.81,691896.88,769249.75,842772.81,691896.88,769249.75,842772.81,1.08,1.12,1.1799999,1.08,1.12,1.1799999,1.08,1.12,1.1799999,1.0700001,1.12,1.1900001,1.0700001,1.12,1.1900001,1.0700001,1.12,1.1900001,1.23,1.27,1.34,1.23,1.27,1.34,1.23,1.27,1.34,1.21,1.27,1.35,1.21,1.27,1.35,1.21,1.27,1.35,.24640957,.24723481,.24661545,.24640957,.24723481,.24661545,.24640957,.24723481,.24661545,.24480721,.2423439,.2467896,.24480721,.2423439,.2467896,.24480721,.2423439,.2467896,189.98169,68157.422,358.75784,98909.539,29605,29605,29605,256,256,256,517835,517835,517835,4616,4616,4616,5.545927,5.545927,5.545927,167.9077,7854.3999,46.77808,11975.188,,,,,,,,,,,,,,,,,,,,18.03125,17.49147,,,416.68927,405.59158,,,,,405.8284,362.13245,405.8284,362.13245,405.8284,362.13245,18.03125,17.49147,,,1,,2.3890646,2.3890646,2.3890646,1.0769532,1.0769532,1.0769532,1,,1,,55.209572,,,24.23893,24.23893,24.23893,1,,1,,2.3890646,2.3890646,2.3890646,.85320419,.85320419,.85320419,1,,1,,55.397541,,,17.664204,17.664204,17.664204,1,
16Oct2020,Iran,265,29870,530,1325,59740,149350,4552,522387,9104,22760,1044774,2611935,420910,2856,5.8216166,71607,271.78571,4408.0088,168.70255,6686.9453,39.637489,10503.935,,,,,,,,,,,,,,,,,,,,,,,,28593.65,32301.301,25124.949,9402.5908,10621.795,8261.96,3288.1472,3675.2209,2885.5854,1206.2576,1315.5205,1089.088,633.10211,,,71361.359,,,647.23944,647.23944,647.23944,71343.297,71343.297,71343.297,265,,,29870,,,270.91751,270.91751,270.91751,29862.439,29862.439,29862.439,36.971764,258617.03,224582.45,291039.28,28945402,33110808,25027148,633.10211,,,71361.359,,,647.23944,647.23944,647.23944,71343.297,71343.297,71343.297,36.971764,,,,,,,633.10211,,,71361.359,,,647.23944,647.23944,647.23944,71343.297,71343.297,71343.297,36.971764,,,,,,,.75102973,,,84.653801,,,.76780033,.76780033,.76780033,84.632378,84.632378,84.632378,.31436139,,,35.433868,,,.32138115,.32138115,.32138115,35.4249,35.4249,35.4249,5.3998985,306.78946,266.41528,345.25101,.24480295,,,,,,,,,366.98276,119074.13,324.4679,205421.31,25541.029,24441.08,26586.039,25541.029,24441.08,26586.039,25541.029,24441.08,26586.039,25665.141,24436.77,26672.99,25665.141,24436.77,26672.99,25665.141,24436.77,26672.99,281.92001,247.2,311.45001,281.92001,247.2,311.45001,281.92001,247.2,311.45001,279.60001,247.78999,309.51001,279.60001,247.78999,309.51001,279.60001,247.78999,309.51001,9261002,8922550,9642576,9261002,8922550,9642576,9261002,8922550,9642576,9291674,9020224,9664141,9291674,9020224,9664141,9291674,9020224,9664141,113858.82,100512.5,126081.15,113858.82,100512.5,126081.15,113858.82,100512.5,126081.15,113611.7,101829.73,124631.98,113611.7,101829.73,124631.98,113611.7,101829.73,124631.98,9897.46,11436.07,12581.59,9897.46,11436.07,12581.59,9897.46,11436.07,12581.59,10053.6,11373.55,12684.05,10053.6,11373.55,12684.05,10053.6,11373.55,12684.05,1204.08,1392.1801,1540.29,1204.08,1392.1801,1540.29,1204.08,1392.1801,1540.29,1235.35,1388.67,1535.03,1235.35,1388.67,1535.03,1235.35,1388.67,1535.03,3715.52,4240.8901,4671.9502,3715.52,4240.8901,4671.9502,3715.52,4240.8901,4671.9502,3734.53,4210.7402,4655.7598,3734.53,4210.7402,4655.7598,3734.53,4210.7402,4655.7598,343.79001,397.51001,439.81,343.79001,397.51001,439.81,343.79001,397.51001,439.81,352.73999,396.51001,438.29999,352.73999,396.51001,438.29999,352.73999,396.51001,438.29999,693011.44,784646.88,868509,693011.44,784646.88,868509,693011.44,784646.88,868509,701790.81,782899.5,858489.69,701790.81,782899.5,858489.69,701790.81,782899.5,858489.69,1.08,1.12,1.1799999,1.08,1.12,1.1799999,1.08,1.12,1.1799999,1.0700001,1.12,1.1799999,1.0700001,1.12,1.1799999,1.0700001,1.12,1.1799999,1.23,1.27,1.34,1.23,1.27,1.34,1.23,1.27,1.34,1.21,1.27,1.35,1.21,1.27,1.35,1.21,1.27,1.35,.24760489,.24593955,.24702346,.24760489,.24593955,.24702346,.24760489,.24593955,.24702346,.24610141,.24333759,.24833916,.24610141,.24333759,.24833916,.24610141,.24333759,.24833916,189.98169,68157.422,358.75784,101141.02,29870,29870,29870,265,265,265,522387,522387,522387,4552,4552,4552,5.8216166,5.8216166,5.8216166,167.9077,7854.3999,46.77808,12396.191,,,,,,,,,,,,,,,,,,,,17.177359,17.488684,,,408.49182,405.61731,,,,,403.86923,362.59314,403.86923,362.59314,403.86923,362.59314,17.177359,17.488684,,,1,,2.3890646,2.3890646,2.3890646,1.0638491,1.0638491,1.0638491,1,,1,,56.813934,,,25.012922,25.012922,25.012922,1,,1,,2.3890646,2.3890646,2.3890646,.85507298,.85507298,.85507298,1,,1,,55.409882,,,17.728239,17.728239,17.728239,1,
17Oct2020,Iran,253,30123,506,1265,60246,150615,4103,526490,8206,20515,1052980,2632450,423921,3011,6.1662197,72446,278.85715,4496.1606,168.70255,6686.9453,39.637489,10028.285,,,,,,,,,,,,,,,,,,,,,,,,28959.369,32772.902,25468.912,9447.3535,10691.436,8308.6689,3351.0383,3746.6001,2940.3718,1231.9713,1345.334,1113.1133,604.43335,,,71965.797,,,663.53033,663.53033,663.53033,72006.828,72006.828,72006.828,253,,,30123,,,277.73645,277.73645,277.73645,30140.176,30140.176,30140.176,35.894917,262298.91,226690.06,296690.63,29207702,33407498,25253838,604.43335,,,71965.797,,,663.53033,663.53033,663.53033,72006.828,72006.828,72006.828,35.894917,,,,,,,604.43335,,,71965.797,,,663.53033,663.53033,663.53033,72006.828,72006.828,72006.828,35.894917,,,,,,,.71702081,,,85.370819,,,.78712577,.78712577,.78712577,85.419502,85.419502,85.419502,.30012617,,,35.733994,,,.32947028,.32947028,.32947028,35.754368,35.754368,35.754368,4.8672633,311.15717,268.9155,351.95499,.23043686,,,,,,,,,366.98276,119074.13,324.4679,196119.22,25829.811,24713.98,26884.27,25829.811,24713.98,26884.27,25829.811,24713.98,26884.27,25951.07,24747.6,26936.5,25951.07,24747.6,26936.5,25951.07,24747.6,26936.5,288.78,251.67999,317.63,288.78,251.67999,317.63,288.78,251.67999,317.63,285.92999,252.83,316.87,285.92999,252.83,316.87,285.92999,252.83,316.87,9376839,9029782,9760807,9376839,9029782,9760807,9376839,9029782,9760807,9407269,9139364,9786874,9407269,9139364,9786874,9407269,9139364,9786874,115836.7,102777.61,128559.45,115836.7,102777.61,128559.45,115836.7,102777.61,128559.45,115595.36,103219.62,127002.22,115595.36,103219.62,127002.22,115595.36,103219.62,127002.22,10096.83,11669.97,12838.46,10096.83,11669.97,12838.46,10096.83,11669.97,12838.46,10273.81,11611.71,12963.64,10273.81,11611.71,12963.64,10273.81,11611.71,12963.64,1232.3101,1418.09,1568.9301,1232.3101,1418.09,1568.9301,1232.3101,1418.09,1568.9301,1261.49,1414.64,1553.86,1261.49,1414.64,1553.86,1261.49,1414.64,1553.86,3788.76,4331.3999,4765.7598,3788.76,4331.3999,4765.7598,3788.76,4331.3999,4765.7598,3815.1899,4303.8101,4763.3799,3815.1899,4303.8101,4763.3799,3815.1899,4303.8101,4763.3799,351.85001,404.89999,447.98001,351.85001,404.89999,447.98001,351.85001,404.89999,447.98001,360.19,403.92001,443.67001,360.19,403.92001,443.67001,360.19,403.92001,443.67001,708463.06,798211.56,885645.44,708463.06,798211.56,885645.44,708463.06,798211.56,885645.44,711396.38,796540.88,874774.19,711396.38,796540.88,874774.19,711396.38,796540.88,874774.19,.94999999,.98000002,1.02,.94999999,.98000002,1.02,.94999999,.98000002,1.02,.94,.98000002,1.03,.94,.98000002,1.03,.94,.98000002,1.03,1.08,1.12,1.16,1.08,1.12,1.16,1.08,1.12,1.16,1.0599999,1.11,1.17,1.0599999,1.11,1.17,1.0599999,1.11,1.17,.24929923,.24487823,.24706857,.24929923,.24487823,.24706857,.24929923,.24487823,.24706857,.24735421,.24494375,.24949957,.24735421,.24494375,.24949957,.24735421,.24494375,.24949957,189.98169,68157.422,358.75784,103602.09,30123,30123,30123,253,253,253,526490,526490,526490,4103,4103,4103,6.1662197,6.1662197,6.1662197,167.9077,7854.3999,46.77808,11834.854,,,,,,,,,,,,,,,,,,,,16.217392,17.478006,,,433.95837,405.85532,,,,,401.12439,363.02393,401.12439,363.02393,401.12439,363.02393,16.217392,17.478006,,,1,,2.3890646,2.3890646,2.3890646,1.1414229,1.1414229,1.1414229,1,,1,,63.928566,,,28.232197,28.232197,28.232197,1,,1,,2.3890648,2.3890648,2.3890648,.85747802,.85747802,.85747802,1,,1,,55.476273,,,17.810099,17.810099,17.810099,1,
18Oct2020,Iran,252,30375,504,1260,60750,151875,3890,530380,7780,19450,1060760,2651900,427400,3479,6.4781489,72605,286.29465,4617.0088,168.70255,6686.9453,39.637489,9988.6475,,,,,,,,,,,,,,,,,,,,,,,,28771.975,32673.84,25247.084,9549.1641,10844.158,8379.2842,3414.011,3823.9739,2997.125,1257.8195,1375.0614,1137.9269,602.04431,,,72567.836,,,680.60229,680.60229,680.60229,72687.43,72687.43,72687.43,252,,,30375,,,284.88232,284.88232,284.88232,30425.059,30425.059,30425.059,35.25634,265881.03,228855.36,302002,29473582,33709500,25482692,602.04431,,,72567.836,,,680.60229,680.60229,680.60229,72687.43,72687.43,72687.43,35.25634,,,,,,,602.04431,,,72567.836,,,680.60229,680.60229,680.60229,72687.43,72687.43,72687.43,35.25634,,,,,,,.71418673,,,86.085007,,,.8073777,.8073777,.8073777,86.226875,86.226875,86.226875,.29893988,,,36.032932,,,.33794719,.33794719,.33794719,36.092316,36.092316,36.092316,4.6145883,315.40652,271.48413,358.25577,.22643372,,,,,,,,,366.98276,119074.13,324.4679,195344.05,26125.711,24993.43,27188.59,26125.711,24993.43,27188.59,26125.711,24993.43,27188.59,26243.32,25066.4,27205.93,26243.32,25066.4,27205.93,26243.32,25066.4,27205.93,295.89999,256.41,329.20999,295.89999,256.41,329.20999,295.89999,256.41,329.20999,292.26001,258.5,324.04001,292.26001,258.5,324.04001,292.26001,258.5,324.04001,9493550,9138003,9879467,9493550,9138003,9879467,9493550,9138003,9879467,9523728,9265575,9909956,9523728,9265575,9909956,9523728,9265575,9909956,116711.53,104022.5,129759.59,116711.53,104022.5,129759.59,116711.53,104022.5,129759.59,116458.88,103760.96,127948.52,116458.88,103760.96,127948.52,116458.88,103760.96,127948.52,10305.36,11905.16,13096.86,10305.36,11905.16,13096.86,10305.36,11905.16,13096.86,10497.32,11850.67,13221.56,10497.32,11850.67,13221.56,10497.32,11850.67,13221.56,1260.79,1443.92,1597.35,1260.79,1443.92,1597.35,1260.79,1443.92,1597.35,1293.72,1440.52,1575.48,1293.72,1440.52,1575.48,1293.72,1440.52,1575.48,3864.98,4421.3701,4861.1699,3864.98,4421.3701,4861.1699,3864.98,4421.3701,4861.1699,3899.4199,4397.1201,4874.0898,3899.4199,4397.1201,4874.0898,3899.4199,4397.1201,4874.0898,359.98999,412.26999,456.09,359.98999,412.26999,456.09,359.98999,412.26999,456.09,369.39001,411.31,449.85999,369.39001,411.31,449.85999,369.39001,411.31,449.85999,709630.44,796408.75,881107.69,709630.44,796408.75,881107.69,709630.44,796408.75,881107.69,712416,794475.31,868697,712416,794475.31,868697,712416,794475.31,868697,.94999999,.98000002,1.02,.94999999,.98000002,1.02,.94999999,.98000002,1.02,.93000001,.98000002,1.03,.93000001,.98000002,1.03,.93000001,.98000002,1.03,1.08,1.12,1.16,1.08,1.12,1.16,1.08,1.12,1.16,1.0599999,1.11,1.17,1.0599999,1.11,1.17,1.0599999,1.11,1.17,.25353107,.24649476,.25370762,.25353107,.24649476,.25370762,.25353107,.24649476,.25370762,.25095552,.24913031,.25325811,.25095552,.24913031,.25325811,.25095552,.24913031,.25325811,189.98169,68157.422,358.75784,106156.45,30375,30375,30375,252,252,252,530380,530380,530380,3890,3890,3890,6.4781489,6.4781489,6.4781489,167.9077,7854.3999,46.77808,11788.076,,,,,,,,,,,,,,,,,,,,15.436508,17.461069,,,441.63034,406.15213,,,,,394.42899,363.37958,394.42899,363.37958,394.42899,363.37958,15.436508,17.461069,,,1,,2.3890648,2.3890648,2.3890648,1.1742064,1.1742064,1.1742064,1,,1,,68.349876,,,30.002964,30.002964,30.002964,1,,1,,2.3890646,2.3890646,2.3890646,.86010569,.86010569,.86010569,1,,1,,55.57069,,,17.899525,17.899525,17.899525,1,
19Oct2020,Iran,337,30712,674,1685,61424,153560,4251,534631,8502,21255,1069262,2673155,431360,3960,7.9275465,72559,294.41965,4779.0981,168.70255,6686.9453,39.637489,13357.834,,,,,,,,,,,,,,,,,,,,,,,,28718.076,32619.721,25128.514,9695.2881,11012.492,8483.4434,3476.9487,3900.3755,3055.9827,1283.7343,1404.6051,1163.5432,805.11481,,,73372.953,,,698.40808,698.40808,698.40808,73385.844,73385.844,73385.844,337,,,30712,,,292.33536,292.33536,292.33536,30717.395,30717.395,30717.395,34.997654,269350.84,231090.48,306920.78,29742934,34016420,25713784,805.11481,,,73372.953,,,698.40808,698.40808,698.40808,73385.844,73385.844,73385.844,34.997654,,,,,,,805.11481,,,73372.953,,,698.40808,698.40808,698.40808,73385.844,73385.844,73385.844,34.997654,,,,,,,.95508307,,,87.040092,,,.82850015,.82850015,.82850015,87.055382,87.055382,87.055382,.39977279,,,36.432705,,,.3467885,.3467885,.3467885,36.439106,36.439106,36.439106,5.0428314,319.52267,274.13556,364.09076,.29890934,,,,,,,,,366.98276,119074.13,324.4679,261233.91,26429.359,25299.65,27498.939,26429.359,25299.65,27498.939,26429.359,25299.65,27498.939,26541.92,25393.029,27493.93,26541.92,25393.029,27493.93,26541.92,25393.029,27493.93,303.64999,261.38,364.42999,303.64999,261.38,364.42999,303.64999,261.38,364.42999,298.60001,264.26001,331.70001,298.60001,264.26001,331.70001,298.60001,264.26001,331.70001,9609942,9244259,10005096,9609942,9244259,10005096,9609942,9244259,10005096,9639828,9390784,10031972,9639828,9390784,10031972,9639828,9390784,10031972,116392.1,104166.91,129035.4,116392.1,104166.91,129035.4,116392.1,104166.91,129035.4,116099.65,104074.24,126997.47,116099.65,104074.24,126997.47,116099.65,104074.24,126997.47,10521.5,12140.64,13355.21,10521.5,12140.64,13355.21,10521.5,12140.64,13355.21,10723.25,12089.49,13444.77,10723.25,12089.49,13444.77,10723.25,12089.49,13444.77,1287.71,1467.76,1623.15,1287.71,1467.76,1623.15,1287.71,1467.76,1623.15,1320.1801,1464.39,1602.29,1320.1801,1464.39,1602.29,1320.1801,1464.39,1602.29,3943.8201,4509.9702,4928.4102,3943.8201,4509.9702,4928.4102,3943.8201,4509.9702,4928.4102,3986.8501,4490.4199,4980.9302,3986.8501,4490.4199,4980.9302,3986.8501,4490.4199,4980.9302,367.67001,419.07999,463.45001,367.67001,419.07999,463.45001,367.67001,419.07999,463.45001,376.92001,418.12,457.5,376.92001,418.12,457.5,376.92001,418.12,457.5,710675.56,794356.38,876233.63,710675.56,794356.38,876233.63,710675.56,794356.38,876233.63,714815.25,792146.06,862243.44,714815.25,792146.06,862243.44,714815.25,792146.06,862243.44,.94999999,.98000002,1.01,.94999999,.98000002,1.01,.94999999,.98000002,1.01,.93000001,.98000002,1.03,.93000001,.98000002,1.03,.93000001,.98000002,1.03,1.08,1.12,1.16,1.08,1.12,1.16,1.08,1.12,1.16,1.0599999,1.11,1.17,1.0599999,1.11,1.17,1.0599999,1.11,1.17,.26088539,.25092423,.28242636,.26088539,.25092423,.28242636,.26088539,.25092423,.28242636,.25719285,.25391489,.26118633,.25719285,.25391489,.26118633,.25719285,.25391489,.26118633,189.98169,68157.422,358.75784,108936.82,30712,30712,30712,337,337,337,534631,534631,534631,4251,4251,4251,7.9275465,7.9275465,7.9275465,167.9077,7854.3999,46.77808,15764.213,,,,,,,,,,,,,,,,,,,,12.614244,17.407887,,,334.54962,405.36646,,,,,383.31006,363.60858,383.31006,363.60858,383.31006,363.60858,12.614244,17.407887,,,1,,2.3890648,2.3890648,2.3890648,.90103859,.90103859,.90103859,1,,1,,63.361759,,,27.379934,27.379934,27.379934,1,,1,,2.3890646,2.3890646,2.3890646,.86055481,.86055481,.86055481,1,,1,,55.632641,,,17.974907,17.974907,17.974907,1,
20Oct2020,Iran,322,31034,644,1610,62068,155170,5039,539670,10078,25195,1079340,2698350,434676,3316,6.3901567,73960,302.38391,4983.0269,168.70255,6686.9453,39.637489,12763.271,,,,,,,,,,,,,,,,,,,,,,,,29108.699,33049.184,25409.178,9862.7949,11197.935,8609.2998,3539.7297,3975.5552,3117.095,1309.6406,1434.2981,1189.174,769.27881,,,74142.234,,,716.89368,716.89368,716.89368,74102.734,74102.734,74102.734,322,,,31034,,,300.07294,300.07294,300.07294,31017.467,31017.467,31017.467,35.057945,272695.63,233354.13,311393.44,30015628,34327816,25947138,769.27881,,,74142.234,,,716.89368,716.89368,716.89368,74102.734,74102.734,74102.734,35.057945,,,,,,,769.27881,,,74142.234,,,716.89368,716.89368,716.89368,74102.734,74102.734,74102.734,35.057945,,,,,,,.91257197,,,87.95266,,,.85042906,.85042906,.85042906,87.905807,87.905807,87.905807,.38197875,,,36.814686,,,.35596737,.35596737,.35596737,36.795071,36.795071,36.795071,5.9776115,323.49051,276.82086,369.39651,.28210163,,,,,,,,,366.98276,119074.13,324.4679,249606.28,26742.16,25617.141,27825.609,26742.16,25617.141,27825.609,26742.16,25617.141,27825.609,26846.869,25727.33,27797.039,26846.869,25727.33,27797.039,26846.869,25727.33,27797.039,312.79999,266.57999,401.75,312.79999,266.57999,401.75,312.79999,266.57999,401.75,304.95001,270.07999,339.23001,304.95001,270.07999,339.23001,304.95001,270.07999,339.23001,9725671,9350377,10139436,9725671,9350377,10139436,9725671,9350377,10139436,9755216,9502992,10152515,9755216,9502992,10152515,9755216,9502992,10152515,115728.63,103998.39,127758.25,115728.63,103998.39,127758.25,115728.63,103998.39,127758.25,115388.31,104247.53,125489.22,115388.31,104247.53,125489.22,115388.31,104247.53,125489.22,10741.56,12373.06,13610.44,10741.56,12373.06,13610.44,10741.56,12373.06,13610.44,10948.93,12324.85,13656.4,10948.93,12324.85,13656.4,10948.93,12324.85,13656.4,1310.8101,1487.24,1643.37,1310.8101,1487.24,1643.37,1310.8101,1487.24,1643.37,1334.74,1483.8101,1622.66,1334.74,1483.8101,1622.66,1334.74,1483.8101,1622.66,4024.28,4594.8799,4964.5698,4024.28,4594.8799,4964.5698,4024.28,4594.8799,4964.5698,4076.49,4582.75,5071.4702,4076.49,4582.75,5071.4702,4076.49,4582.75,5071.4702,374.26999,424.63,469.20999,374.26999,424.63,469.20999,374.26999,424.63,469.20999,381.07001,423.66,463.31,381.07001,423.66,463.31,381.07001,423.66,463.31,711595.88,792112.31,871101.38,711595.88,792112.31,871101.38,711595.88,792112.31,871101.38,716799.44,789630.31,855852.38,716799.44,789630.31,855852.38,716799.44,789630.31,855852.38,.94999999,.98000002,1.01,.94999999,.98000002,1.01,.94999999,.98000002,1.01,.93000001,.97000003,1.02,.93000001,.97000003,1.02,.93000001,.97000003,1.02,1.08,1.12,1.16,1.08,1.12,1.16,1.08,1.12,1.16,1.0599999,1.11,1.17,1.0599999,1.11,1.17,1.0599999,1.11,1.17,.27028745,.25633088,.31446111,.27028745,.25633088,.31446111,.27028745,.25633088,.31446111,.26428154,.25907567,.27032602,.26428154,.25907567,.27032602,.26428154,.25907567,.27032602,189.98169,68157.422,358.75784,112219.45,31034,31034,31034,322,322,322,539670,539670,539670,5039,5039,5039,6.3901567,6.3901567,6.3901567,167.9077,7854.3999,46.77808,15062.542,,,,,,,,,,,,,,,,,,,,15.649068,17.389637,,,354.48218,404.83847,,,,,369.97647,363.68307,369.97647,363.68307,369.97647,363.68307,15.649068,17.389637,,,1,,2.3890646,2.3890646,2.3890646,.97142851,.97142851,.97142851,1,,1,,54.117012,,,22.966587,22.966587,22.966587,1,,1,,2.3890648,2.3890648,2.3890648,.86170524,.86170524,.86170524,1,,1,,55.618484,,,18.021515,18.021515,18.021515,1,
21Oct2020,Iran,312,31346,624,1560,62692,156730,5616,545286,11232,28080,1090572,2726430,438709,4033,5.5555553,75231,309.73215,5218.1699,168.70255,6686.9453,39.637489,12366.896,,,,,,,,,,,,,,,,,,,,,,,,29351.225,33303.375,25571.451,10060.281,11414.9,8764.7441,3602.2256,4050.6685,3180.6235,1335.4572,1463.6425,1210.1,745.38818,,,74887.617,,,735.99835,735.99835,735.99835,74838.734,74838.734,74838.734,312,,,31346,,,308.06967,308.06967,308.06967,31325.537,31325.537,31325.537,35.399044,275902.47,235425.34,315177.38,30291532,34642992,26182562,745.38818,,,74887.617,,,735.99835,735.99835,735.99835,74838.734,74838.734,74838.734,35.399044,,,,,,,745.38818,,,74887.617,,,735.99835,735.99835,735.99835,74838.734,74838.734,74838.734,35.399044,,,,,,,.88423121,,,88.836891,,,.87309229,.87309229,.87309229,88.7789,88.7789,88.7789,.37011606,,,37.184803,,,.36545363,.36545363,.36545363,37.160526,37.160526,37.160526,6.6620889,327.29465,279.27789,373.88528,.27016366,,,,,,,,,366.98276,119074.13,324.4679,241854.53,27065.66,25943.061,28171.859,27065.66,25943.061,28171.859,27065.66,25943.061,28171.859,27158.141,26069.119,28126.061,27158.141,26069.119,28126.061,27158.141,26069.119,28126.061,323.48999,271.95001,424.92999,323.48999,271.95001,424.92999,323.48999,271.95001,424.92999,311.26999,275.95999,346.23999,311.26999,275.95999,346.23999,311.26999,275.95999,346.23999,9840716,9456530,10272604,9840716,9456530,10272604,9840716,9456530,10272604,9869873,9613119,10271569,9869873,9613119,10271569,9869873,9613119,10271569,115044.73,103814.86,126453.83,115044.73,103814.86,126453.83,115044.73,103814.86,126453.83,114656.75,104137.77,123986.38,114656.75,104137.77,123986.38,114656.75,104137.77,123986.38,10960.38,12597.44,13865.55,10960.38,12597.44,13865.55,10960.38,12597.44,13865.55,11170.48,12551.77,13852.36,11170.48,12551.77,13852.36,11170.48,12551.77,13852.36,1329.14,1501.35,1657.98,1329.14,1501.35,1657.98,1329.14,1501.35,1657.98,1346.9,1497.76,1635.1,1346.9,1497.76,1635.1,1346.9,1497.76,1635.1,4104.9302,4673.1802,4982.5801,4104.9302,4673.1802,4982.5801,4104.9302,4673.1802,4982.5801,4166.8999,4672.6899,5156.8301,4166.8999,4672.6899,5156.8301,4166.8999,4672.6899,5156.8301,379.5,428.66,473.39001,379.5,428.66,473.39001,379.5,428.66,473.39001,384.56,427.64001,466.85999,384.56,427.64001,466.85999,384.56,427.64001,466.85999,712378.38,789681,865726.56,712378.38,789681,865726.56,712378.38,789681,865726.56,716690.81,786936,849404.56,716690.81,786936,849404.56,716690.81,786936,849404.56,.94999999,.98000002,1.01,.94999999,.98000002,1.01,.94999999,.98000002,1.01,.93000001,.97000003,1.02,.93000001,.97000003,1.02,.93000001,.97000003,1.02,1.08,1.12,1.16,1.08,1.12,1.16,1.08,1.12,1.16,1.0599999,1.11,1.17,1.0599999,1.11,1.17,1.0599999,1.11,1.17,.28118628,.26195672,.3360357,.28118628,.26195672,.3360357,.28118628,.26195672,.3360357,.27147987,.2649951,.27925646,.27147987,.2649951,.27925646,.27147987,.2649951,.27925646,189.98169,68157.422,358.75784,116054.57,31346,31346,31346,312,312,312,545286,545286,545286,5616,5616,5616,5.5555553,5.5555553,5.5555553,167.9077,7854.3999,46.77808,14594.761,,,,,,,,,,,,,,,,,,,,18,17.395712,,,370.14603,404.49319,,,,,355.63614,363.58676,355.63614,363.58676,355.63614,363.58676,18,17.395712,,,1,,2.3890648,2.3890648,2.3890648,1.0368268,1.0368268,1.0368268,1,,1,,49.127934,,,20.485172,20.485172,20.485172,1,,1,,2.3890646,2.3890646,2.3890646,.86344862,.86344862,.86344862,1,,1,,55.55164,,,18.046888,18.046888,18.046888,1,
22Oct2020,Iran,304,31650,608,1520,63300,158250,5471,550757,10942,27355,1101514,2753785,442674,3965,5.556571,76433,316.52679,5473.0713,168.70255,6686.9453,39.637489,12049.797,,,,,,,,,,,,,,,,,,,,,,,,29726.922,33701.293,25862.127,10311.389,11689.98,8970.8057,3664.3022,4124.4248,3220.8684,1361.1206,1492.4614,1232.7128,726.27563,,,75613.898,,,755.66986,755.66986,755.66986,75594.398,75594.398,75594.398,304,,,31650,,,316.30365,316.30365,316.30365,31641.84,31641.84,31641.84,36.012054,278957.38,237656.55,318611.13,30570488,34961604,26420220,726.27563,,,75613.898,,,755.66986,755.66986,755.66986,75594.398,75594.398,75594.398,36.012054,,,,,,,726.27563,,,75613.898,,,755.66986,755.66986,755.66986,75594.398,75594.398,75594.398,36.012054,,,,,,,.86155862,,,89.698456,,,.89642805,.89642805,.89642805,89.675331,89.675331,89.675331,.36062589,,,37.545425,,,.37522134,.37522134,.37522134,37.535748,37.535748,37.535748,6.4900799,330.91861,281.92468,377.95865,.26035362,,,,,,,,,366.98276,119074.13,324.4679,235653.13,27402.039,26295.199,28556.189,27402.039,26295.199,28556.189,27402.039,26295.199,28556.189,27475.641,26418.119,28467.6,27475.641,26418.119,28467.6,27475.641,26418.119,28467.6,336.39001,277.44,439.25,336.39001,277.44,439.25,336.39001,277.44,439.25,317.5,281.82999,352.23999,317.5,281.82999,352.23999,317.5,281.82999,352.23999,9955141,9562761,10404692,9955141,9562761,10404692,9955141,9562761,10404692,9983865,9726842,10389221,9983865,9726842,10389221,9983865,9726842,10389221,114424.9,103688.3,125262.04,114424.9,103688.3,125262.04,114424.9,103688.3,125262.04,113991.95,103977.38,123275.27,113991.95,103977.38,123275.27,113991.95,103977.38,123275.27,11172.77,12808.74,14101.1,11172.77,12808.74,14101.1,11172.77,12808.74,14101.1,11409.29,12765.25,14028.5,11409.29,12765.25,14028.5,11409.29,12765.25,14028.5,1342.88,1510.35,1666.14,1342.88,1510.35,1666.14,1342.88,1510.35,1666.14,1357.37,1506.48,1640.25,1357.37,1506.48,1640.25,1357.37,1506.48,1640.25,4184.2598,4741.21,4993.6602,4184.2598,4741.21,4993.6602,4184.2598,4741.21,4993.6602,4256.5601,4758.73,5235.7598,4256.5601,4758.73,5235.7598,4256.5601,4758.73,5235.7598,383.42001,431.22,475.70999,383.42001,431.22,475.70999,383.42001,431.22,475.70999,387.54001,430.12,468.32001,387.54001,430.12,468.32001,387.54001,430.12,468.32001,713012.94,787063.13,860110.5,713012.94,787063.13,860110.5,713012.94,787063.13,860110.5,716430.44,784067.38,847701.19,716430.44,784067.38,847701.19,716430.44,784067.38,847701.19,.94999999,.97000003,1.01,.94999999,.97000003,1.01,.94999999,.97000003,1.01,.93000001,.97000003,1.02,.93000001,.97000003,1.02,.93000001,.97000003,1.02,1.08,1.12,1.16,1.08,1.12,1.16,1.08,1.12,1.16,1.0599999,1.11,1.17,1.0599999,1.11,1.17,1.0599999,1.11,1.17,.29398322,.26757118,.35066488,.29398322,.26757118,.35066488,.29398322,.26757118,.35066488,.27852842,.27104932,.2857345,.27852842,.27104932,.2857345,.27852842,.27104932,.2857345,189.98169,68157.422,358.75784,120682.55,31650,31650,31650,304,304,304,550757,550757,550757,5471,5471,5471,5.556571,5.556571,5.556571,167.9077,7854.3999,46.77808,14220.536,,,,,,,,,,,,,,,,,,,,17.99671,17.401485,,,384.09299,404.29721,,,,,340.15546,363.29929,340.15546,363.29929,340.15546,363.29929,17.99671,17.401485,,,1,,2.3890646,2.3890646,2.3890646,1.106546,1.106546,1.106546,1,,1,,50.988369,,,20.914804,20.914804,20.914804,1,,1,,2.3890648,2.3890648,2.3890648,.86578321,.86578321,.86578321,1,,1,,55.50631,,,18.075378,18.075378,18.075378,1,
23Oct2020,Iran,335,31985,670,1675,63970,159925,6134,556891,12268,30670,1113782,2784455,446685,4011,5.4613628,78221,323.125,5738.8569,168.70255,6686.9453,39.637489,13278.559,,,,,,,,,,,,,,,,,,,,,,,,30197.875,34199.359,26249.383,10633.12,12042.102,9242.7979,3725.8191,4195.0229,3274.9092,1386.5867,1517.4417,1255.0183,800.33667,,,76414.234,,,775.86456,775.86456,775.86456,76370.266,76370.266,76370.266,335,,,31985,,,324.75662,324.75662,324.75662,31966.598,31966.598,31966.598,36.904537,281845.59,239846.56,321806.34,30852334,35283408,26660066,800.33667,,,76414.234,,,775.86456,775.86456,775.86456,76370.266,76370.266,76370.266,36.904537,,,,,,,800.33667,,,76414.234,,,775.86456,775.86456,775.86456,76370.266,76370.266,76370.266,36.904537,,,,,,,.94941491,,,90.647865,,,.92038441,.92038441,.92038441,90.595711,90.595711,90.595711,.39740026,,,37.942829,,,.38524884,.38524884,.38524884,37.920998,37.920998,37.920998,7.2765765,334.34482,284.52264,381.74905,.28396282,,,,,,,,,366.98276,119074.13,324.4679,259683.56,27752.061,26678.471,28978.561,27752.061,26678.471,28978.561,27752.061,26678.471,28978.561,27799.199,26770.311,28815.029,27799.199,26770.311,28815.029,27799.199,26770.311,28815.029,350.01999,282.95999,446.79999,350.01999,282.95999,446.79999,350.01999,282.95999,446.79999,323.56,287.64001,357.87,323.56,287.64001,357.87,323.56,287.64001,357.87,10069005,9669104,10535786,10069005,9669104,10535786,10069005,9669104,10535786,10097254,9838409,10505555,10097254,9838409,10505555,10097254,9838409,10505555,113864.56,103549.39,124178.01,113864.56,103549.39,124178.01,113864.56,103549.39,124178.01,113389.55,103836.95,122427.52,113389.55,103836.95,122427.52,113389.55,103836.95,122427.52,11374.49,13002.87,14312.31,11374.49,13002.87,14312.31,11374.49,13002.87,14312.31,11642.48,12961.23,14181.59,11642.48,12961.23,14181.59,11642.48,12961.23,14181.59,1352.8101,1515.08,1668.54,1352.8101,1515.08,1668.54,1352.8101,1515.08,1668.54,1366.83,1510.85,1641.61,1366.83,1510.85,1641.61,1366.83,1510.85,1641.61,4261.0098,4796.96,4998.7998,4261.0098,4796.96,4998.7998,4261.0098,4796.96,4998.7998,4344.1802,4839.6499,5307.2202,4344.1802,4839.6499,5307.2202,4344.1802,4839.6499,5307.2202,386.26001,432.57001,476.39001,386.26001,432.57001,476.39001,386.26001,432.57001,476.39001,390.23001,431.37,468.70001,390.23001,431.37,468.70001,390.23001,431.37,468.70001,713107.81,784259.38,854275.13,713107.81,784259.38,854275.13,713107.81,784259.38,854275.13,716016.56,781026.81,843068.44,716016.56,781026.81,843068.44,716016.56,781026.81,843068.44,.94,.97000003,1.01,.94,.97000003,1.01,.94,.97000003,1.01,.93000001,.97000003,1.02,.93000001,.97000003,1.02,.93000001,.97000003,1.02,1.08,1.12,1.16,1.08,1.12,1.16,1.08,1.12,1.16,1.0599999,1.11,1.17,1.0599999,1.11,1.17,1.0599999,1.11,1.17,.30740029,.27326089,.35980606,.30740029,.27326089,.35980606,.30740029,.27326089,.35980606,.28535259,.27701122,.29231173,.28535259,.27701122,.29231173,.28535259,.27701122,.29231173,189.98169,68157.422,358.75784,125572.41,31985,31985,31985,335,335,335,556891,556891,556891,6134,6134,6134,5.4613628,5.4613628,5.4613628,167.9077,7854.3999,46.77808,15670.657,,,,,,,,,,,,,,,,,,,,18.310448,17.411005,,,352.15878,403.75113,,,,,325.30875,362.8201,325.30875,362.8201,325.30875,362.8201,18.310448,17.411005,,,1,,2.3890648,2.3890648,2.3890648,1.0448358,1.0448358,1.0448358,1,,1,,45.948093,,,18.562857,18.562857,18.562857,1,,1,,2.3890648,2.3890648,2.3890648,.86765862,.86765862,.86765862,1,,1,,55.401028,,,18.080746,18.080746,18.080746,1,
24Oct2020,Iran,335,32320,670,1675,64640,161600,5814,562705,11628,29070,1125410,2813525,450891,4206,5.7619538,79494,330.22321,6009.4019,168.70255,6686.9453,39.637489,13278.559,,,,,,,,,,,,,,,,,,,,,,,,30743.645,34775.012,26717.125,10986.449,12427.086,9547.5449,3786.6311,4244.5249,3326.0537,1411.8104,1542.4254,1271.8895,800.33667,,,77214.57,,,796.53345,796.53345,796.53345,77166.797,77166.797,77166.797,335,,,32320,,,333.40808,333.40808,333.40808,32300.006,32300.006,32300.006,38.0774,284550.5,242405.44,325174.5,31136884,35608584,26902472,800.33667,,,77214.57,,,796.53345,796.53345,796.53345,77166.797,77166.797,77166.797,38.0774,,,,,,,800.33667,,,77214.57,,,796.53345,796.53345,796.53345,77166.797,77166.797,77166.797,38.0774,,,,,,,.94941491,,,91.597282,,,.94490325,.94490325,.94490325,91.540619,91.540619,91.540619,.39740026,,,38.340229,,,.39551181,.39551181,.39551181,38.316509,38.316509,38.316509,6.8969703,337.55356,287.55814,385.74457,.2812635,,,,,,,,,366.98276,119074.13,324.4679,259683.56,28114.25,27076,29458.75,28114.25,27076,29458.75,28114.25,27076,29458.75,28128.561,27117.869,29167.949,28128.561,27117.869,29167.949,28128.561,27117.869,29167.949,362.19,288.42001,450.23999,362.19,288.42001,450.23999,362.19,288.42001,450.23999,329.37,293.73001,363.04001,329.37,293.73001,363.04001,329.37,293.73001,363.04001,10182343,9775576,10665936,10182343,9775576,10665936,10182343,9775576,10665936,10210077,9946127,10620627,10210077,9946127,10620627,10210077,9946127,10620627,113337.23,103439.06,123160.42,113337.23,103439.06,123160.42,113337.23,103439.06,123160.42,112822.6,103624.7,121606.12,112822.6,103624.7,121606.12,112822.6,103624.7,121606.12,11562.54,13177.07,14496.21,11562.54,13177.07,14496.21,11562.54,13177.07,14496.21,11863.3,13137.05,14314.27,11863.3,13137.05,14314.27,11863.3,13137.05,14314.27,1359.8199,1516.55,1666.83,1359.8199,1516.55,1666.83,1359.8199,1516.55,1666.83,1373.28,1511.91,1638.21,1373.28,1511.91,1638.21,1373.28,1511.91,1638.21,4334.2202,4840.9102,5000.96,4334.2202,4840.9102,5000.96,4334.2202,4840.9102,5000.96,4428.7598,4914.5498,5370.5498,4428.7598,4914.5498,5370.5498,4428.7598,4914.5498,5370.5498,388.25,432.98001,475.89999,388.25,432.98001,475.89999,388.25,432.98001,475.89999,392.06,431.66,467.72,392.06,431.66,467.72,392.06,431.66,467.72,712914.25,781272.44,848240.63,712914.25,781272.44,848240.63,712914.25,781272.44,848240.63,714913.69,777815.94,837762.5,714913.69,777815.94,837762.5,714913.69,777815.94,837762.5,.94,.97000003,1.01,.94,.97000003,1.01,.94,.97000003,1.01,.93000001,.97000003,1.02,.93000001,.97000003,1.02,.93000001,.97000003,1.02,1.08,1.12,1.16,1.08,1.12,1.16,1.08,1.12,1.16,1.0599999,1.11,1.17,1.0599999,1.11,1.17,1.0599999,1.11,1.17,.31956843,.27883086,.36557198,.31956843,.27883086,.36557198,.31956843,.27883086,.36557198,.29193619,.28345558,.29853761,.29193619,.28345558,.29853761,.29193619,.28345558,.29853761,189.98169,68157.422,358.75784,129938.51,32320,32320,32320,335,335,335,562705,562705,562705,5814,5814,5814,5.7619538,5.7619538,5.7619538,167.9077,7854.3999,46.77808,15670.657,,,,,,,,,,,,,,,,,,,,17.355225,17.410427,,,355.53851,403.2514,,,,,312.92203,362.17731,312.92203,362.17731,312.92203,362.17731,17.355225,17.410427,,,1,,2.3890648,2.3890648,2.3890648,1.0811642,1.0811642,1.0811642,1,,1,,48.942295,,,19.493847,19.493847,19.493847,1,,1,,2.3890648,2.3890648,2.3890648,.86987162,.86987162,.86987162,1,,1,,55.334293,,,18.095348,18.095348,18.095348,1,
25Oct2020,Iran,296,32616,592,1480,65232,163080,6191,568896,12382,30955,1137792,2844480,455054,4163,4.7811341,81226,338.47321,6282.2944,168.70255,6686.9453,39.637489,11732.697,,,,,,,,,,,,,,,,,,,,,,,,31337.146,35448.527,27243.898,11350.386,12839.538,9867.8027,3846.5867,4302.7593,3367.9656,1436.7299,1572.0028,1290.8204,707.16315,,,77921.734,,,817.62103,817.62103,817.62103,77984.422,77984.422,77984.422,296,,,32616,,,342.23477,342.23477,342.23477,32642.24,32642.24,32642.24,39.504219,287053.97,245062.63,327583.75,31423938,35936168,27147534,707.16315,,,77921.734,,,817.62103,817.62103,817.62103,77984.422,77984.422,77984.422,39.504219,,,,,,,707.16315,,,77921.734,,,817.62103,817.62103,817.62103,77984.422,77984.422,77984.422,39.504219,,,,,,,.83888602,,,92.436172,,,.96991885,.96991885,.96991885,92.510536,92.510536,92.510536,.35113576,,,38.691364,,,.40598267,.40598267,.40598267,38.722492,38.722492,38.722492,7.3441939,340.52335,290.7103,388.60257,.24635199,,,,,,,,,366.98276,119074.13,324.4679,229451.73,28486.721,27438.49,29941.289,28486.721,27438.49,29941.289,28486.721,27438.49,29941.289,28463.4,27471.039,29525.881,28463.4,27471.039,29525.881,28463.4,27471.039,29525.881,372.47,293.72,452.12,372.47,293.72,452.12,372.47,293.72,452.12,334.82999,299.81,367.70999,334.82999,299.81,367.70999,334.82999,299.81,367.70999,10295162,9882174,10795159,10295162,9882174,10795159,10295162,9882174,10795159,10322344,10053760,10734462,10322344,10053760,10734462,10322344,10053760,10734462,112819.07,103335.48,122171.41,112819.07,103335.48,122171.41,112819.07,103335.48,122171.41,112266.73,103354.99,120910.47,112266.73,103354.99,120910.47,112266.73,103354.99,120910.47,11735.19,13329.93,14651.54,11735.19,13329.93,14651.54,11735.19,13329.93,14651.54,12068.08,13291.35,14432.91,12068.08,13291.35,14432.91,12068.08,13291.35,14432.91,1364.71,1515.64,1662.48,1364.71,1515.64,1662.48,1364.71,1515.64,1662.48,1375.47,1510.55,1631.38,1375.47,1510.55,1631.38,1375.47,1510.55,1631.38,4403.25,4874.2202,5002.1802,4403.25,4874.2202,5002.1802,4403.25,4874.2202,5002.1802,4509.6602,4982.8901,5425.4102,4509.6602,4982.8901,5425.4102,4509.6602,4982.8901,5425.4102,389.64999,432.72,474.64999,389.64999,432.72,474.64999,389.64999,432.72,474.64999,392.69,431.26999,465.76001,392.69,431.26999,465.76001,392.69,431.26999,465.76001,712560.44,778105.69,842020,712560.44,778105.69,842020,712560.44,778105.69,842020,713319.56,774436.94,833581,713319.56,774436.94,833581,713319.56,774436.94,833581,.94,.97000003,1.01,.94,.97000003,1.01,.94,.97000003,1.01,.92000002,.97000003,1.02,.92000002,.97000003,1.02,.92000002,.97000003,1.02,1.08,1.12,1.16,1.08,1.12,1.16,1.08,1.12,1.16,1.0599999,1.11,1.17,1.0599999,1.11,1.17,1.0599999,1.11,1.17,.33014807,.28423926,.37007022,.33014807,.28423926,.37007022,.33014807,.28423926,.37007022,.29824507,.29007789,.30411759,.29824507,.29007789,.30411759,.29824507,.29007789,.30411759,189.98169,68157.422,358.75784,133626.53,32616,32616,32616,296,296,296,568896,568896,568896,6191,6191,6191,4.7811341,4.7811341,4.7811341,167.9077,7854.3999,46.77808,13846.312,,,,,,,,,,,,,,,,,,,,20.915541,17.442238,,,405.92325,403.27563,,,,,302.89438,361.40216,302.89438,361.40216,302.89438,361.40216,20.915541,17.442238,,,1,,2.3890648,2.3890648,2.3890648,1.2583447,1.2583447,1.2583447,1,,1,,46.366333,,,18.223078,18.223078,18.223078,1,,1,,2.3890648,2.3890648,2.3890648,.87339711,.87339711,.87339711,1,,1,,55.236702,,,18.096739,18.096739,18.096739,1,
26Oct2020,Iran,337,32953,674,1685,65906,164765,5960,574856,11920,29800,1149712,2874280,459250,4196,5.6543622,82653,348,6564.8838,168.70255,6686.9453,39.637489,13357.834,,,,,,,,,,,,,,,,,,,,,,,,31824.775,36018.145,27698.465,11777.142,13328.949,10250.151,3905.5305,4369.144,3401.7429,1461.2657,1605.7733,1307.6552,805.11481,,,78726.844,,,839.06531,839.06531,839.06531,78823.484,78823.484,78823.484,337,,,32953,,,351.21082,351.21082,351.21082,32993.449,32993.449,32993.449,41.122051,289337.78,247760.08,329537.94,31713276,36265704,27395294,805.11481,,,78726.844,,,839.06531,839.06531,839.06531,78823.484,78823.484,78823.484,41.122051,,,,,,,805.11481,,,78726.844,,,839.06531,839.06531,839.06531,78823.484,78823.484,78823.484,41.122051,,,,,,,.95508307,,,93.391251,,,.99535751,.99535751,.99535751,93.50589,93.50589,93.50589,.39977279,,,39.091137,,,.41663063,.41663063,.41663063,39.139122,39.139122,39.139122,7.0701656,343.23257,293.91019,390.92078,.27826121,,,,,,,,,366.98276,119074.13,324.4679,261233.91,28867.971,27763.939,30424.91,28867.971,27763.939,30424.91,28867.971,27763.939,30424.91,28803.289,27829.279,29888.25,28803.289,27829.279,29888.25,28803.289,27829.279,29888.25,381.25,298.79999,452.60001,381.25,298.79999,452.60001,381.25,298.79999,452.60001,339.89999,305.70001,371.81,339.89999,305.70001,371.81,339.89999,305.70001,371.81,10407456,9988888,10923450,10407456,9988888,10923450,10407456,9988888,10923450,10434050,10160895,10847070,10434050,10160895,10847070,10434050,10160895,10847070,112294.47,103224.37,121227.21,112294.47,103224.37,121227.21,112294.47,103224.37,121227.21,111706,103073.23,120285.76,111706,103073.23,120285.76,111706,103073.23,120285.76,11891.7,13461.14,14778.41,11891.7,13461.14,14778.41,11891.7,13461.14,14778.41,12226.44,13423.89,14541.78,12226.44,13423.89,14541.78,12226.44,13423.89,14541.78,1368.09,1513.05,1655.5601,1368.09,1513.05,1655.5601,1368.09,1513.05,1655.5601,1376.26,1507.49,1628.25,1376.26,1507.49,1628.25,1376.26,1507.49,1628.25,4467.7402,4897.8999,5001.8198,4467.7402,4897.8999,5001.8198,4467.7402,4897.8999,5001.8198,4586.4502,5044.4399,5471.96,4586.4502,5044.4399,5471.96,4586.4502,5044.4399,5471.96,390.60999,431.97,472.66,390.60999,431.97,472.66,390.60999,431.97,472.66,392.91,430.38,464.85999,392.91,430.38,464.85999,392.91,430.38,464.85999,712045.88,774763.13,835803.25,712045.88,774763.13,835803.25,712045.88,774763.13,835803.25,711571.81,770892.56,829519.94,711571.81,770892.56,829519.94,711571.81,770892.56,829519.94,.94,.97000003,1,.94,.97000003,1,.94,.97000003,1,.92000002,.97000003,1.02,.92000002,.97000003,1.02,.92000002,.97000003,1.02,1.08,1.12,1.16,1.08,1.12,1.16,1.08,1.12,1.16,1.0599999,1.11,1.17,1.0599999,1.11,1.17,1.0599999,1.11,1.17,.33950916,.28946653,.37334853,.33950916,.28946653,.37334853,.33950916,.28946653,.37334853,.30428088,.29658526,.30910558,.30428088,.29658526,.30910558,.30428088,.29658526,.30910558,189.98169,68157.422,358.75784,136776.42,32953,32953,32953,337,337,337,574856,574856,574856,5960,5960,5960,5.6543622,5.6543622,5.6543622,167.9077,7854.3999,46.77808,15764.213,,,,,,,,,,,,,,,,,,,,17.685459,17.444725,,,359.37457,402.82672,,,,,294.54288,360.51913,294.54288,360.51913,294.54288,360.51913,17.685459,17.444725,,,1,,2.3890648,2.3890648,2.3890648,1.1313057,1.1313057,1.1313057,1,,1,,48.546608,,,18.841354,18.841354,18.841354,1,,1,,2.3890646,2.3890646,2.3890646,.87603468,.87603468,.87603468,1,,1,,55.167339,,,18.104458,18.104458,18.104458,1,
27Oct2020,Iran,346,33299,692,1730,66598,166495,6968,581824,13936,34840,1163648,2909120,463611,4361,4.9655566,84914,358.41965,6848.1162,168.70255,6686.9453,39.637489,13714.571,,,,,,,,,,,,,,,,,,,,,,,,32424.965,36767.871,28273.281,12193.352,13826.493,10632.117,3963.3003,4460.1709,3441.7212,1485.335,1638.2438,1324.6379,826.61639,,,79553.461,,,860.79724,860.79724,860.79724,79684.281,79684.281,79684.281,346,,,33299,,,360.30722,360.30722,360.30722,33353.758,33353.758,33353.758,42.835892,291383.09,250519.81,331068,32004660,36596772,27645814,826.61639,,,79553.461,,,860.79724,860.79724,860.79724,79684.281,79684.281,79684.281,42.835892,,,,,,,826.61639,,,79553.461,,,860.79724,860.79724,860.79724,79684.281,79684.281,79684.281,42.835892,,,,,,,.98058975,,,94.371841,,,1.0211375,1.0211375,1.0211375,94.527031,94.527031,94.527031,.41044921,,,39.501587,,,.42742145,.42742145,.42742145,39.566544,39.566544,39.566544,8.2659254,345.65884,297.18399,392.73584,.28368714,,,,,,,,,366.98276,119074.13,324.4679,268210.47,29257.01,28076.93,30908.65,29257.01,28076.93,30908.65,29257.01,28076.93,30908.65,29147.801,28190.33,30256.789,29147.801,28190.33,30256.789,29147.801,28190.33,30256.789,389.04001,303.60001,451.94,389.04001,303.60001,451.94,389.04001,303.60001,451.94,344.51001,311.34,375.32999,344.51001,311.34,375.32999,344.51001,311.34,375.32999,10519211,10095697,11050793,10519211,10095697,11050793,10519211,10095697,11050793,10545181,10267468,10958450,10545181,10267468,10958450,10545181,10267468,10958450,111754.97,103097.88,120466.99,111754.97,103097.88,120466.99,111754.97,103097.88,120466.99,111131.73,102774.84,119727.01,111131.73,102774.84,119727.01,111131.73,102774.84,119727.01,12032.11,13571.18,14877.88,12032.11,13571.18,14877.88,12032.11,13571.18,14877.88,12327.34,13535.19,14634.64,12327.34,13535.19,14634.64,12327.34,13535.19,14634.64,1370.22,1509.26,1646.86,1370.22,1509.26,1646.86,1370.22,1509.26,1646.86,1376.34,1503.21,1625.29,1376.34,1503.21,1625.29,1376.34,1503.21,1625.29,4527.52,4912.6001,5000.4702,4527.52,4912.6001,5000.4702,4527.52,4912.6001,5000.4702,4650.4902,5099.1699,5515.1099,4650.4902,5099.1699,5515.1099,4650.4902,5099.1699,5515.1099,391.20001,430.88,470.17001,391.20001,430.88,470.17001,391.20001,430.88,470.17001,392.92999,429.14999,464,392.92999,429.14999,464,392.92999,429.14999,464,711371.25,771249,830756.75,711371.25,771249,830756.75,711371.25,771249,830756.75,709672.56,767186.69,825993.75,709672.56,767186.69,825993.75,709672.56,767186.69,825993.75,.94,.97000003,1,.94,.97000003,1,.94,.97000003,1,.92000002,.95999998,1.01,.92000002,.95999998,1.01,.92000002,.95999998,1.01,1.08,1.12,1.16,1.08,1.12,1.16,1.08,1.12,1.16,1.0599999,1.11,1.17,1.0599999,1.11,1.17,1.0599999,1.11,1.17,.34811875,.29447743,.3751567,.34811875,.29447743,.3751567,.34811875,.29447743,.3751567,.31000149,.30293405,.31348816,.31000149,.30293405,.31348816,.31000149,.30293405,.31348816,189.98169,68157.422,358.75784,139571.16,33299,33299,33299,346,346,346,581824,581824,581824,6968,6968,6968,4.9655566,4.9655566,4.9655566,167.9077,7854.3999,46.77808,16185.216,,,,,,,,,,,,,,,,,,,,20.138729,17.472717,,,352.50098,402.3038,,,,,287.2583,359.54498,287.2583,359.54498,287.2583,359.54498,20.138729,17.472717,,,1,,2.3890648,2.3890648,2.3890648,1.1243931,1.1243931,1.1243931,1,,1,,41.817322,,,16.038313,16.038313,16.038313,1,,1,,2.3890646,2.3890646,2.3890646,.87861526,.87861526,.87861526,1,,1,,55.007458,,,18.079714,18.079714,18.079714,1,
28Oct2020,Iran,415,33714,830,2075,67428,168570,6824,588648,13648,34120,1177296,2943240,467917,4306,6.0814772,87017,369.875,7131.2681,168.70255,6686.9453,39.637489,16449.559,,,,,,,,,,,,,,,,,,,,,,,,33300.031,37820.27,29113.199,12663.151,14382.083,11071.006,4019.7249,4546.7773,3474.0203,1508.8447,1669.1564,1341.7911,991.46185,,,80544.922,,,882.73724,882.73724,882.73724,80567.023,80567.023,80567.023,415,,,33714,,,369.49072,369.49072,369.49072,33723.25,33723.25,33723.25,44.534103,293171,253321.11,333070.66,32297830,36929844,27899136,991.46185,,,80544.922,,,882.73724,882.73724,882.73724,80567.023,80567.023,80567.023,44.534103,,,,,,,991.46185,,,80544.922,,,882.73724,882.73724,882.73724,80567.023,80567.023,80567.023,44.534103,,,,,,,1.1761409,,,95.547981,,,1.0471642,1.0471642,1.0471642,95.574196,95.574196,95.574196,.49230182,,,39.993889,,,.43831557,.43831557,.43831557,40.00486,40.00486,40.00486,8.0951023,347.77979,300.50708,395.11154,.33818552,,,,,,,,,366.98276,119074.13,324.4679,321697.53,29650.82,28396.77,31391.77,29650.82,28396.77,31391.77,29650.82,28396.77,31391.77,29496.439,28549.09,30629.721,29496.439,28549.09,30629.721,29496.439,28549.09,30629.721,393.81,308.07001,450.54001,393.81,308.07001,450.54001,393.81,308.07001,450.54001,348.64001,316.69,378.48001,348.64001,316.69,378.48001,348.64001,316.69,378.48001,10630408,10202580,11177166,10630408,10202580,11177166,10630408,10202580,11177166,10655721,10374015,11068594,10655721,10374015,11068594,10655721,10374015,11068594,111196.8,102661.05,119710.26,111196.8,102661.05,119710.26,111196.8,102661.05,119710.26,110540.04,102457.82,119291.38,110540.04,102457.82,119291.38,110540.04,102457.82,119291.38,12156.93,13661.05,14951.6,12156.93,13661.05,14951.6,12156.93,13661.05,14951.6,12392.55,13626.29,14698.36,12392.55,13626.29,14698.36,12392.55,13626.29,14698.36,1370.74,1504.6,1636.92,1370.74,1504.6,1636.92,1370.74,1504.6,1636.92,1375.42,1498.0601,1614.03,1375.42,1498.0601,1614.03,1375.42,1498.0601,1614.03,4582.5898,4921.1201,4998.4399,4582.5898,4921.1201,4998.4399,4582.5898,4921.1201,4998.4399,4704.54,5147.2202,5549.8701,4704.54,5147.2202,5549.8701,4704.54,5147.2202,5549.8701,391.34,429.54001,467.32001,391.34,429.54001,467.32001,391.34,429.54001,467.32001,392.66,427.67001,460.79001,392.66,427.67001,460.79001,392.66,427.67001,460.79001,709080.13,767570.38,825769.06,709080.13,767570.38,825769.06,709080.13,767570.38,825769.06,707624.5,763323.56,823177.81,707624.5,763323.56,823177.81,707624.5,763323.56,823177.81,.94,.97000003,1,.94,.97000003,1,.94,.97000003,1,.92000002,.95999998,1.01,.92000002,.95999998,1.01,.92000002,.95999998,1.01,1.08,1.12,1.16,1.08,1.12,1.16,1.08,1.12,1.16,1.0599999,1.11,1.17,1.0599999,1.11,1.17,1.0599999,1.11,1.17,.35415587,.30008462,.37635872,.35415587,.30008462,.37635872,.35415587,.30008462,.37635872,.31539705,.30909306,.31727356,.31539705,.30909306,.31727356,.31539705,.30909306,.31727356,189.98169,68157.422,358.75784,141282.42,33714,33714,33714,415,415,415,588648,588648,588648,6824,6824,6824,6.0814772,6.0814772,6.0814772,167.9077,7854.3999,46.77808,19412.902,,,,,,,,,,,,,,,,,,,,16.443373,17.460047,,,295.69568,400.99152,,,,,282.36154,358.51987,282.36154,358.51987,282.36154,358.51987,16.443373,17.460047,,,1,,2.3890648,2.3890648,2.3890648,.94893974,.94893974,.94893974,1,,1,,42.961754,,,16.294958,16.294958,16.294958,1,,1,,2.3890646,2.3890646,2.3890646,.87948096,.87948096,.87948096,1,,1,,54.867817,,,18.059023,18.059023,18.059023,1,
29Oct2020,Iran,399,34113,798,1995,68226,170565,8293,596941,16586,41465,1193882,2984705,472598,4681,4.8112864,90230,381.70535,7410.2769,168.70255,6686.9453,39.637489,15815.358,,,,,,,,,,,,,,,,,,,,,,,,33701.816,38324.57,29566.566,13109.648,14907.852,11501.08,4074.6211,4628.1743,3507.2034,1531.5814,1698.1176,1357.3464,953.23682,,,81498.164,,,904.7052,904.7052,904.7052,81471.727,81471.727,81471.727,399,,,34113,,,378.68594,378.68594,378.68594,34101.934,34101.934,34101.934,46.109558,294683.06,256140.58,334919.72,32592514,37264764,28155276,953.23682,,,81498.164,,,904.7052,904.7052,904.7052,81471.727,81471.727,81471.727,46.109558,,,,,,,953.23682,,,81498.164,,,904.7052,904.7052,904.7052,81471.727,81471.727,81471.727,46.109558,,,,,,,1.1307957,,,96.67878,,,1.0732242,1.0732242,1.0732242,96.647415,96.647415,96.647415,.4733215,,,40.467209,,,.44922355,.44922355,.44922355,40.454082,40.454082,40.454082,9.8377323,349.57349,303.85175,397.30502,.32347867,,,,,,,,,366.98276,119074.13,324.4679,309294.75,30046.779,28725.08,31873.689,30046.779,28725.08,31873.689,30046.779,28725.08,31873.689,29848.721,28911.029,31005.18,29848.721,28911.029,31005.18,29848.721,28911.029,31005.18,395.95999,312.20999,448.63,395.95999,312.20999,448.63,395.95999,312.20999,448.63,352.28,321.06,381.17999,352.28,321.06,381.17999,352.28,321.06,381.17999,10741027,10309516,11302545,10741027,10309516,11302545,10741027,10309516,11302545,10765651,10480515,11177497,10765651,10480515,11177497,10765651,10480515,11177497,110618.76,101903.82,118931.15,110618.76,101903.82,118931.15,110618.76,101903.82,118931.15,109929.66,102121.61,118845.17,109929.66,102121.61,118845.17,109929.66,102121.61,118845.17,12267.03,13732.13,15001.57,12267.03,13732.13,15001.57,12267.03,13732.13,15001.57,12501.53,13698.53,14756.08,12501.53,13698.53,14756.08,12501.53,13698.53,14756.08,1370.67,1499.27,1626.09,1370.67,1499.27,1626.09,1370.67,1499.27,1626.09,1372.84,1492.26,1606.89,1372.84,1492.26,1606.89,1372.84,1492.26,1606.89,4633.0298,4925.8901,4995.8799,4633.0298,4925.8901,4995.8799,4633.0298,4925.8901,4995.8799,4744.3799,5188.8198,5579.1699,4744.3799,5188.8198,5579.1699,4744.3799,5188.8198,5579.1699,391.32001,428.01001,464.20999,391.32001,428.01001,464.20999,391.32001,428.01001,464.20999,391.91,426.01001,458.73999,391.91,426.01001,458.73999,391.91,426.01001,458.73999,704093.19,763734.31,820601.06,704093.19,763734.31,820601.06,704093.19,763734.31,820601.06,705430.5,759308.25,820331.19,705430.5,759308.25,820331.19,705430.5,759308.25,820331.19,.94,.95999998,1,.94,.95999998,1,.94,.95999998,1,.92000002,.95999998,1.01,.92000002,.95999998,1.01,.92000002,.95999998,1.01,1.08,1.12,1.16,1.08,1.12,1.16,1.08,1.12,1.16,1.0599999,1.11,1.17,1.0599999,1.11,1.17,1.0599999,1.11,1.17,.35795012,.30637711,.37721825,.35795012,.30637711,.37721825,.35795012,.30637711,.37721825,.32045949,.31438988,.32073662,.32045949,.31438988,.32073662,.32045949,.31438988,.32073662,189.98169,68157.422,358.75784,142053.75,34113,34113,34113,399,399,399,596941,596941,596941,8293,8293,8293,4.8112864,4.8112864,4.8112864,167.9077,7854.3999,46.77808,18664.453,,,,,,,,,,,,,,,,,,,,20.784462,17.49893,,,309.1394,399.91714,,,,,279.36853,357.47681,279.36853,357.47681,279.36853,357.47681,20.784462,17.49893,,,1,,2.3890648,2.3890648,2.3890648,.99238092,.99238092,.99238092,1,,1,,35.533951,,,13.338811,13.338811,13.338811,1,,1,,2.3890648,2.3890648,2.3890648,.88080144,.88080144,.88080144,1,,1,,54.59922,,,17.993448,17.993448,17.993448,1,
30Oct2020,Iran,365,34478,730,1825,68956,172390,8011,604952,16022,40055,1209904,3024760,477300,4702,4.5562353,93174,392.42856,7672.9199,168.70255,6686.9453,39.637489,14467.684,,,,,,,,,,,,,,,,,,,,,,,,34544.316,39318.109,30049.586,13663.347,15551.53,11885.543,4127.7959,4703.5547,3541.4565,1553.189,1724.5804,1372.5511,872.00861,,,82370.172,,,926.39984,926.39984,926.39984,82398.125,82398.125,82398.125,365,,,34478,,,387.76675,387.76675,387.76675,34489.699,34489.699,34489.699,47.480721,295901.19,258951.97,336275.19,32888416,37601040,28414228,872.00861,,,82370.172,,,926.39984,926.39984,926.39984,82398.125,82398.125,82398.125,47.480721,,,,,,,872.00861,,,82370.172,,,926.39984,926.39984,926.39984,82398.125,82398.125,82398.125,47.480721,,,,,,,1.0344372,,,97.713219,,,1.0989598,1.0989598,1.0989598,97.746376,97.746376,97.746376,.43298835,,,40.900196,,,.45999584,.45999584,.45999584,40.914078,40.914078,40.914078,9.5032043,351.01855,307.1868,398.91296,.29469588,,,,,,,,,366.98276,119074.13,324.4679,282938.81,30443.109,29059.699,32353.9,30443.109,29059.699,32353.9,30443.109,29059.699,32353.9,30204.141,29275.539,31382.551,30204.141,29275.539,31382.551,30204.141,29275.539,31382.551,396.32999,315.98999,446.29001,396.32999,315.98999,446.29001,396.32999,315.98999,446.29001,355.42999,324.47,383.51001,355.42999,324.47,383.51001,355.42999,324.47,383.51001,10851047,10416479,11426909,10851047,10416479,11426909,10851047,10416479,11426909,10874952,10586945,11285152,10874952,10586945,11285152,10874952,10586945,11285152,110020.83,101093.11,118129.56,110020.83,101093.11,118129.56,110020.83,101093.11,118129.56,109300.58,101766.18,118372.86,109300.58,101766.18,118372.86,109300.58,101766.18,118372.86,12363.38,13785.94,15029.92,12363.38,13785.94,15029.92,12363.38,13785.94,15029.92,12601.2,13753.41,14804.49,12601.2,13753.41,14804.49,12601.2,13753.41,14804.49,1370.12,1493.4301,1614.59,1370.12,1493.4301,1614.59,1370.12,1493.4301,1614.59,1369.86,1485.9399,1599.12,1369.86,1485.9399,1599.12,1369.86,1485.9399,1599.12,4678.9902,4928.5601,4992.9902,4678.9902,4928.5601,4992.9902,4678.9902,4928.5601,4992.9902,4770.6602,5224.29,5617.6099,4770.6602,5224.29,5617.6099,4770.6602,5224.29,5617.6099,391.14999,426.32999,460.92001,391.14999,426.32999,460.92001,391.14999,426.32999,460.92001,391.06,424.20001,456.51999,391.06,424.20001,456.51999,391.06,424.20001,456.51999,698714.44,759747.44,815260.06,698714.44,759747.44,815260.06,698714.44,759747.44,815260.06,703093.75,755145.88,817284.56,703093.75,755145.88,817284.56,703093.75,755145.88,817284.56,.93000001,.95999998,1,.93000001,.95999998,1,.93000001,.95999998,1,.92000002,.95999998,1.01,.92000002,.95999998,1.01,.92000002,.95999998,1.01,1.08,1.12,1.16,1.08,1.12,1.16,1.08,1.12,1.16,1.0599999,1.11,1.17,1.0599999,1.11,1.17,1.0599999,1.11,1.17,.36023179,.31257322,.37779707,.36023179,.31257322,.37779707,.36023179,.31257322,.37779707,.32518584,.31883875,.32398474,.32518584,.31883875,.32398474,.32518584,.31883875,.32398474,189.98169,68157.422,358.75784,142186.48,34478,34478,34478,365,365,365,604952,604952,604952,8011,8011,8011,4.5562353,4.5562353,4.5562353,167.9077,7854.3999,46.77808,17074,,,,,,,,,,,,,,,,,,,,21.947945,17.54603,,,339.33289,399.27579,,,,,277.59906,356.43689,277.59906,356.43689,277.59906,356.43689,21.947945,17.54603,,,1,,2.3890648,2.3890648,2.3890648,1.0858356,1.0858356,1.0858356,1,,1,,36.936859,,,13.73372,13.73372,13.73372,1,,1,,2.3890648,2.3890648,2.3890648,.882972,.882972,.882972,1,,1,,54.36533,,,17.937038,17.937038,17.937038,1,
31Oct2020,Iran,386,34864,772,1930,69728,174320,7820,612772,15640,39100,1225544,3063860,481930,4630,4.9360614,95978,401.58035,7910.4199,168.70255,6686.9453,39.637489,15300.071,,,,,,,,,,,,,,,,,,,,,,,,35334.656,40250.809,30696.875,14210.854,16188.026,12345.636,4179.0547,4772.0977,3576.147,1573.2878,1746.3003,1387.7021,922.17896,,,83292.352,,,947.4881,947.4881,947.4881,83345.617,83345.617,83345.617,386,,,34864,,,396.59375,396.59375,396.59375,34886.293,34886.293,34886.293,48.605732,296808.03,261815.39,337117.53,33185224,37938156,28676044,922.17896,,,83292.352,,,947.4881,947.4881,947.4881,83345.617,83345.617,83345.617,48.605732,,,,,,,922.17896,,,83292.352,,,947.4881,947.4881,947.4881,83345.617,83345.617,83345.617,48.605732,,,,,,,1.0939527,,,98.807167,,,1.1239762,1.1239762,1.1239762,98.870354,98.870354,98.870354,.45789999,,,41.358097,,,.47046703,.47046703,.47046703,41.384544,41.384544,41.384544,9.2766266,352.0943,310.58359,399.9122,.31069878,,,,,,,,,366.98276,119074.13,324.4679,299217.47,30838.789,29398.6,32831.969,30838.789,29398.6,32831.969,30838.789,29398.6,32831.969,30562.25,29644.359,31761.25,30562.25,29644.359,31761.25,30562.25,29644.359,31761.25,395.67999,319.42001,443.60001,395.67999,319.42001,443.60001,395.67999,319.42001,443.60001,358.10001,326.5,385.60001,358.10001,326.5,385.60001,358.10001,326.5,385.60001,10960451,10523448,11550234,10960451,10523448,11550234,10960451,10523448,11550234,10983605,10693283,11391550,10983605,10693283,11391550,10983605,10693283,11391550,109403.52,100268.58,117306.77,109403.52,100268.58,117306.77,109403.52,100268.58,117306.77,108653.08,101347.25,117874.12,108653.08,101347.25,117874.12,108653.08,101347.25,117874.12,12447.06,13824.05,15044.68,12447.06,13824.05,15044.68,12447.06,13824.05,15044.68,12673.77,13792.43,14863.2,12673.77,13792.43,14863.2,12673.77,13792.43,14863.2,1369.1801,1487.14,1603.3,1369.1801,1487.14,1603.3,1369.1801,1487.14,1603.3,1366.54,1479.1899,1592.8199,1366.54,1479.1899,1592.8199,1366.54,1479.1899,1592.8199,4720.6602,4930.0098,4989.7202,4720.6602,4930.0098,4989.7202,4720.6602,4930.0098,4989.7202,4807.3901,5253.9399,5654.6299,4807.3901,5253.9399,5654.6299,4807.3901,5253.9399,5654.6299,390.88,424.53,457.70001,390.88,424.53,457.70001,390.88,424.53,457.70001,390.10001,422.26001,454.70999,390.10001,422.26001,454.70999,390.10001,422.26001,454.70999,692971.81,755572.5,809755.75,692971.81,755572.5,809755.75,692971.81,755572.5,809755.75,700294.31,750785.75,813944.88,700294.31,750785.75,813944.88,700294.31,750785.75,813944.88,.91000003,.93000001,.94999999,.91000003,.93000001,.94999999,.91000003,.93000001,.94999999,.91000003,.93000001,.94999999,.91000003,.93000001,.94999999,.91000003,.93000001,.94999999,1.05,1.0700001,1.1,1.05,1.0700001,1.1,1.05,1.0700001,1.1,1.0599999,1.08,1.1,1.0599999,1.08,1.1,1.0599999,1.08,1.1,.36167026,.31856441,.3781538,.36167026,.31856441,.3781538,.36167026,.31856441,.3781538,.32958108,.32215971,.32712865,.32958108,.32215971,.32712865,.32958108,.32215971,.32712865,189.98169,68157.422,358.75784,141953.3,34864,34864,34864,386,386,386,612772,612772,612772,7820,7820,7820,4.9360614,4.9360614,4.9360614,167.9077,7854.3999,46.77808,18056.34,,,,,,,,,,,,,,,,,,,,20.259068,17.576067,,,321.85513,398.41861,,,,,276.49496,355.41119,276.49496,355.41119,276.49496,355.41119,20.259068,17.576067,,,1,,2.3890646,2.3890646,2.3890646,1.0250777,1.0250777,1.0250777,1,,1,,37.95499,,,13.99022,13.99022,13.99022,1,,1,,2.3890648,2.3890648,2.3890648,.88454533,.88454533,.88454533,1,,1,,54.155907,,,17.886671,17.886671,17.886671,1,
01Nov2020,Iran,434,35298,868,2170,70596,176490,7719,620491,15438,38595,1240982,3102455,486691,4761,5.6224899,98502,408.40179,8119.0181,168.70255,6686.9453,39.637489,17202.67,,,,,,,,,,,,,,,,,,,,,,,,35743.828,40738.797,31023.998,14617.412,16660.102,12687.241,4228.1992,4830.0869,3607.8884,1591.5643,1766.5677,1403.2416,1036.854,,,84329.203,,,967.61182,967.61182,967.61182,84313.227,84313.227,84313.227,434,,,35298,,,405.01703,405.01703,405.01703,35291.313,35291.313,35291.313,49.483551,297387,263474.63,336396.28,33482610,38274552,28939518,1036.854,,,84329.203,,,967.61182,967.61182,967.61182,84313.227,84313.227,84313.227,49.483551,,,,,,,1036.854,,,84329.203,,,967.61182,967.61182,967.61182,84313.227,84313.227,84313.227,49.483551,,,,,,,1.2299882,,,100.03716,,,1.1478484,1.1478484,1.1478484,100.0182,100.0182,100.0182,.5148409,,,41.872936,,,.4804593,.4804593,.4804593,41.865005,41.865005,41.865005,9.1568136,352.7811,312.55188,399.05661,.34865478,,,,,,,,,366.98276,119074.13,324.4679,336425.84,31233.32,29740.68,33307.52,31233.32,29740.68,33307.52,31233.32,29740.68,33307.52,30922.561,30026.5,32140.711,30922.561,30026.5,32140.711,30922.561,30026.5,32140.711,394.53,322.51001,440.67001,394.53,322.51001,440.67001,394.53,322.51001,440.67001,360.32001,328.70001,387.48999,360.32001,328.70001,387.48999,360.32001,328.70001,387.48999,11068943,10629965,11672235,11068943,10629965,11672235,11068943,10629965,11672235,11091336,10799185,11496554,11091336,10799185,11496554,11091336,10799185,11496554,108491.6,99168.156,116320.29,108491.6,99168.156,116320.29,108491.6,99168.156,116320.29,107731.12,100584.54,117185.37,107731.12,100584.54,117185.37,107731.12,100584.54,117185.37,12519.13,13848,15041.52,12519.13,13848,15041.52,12519.13,13848,15041.52,12712.59,13817.08,14906.46,12712.59,13817.08,14906.46,12712.59,13817.08,14906.46,1367.48,1480.4301,1594.2,1367.48,1480.4301,1594.2,1367.48,1480.4301,1594.2,1362.8199,1472.03,1586.61,1362.8199,1472.03,1586.61,1362.8199,1472.03,1586.61,4758.2402,4930.5898,4986.1099,4758.2402,4930.5898,4986.1099,4758.2402,4930.5898,4986.1099,4849.4199,5278.1401,5685.9502,4849.4199,5278.1401,5685.9502,4849.4199,5278.1401,5685.9502,390.38,422.60001,455.09,390.38,422.60001,455.09,390.38,422.60001,455.09,389.04001,420.20999,452.92999,389.04001,420.20999,452.92999,389.04001,420.20999,452.92999,683941.56,747464.75,802048.5,683941.56,747464.75,802048.5,683941.56,747464.75,802048.5,692945.75,742810.5,805895.69,692945.75,742810.5,805895.69,692945.75,742810.5,805895.69,.89999998,.92000002,.94999999,.89999998,.92000002,.94999999,.89999998,.92000002,.94999999,.91000003,.93000001,.94999999,.91000003,.93000001,.94999999,.91000003,.93000001,.94999999,1.05,1.0700001,1.1,1.05,1.0700001,1.1,1.05,1.0700001,1.1,1.0599999,1.08,1.1,1.0599999,1.08,1.1,1.0599999,1.08,1.1,.36365026,.32521528,.37884191,.36365026,.32521528,.37884191,.36365026,.32521528,.37884191,.33446234,.3267898,.33066416,.33446234,.3267898,.33066416,.33446234,.3267898,.33066416,189.98169,68157.422,358.75784,141540.73,35298,35298,35298,434,434,434,620491,620491,620491,7719,7719,7719,5.6224899,5.6224899,5.6224899,167.9077,7854.3999,46.77808,20301.688,,,,,,,,,,,,,,,,,,,,17.785715,17.578644,,,286.81665,397.04645,,,,,274.98947,354.39532,274.98947,354.39532,274.98947,354.39532,17.785715,17.578644,,,1,,2.3890646,2.3890646,2.3890646,.90905529,.90905529,.90905529,1,,1,,38.526623,,,14.055137,14.055137,14.055137,1,,1,,2.3890646,2.3890646,2.3890646,.88484675,.88484675,.88484675,1,,1,,53.961475,,,17.839006,17.839006,17.839006,1,
02Nov2020,Iran,440,35738,880,2200,71476,178690,8289,628780,16578,41445,1257560,3143900,491247,4556,5.3082399,101795,413.5,8301.0986,168.70255,6686.9453,39.637489,17440.496,,,,,,,,,,,,,,,,,,,,,,,,36548.824,41661.605,31701.084,15175.476,17298.359,13162.642,4275.0156,4882.7085,3642.0815,1607.7877,1784.1962,1419.8877,1051.1885,,,85380.391,,,986.3905,986.3905,986.3905,85299.617,85299.617,85299.617,440,,,35738,,,412.87726,412.87726,412.87726,35704.188,35704.188,35704.188,50.14072,297622.44,264932.38,335278.31,33780232,38609832,29204450,1051.1885,,,85380.391,,,986.3905,986.3905,986.3905,85299.617,85299.617,85299.617,50.14072,,,,,,,1051.1885,,,85380.391,,,986.3905,986.3905,986.3905,85299.617,85299.617,85299.617,50.14072,,,,,,,1.2469927,,,101.28415,,,1.1701249,1.1701249,1.1701249,101.18832,101.18832,101.18832,.52195853,,,42.394897,,,.48978367,.48978367,.48978367,42.35479,42.35479,42.35479,9.8329868,353.06039,314.28116,397.73041,.35319531,,,,,,,,,366.98276,119074.13,324.4679,341076.91,31626.301,30085.561,33780.172,31626.301,30085.561,33780.172,31626.301,30085.561,33780.172,31284.66,30409.65,32520.41,31284.66,30409.65,32520.41,31284.66,30409.65,32520.41,392.98001,325.34,437.42999,392.98001,325.34,437.42999,392.98001,325.34,437.42999,362.10001,331.70001,389.70001,362.10001,331.70001,389.70001,362.10001,331.70001,389.70001,11176209,10735568,11792642,11176209,10735568,11792642,11176209,10735568,11792642,11197861,10904280,11600041,11197861,10904280,11600041,11197861,10904280,11600041,107266.61,97816.563,115149.31,107266.61,97816.563,115149.31,107266.61,97816.563,115149.31,106524.96,99473.039,115971.16,106524.96,99473.039,115971.16,106524.96,99473.039,115971.16,12580.18,13858.99,15021.75,12580.18,13858.99,15021.75,12580.18,13858.99,15021.75,12740.76,13828.54,14922.11,12740.76,13828.54,14922.11,12740.76,13828.54,14922.11,1359.01,1472.84,1584.41,1359.01,1472.84,1584.41,1359.01,1472.84,1584.41,1358.11,1464.04,1580.76,1358.11,1464.04,1580.76,1358.11,1464.04,1580.76,4791.7598,4930.52,4982.4399,4791.7598,4930.52,4982.4399,4791.7598,4930.52,4982.4399,4885.3101,5297.1499,5711.8101,4885.3101,5297.1499,5711.8101,4885.3101,5297.1499,5711.8101,387.94,420.42999,452.29001,387.94,420.42999,452.29001,387.94,420.42999,452.29001,387.69,417.92001,451.25,387.69,417.92001,451.25,387.69,417.92001,451.25,674863.25,739202.75,794148.13,674863.25,739202.75,794148.13,674863.25,739202.75,794148.13,685193.81,734706.31,797766.06,685193.81,734706.31,797766.06,685193.81,734706.31,797766.06,.89999998,.92000002,.94999999,.89999998,.92000002,.94999999,.89999998,.92000002,.94999999,.91000003,.92000002,.94999999,.91000003,.92000002,.94999999,.91000003,.92000002,.94999999,1.05,1.0700001,1.1,1.05,1.0700001,1.1,1.05,1.0700001,1.1,1.0599999,1.08,1.1,1.0599999,1.08,1.1,1.0599999,1.08,1.1,.36635819,.33260214,.37988067,.36635819,.33260214,.37988067,.36635819,.33260214,.37988067,.33992034,.3334572,.33603185,.33992034,.3334572,.33603185,.33992034,.3334572,.33603185,189.98169,68157.422,358.75784,140984.66,35738,35738,35738,440,440,440,628780,628780,628780,8289,8289,8289,5.3082399,5.3082399,5.3082399,167.9077,7854.3999,46.77808,20582.355,,,,,,,,,,,,,,,,,,,,18.838636,17.594158,,,283.12949,395.64392,,,,,272.95691,353.38339,272.95691,353.38339,272.95691,353.38339,18.838636,17.594158,,,1,,2.3890648,2.3890648,2.3890648,.89313638,.89313638,.89313638,1,,1,,35.905712,,,12.940839,12.940839,12.940839,1,,1,,2.3890646,2.3890646,2.3890646,.88494879,.88494879,.88494879,1,,1,,53.723454,,,17.774435,17.774435,17.774435,1,
03Nov2020,Iran,422,36160,844,2110,72320,180800,8932,637712,17864,44660,1275424,3188560,495473,4226,4.7245855,106079,418.14285,8481.1611,168.70255,6686.9453,39.637489,16727.02,,,,,,,,,,,,,,,,,,,,,,,,37396.371,42501.789,32318.977,15695.42,17838.188,13564.416,4319.2778,4931.6753,3675.6433,1621.7355,1800.1454,1433.9135,1008.1853,,,86388.578,,,1003.4254,1003.4254,1003.4254,86303.039,86303.039,86303.039,422,,,36160,,,420.00763,420.00763,420.00763,36124.195,36124.195,36124.195,50.610252,297499.84,266194.59,336490.34,34077732,38946320,29470644,1008.1853,,,86388.578,,,1003.4254,1003.4254,1003.4254,86303.039,86303.039,86303.039,50.610252,,,,,,,1008.1853,,,86388.578,,,1003.4254,1003.4254,1003.4254,86303.039,86303.039,86303.039,50.610252,,,,,,,1.1959794,,,102.48013,,,1.1903328,1.1903328,1.1903328,102.37866,102.37866,102.37866,.5006057,,,42.895504,,,.4982422,.4982422,.4982422,42.853031,42.853031,42.853031,10.595758,352.91495,315.7785,399.16818,.33888599,,,,,,,,,366.98276,119074.13,324.4679,327123.75,32017.48,30437.439,34249.531,32017.48,30437.439,34249.531,32017.48,30437.439,34249.531,31648.141,30793.23,32899.859,31648.141,30793.23,32899.859,31648.141,30793.23,32899.859,391.17999,329.17999,433.98999,391.17999,329.17999,433.98999,391.17999,329.17999,433.98999,363.48001,334.22,391.60001,363.48001,334.22,391.60001,363.48001,334.22,391.60001,11282160,10840121,11911380,11282160,10840121,11911380,11282160,10840121,11911380,11303097,11008458,11701981,11303097,11008458,11701981,11303097,11008458,11701981,105950.99,96428.938,113918.4,105950.99,96428.938,113918.4,105950.99,96428.938,113918.4,105236.61,98220.57,114601.91,105236.61,98220.57,114601.91,105236.61,98220.57,114601.91,12629.84,13857.54,14986.71,12629.84,13857.54,14986.71,12629.84,13857.54,14986.71,12755.28,13827.33,14871.51,12755.28,13827.33,14871.51,12755.28,13827.33,14871.51,1347.53,1463.8199,1573.65,1347.53,1463.8199,1573.65,1347.53,1463.8199,1573.65,1351.6801,1454.74,1573.1801,1351.6801,1454.74,1573.1801,1351.6801,1454.74,1573.1801,4819.7402,4929.6699,4979.3799,4819.7402,4929.6699,4979.3799,4819.7402,4929.6699,4979.3799,4905.8901,5311.1299,5730.0698,4905.8901,5311.1299,5730.0698,4905.8901,5311.1299,5730.0698,384.64999,417.85001,449.20001,384.64999,417.85001,449.20001,384.64999,417.85001,449.20001,385.84,415.26001,449.07001,385.84,415.26001,449.07001,385.84,415.26001,449.07001,665762.06,730861.13,786135.5,665762.06,730861.13,786135.5,665762.06,730861.13,786135.5,677372.31,726519.88,789505,677372.31,726519.88,789505,677372.31,726519.88,789505,.89999998,.92000002,.94999999,.89999998,.92000002,.94999999,.89999998,.92000002,.94999999,.91000003,.92000002,.94999999,.91000003,.92000002,.94999999,.91000003,.92000002,.94999999,1.05,1.0700001,1.1,1.05,1.0700001,1.1,1.05,1.0700001,1.1,1.0599999,1.08,1.1,1.0599999,1.08,1.1,1.0599999,1.08,1.1,.36920843,.34137055,.38096568,.36920843,.34137055,.38096568,.36920843,.34137055,.38096568,.34539312,.34027496,.34170461,.34539312,.34027496,.34170461,.34539312,.34027496,.34170461,189.98169,68157.422,358.75784,140338.89,36160,36160,36160,422,422,422,637712,637712,637712,8932,8932,8932,4.7245855,4.7245855,4.7245855,167.9077,7854.3999,46.77808,19740.35,,,,,,,,,,,,,,,,,,,,21.165876,17.635841,,,295.08447,394.47034,,,,,270.84973,352.375,270.84973,352.375,270.84973,352.375,21.165876,17.635841,,,1,,2.3890648,2.3890648,2.3890648,.92696679,.92696679,.92696679,1,,1,,33.307194,,,11.861957,11.861957,11.861957,1,,1,,2.3890646,2.3890646,2.3890646,.88543916,.88543916,.88543916,1,,1,,53.437496,,,17.691622,17.691622,17.691622,1,
04Nov2020,Iran,419,36579,838,2095,73158,182895,8452,646164,16904,42260,1292328,3230820,500400,4927,4.9574065,109185,422.47321,8677.3301,168.70255,6686.9453,39.637489,16608.107,,,,,,,,,,,,,,,,,,,,,,,,37813.41,42880.27,32631.725,15889.621,18018.773,13712.219,4360.7305,4983.292,3714.8579,1633.1979,1811.0098,1446.381,1001.0181,,,87389.594,,,1018.3129,1018.3129,1018.3129,87321.352,87321.352,87321.352,419,,,36579,,,426.23914,426.23914,426.23914,36550.438,36550.438,36550.438,50.913883,297006.03,266568.69,335697.28,34374740,39282020,29737214,1001.0181,,,87389.594,,,1018.3129,1018.3129,1018.3129,87321.352,87321.352,87321.352,50.913883,,,,,,,1001.0181,,,87389.594,,,1018.3129,1018.3129,1018.3129,87321.352,87321.352,87321.352,50.913883,,,,,,,1.1874771,,,103.6676,,,1.2079934,1.2079934,1.2079934,103.58665,103.58665,103.58665,.49704689,,,43.392548,,,.50563449,.50563449,.50563449,43.358665,43.358665,43.358665,10.026349,352.32916,316.22229,398.22745,.33703628,,,,,,,,,366.98276,119074.13,324.4679,324798.22,32406.5,30798.02,34696.059,32406.5,30798.02,34696.059,32406.5,30798.02,34696.059,32012.609,31168.41,33278.609,32012.609,31168.41,33278.609,32012.609,31168.41,33278.609,389.01999,333.20999,431.16,389.01999,333.20999,431.16,389.01999,333.20999,431.16,364.47,335.73999,393.07999,364.47,335.73999,393.07999,364.47,335.73999,393.07999,11386790,10943617,12028446,11386790,10943617,12028446,11386790,10943617,12028446,11407041,11110726,11802380,11407041,11110726,11802380,11407041,11110726,11802380,104630.19,95089.93,112685.49,104630.19,95089.93,112685.49,104630.19,95089.93,112685.49,103943.36,96945.539,113222.33,103943.36,96945.539,113222.33,103943.36,96945.539,113222.33,12660.4,13843.66,14937.36,12660.4,13843.66,14937.36,12660.4,13843.66,14937.36,12759.46,13813.56,14809.92,12759.46,13813.56,14809.92,12759.46,13813.56,14809.92,1334.37,1453.1801,1561.83,1334.37,1453.1801,1561.83,1334.37,1453.1801,1561.83,1343.24,1443.9301,1563.62,1343.24,1443.9301,1563.62,1343.24,1443.9301,1563.62,4839.6401,4927.8999,4975.8999,4839.6401,4927.8999,4975.8999,4839.6401,4927.8999,4975.8999,4918.9702,5320.0601,5724.3301,4918.9702,5320.0601,5724.3301,4918.9702,5320.0601,5724.3301,380.89001,414.79999,445.82001,380.89001,414.79999,445.82001,380.89001,414.79999,445.82001,383.42999,412.16,446.34,383.42999,412.16,446.34,383.42999,412.16,446.34,656653.81,722455.75,778023.06,656653.81,722455.75,778023.06,656653.81,722455.75,778023.06,669498.44,718266,781133.5,669498.44,718266,781133.5,669498.44,718266,781133.5,.89999998,.92000002,.94,.89999998,.92000002,.94,.89999998,.92000002,.94,.91000003,.92000002,.94999999,.91000003,.92000002,.94999999,.91000003,.92000002,.94999999,1.05,1.0700001,1.1,1.05,1.0700001,1.1,1.05,1.0700001,1.1,1.0599999,1.08,1.1,1.0599999,1.08,1.1,1.0599999,1.08,1.1,.37180474,.35041565,.38262245,.37180474,.35041565,.38262245,.37180474,.35041565,.38262245,.35064289,.34631816,.34717533,.35064289,.34631816,.34717533,.35064289,.34631816,.34717533,189.98169,68157.422,358.75784,139563.97,36579,36579,36579,419,419,419,646164,646164,646164,8452,8452,8452,4.9574065,4.9574065,4.9574065,167.9077,7854.3999,46.77808,19600.016,,,,,,,,,,,,,,,,,,,,20.171837,17.66489,,,296.70398,393.35049,,,,,268.95837,351.37366,268.95837,351.37366,268.95837,351.37366,20.171837,17.66489,,,1,,2.3890646,2.3890646,2.3890646,.92844868,.92844868,.92844868,1,,1,,35.140324,,,12.379341,12.379341,12.379341,1,,1,,2.3890646,2.3890646,2.3890646,.88593179,.88593179,.88593179,1,,1,,53.198166,,,17.622137,17.622137,17.622137,1,
05Nov2020,Iran,406,36985,812,2030,73970,184925,8772,654936,17544,43860,1309872,3274680,505287,4887,4.6283631,112664,426.89285,8907.75,168.70255,6686.9453,39.637489,16092.82,,,,,,,,,,,,,,,,,,,,,,,,38428.504,43513.672,33130.961,16243.81,18393.322,14004.527,4399.0957,5020.2139,3755.5796,1642.3525,1818.4731,1457.6797,969.96027,,,88359.555,,,1030.9633,1030.9633,1030.9633,88352.32,88352.32,88352.32,406,,,36985,,,431.53427,431.53427,431.53427,36981.969,36981.969,36981.969,51.056896,296129.34,265850.41,333811.06,34670868,39615828,30003064,969.96027,,,88359.555,,,1030.9633,1030.9633,1030.9633,88352.32,88352.32,88352.32,51.056896,,,,,,,969.96027,,,88359.555,,,1030.9633,1030.9633,1030.9633,88352.32,88352.32,88352.32,51.056896,,,,,,,1.1506342,,,104.81824,,,1.2230002,1.2230002,1.2230002,104.80965,104.80965,104.80965,.48162538,,,43.874176,,,.51191592,.51191592,.51191592,43.870579,43.870579,43.870579,10.405955,351.28918,315.37021,395.98987,.32754615,,,,,,,,,366.98276,119074.13,324.4679,314720.97,32792.801,31162.84,35110.309,32792.801,31162.84,35110.309,32792.801,31162.84,35110.309,32377.689,31523.67,33656.238,32377.689,31523.67,33656.238,32377.689,31523.67,33656.238,386.29999,333.56,427.92999,386.29999,333.56,427.92999,386.29999,333.56,427.92999,365.09,336.70999,394,365.09,336.70999,394,365.09,336.70999,394,11490118,11042341,12138250,11490118,11042341,12138250,11490118,11042341,12138250,11509707,11210394,11904421,11509707,11210394,11904421,11509707,11210394,11904421,103327.34,93791.461,111533.03,103327.34,93791.461,111533.03,103327.34,93791.461,111533.03,102666.07,95642.492,111871.4,102666.07,95642.492,111871.4,102666.07,95642.492,111871.4,12674.55,13817.28,14874.49,12674.55,13817.28,14874.49,12674.55,13817.28,14874.49,12749.49,13787.22,14784.22,12749.49,13787.22,14784.22,12749.49,13787.22,14784.22,1319.97,1441.02,1549.01,1319.97,1441.02,1549.01,1319.97,1441.02,1549.01,1332.9301,1431.72,1552.23,1332.9301,1431.72,1552.23,1332.9301,1431.72,1552.23,4853.6602,4925.2798,4972,4853.6602,4925.2798,4972,4853.6602,4925.2798,4972,4926.6001,5323.9502,5713.0098,4926.6001,5323.9502,5713.0098,4926.6001,5323.9502,5713.0098,376.76999,411.32999,442.14999,376.76999,411.32999,442.14999,376.76999,411.32999,442.14999,380.48001,408.67001,443.07999,380.48001,408.67001,443.07999,380.48001,408.67001,443.07999,647713.38,713998.94,770181.19,647713.38,713998.94,770181.19,647713.38,713998.94,770181.19,661490.63,709956.13,772666.69,661490.63,709956.13,772666.69,661490.63,709956.13,772666.69,.89999998,.92000002,.94,.89999998,.92000002,.94,.89999998,.92000002,.94,.91000003,.92000002,.94999999,.91000003,.92000002,.94999999,.91000003,.92000002,.94999999,1.05,1.0700001,1.1,1.05,1.0700001,1.1,1.05,1.0700001,1.1,1.0599999,1.08,1.1,1.0599999,1.08,1.1,1.0599999,1.08,1.1,.37386036,.35564005,.38368005,.37386036,.35564005,.38368005,.37386036,.35564005,.38368005,.35560921,.35205063,.35219011,.35560921,.35205063,.35219011,.35560921,.35205063,.35219011,189.98169,68157.422,358.75784,138588.16,36985,36985,36985,406,406,406,654936,654936,654936,8772,8772,8772,4.6283631,4.6283631,4.6283631,167.9077,7854.3999,46.77808,18991.9,,,,,,,,,,,,,,,,,,,,21.605911,17.708153,,,305.30048,392.38391,,,,,267.47955,350.38538,267.47955,350.38538,267.47955,350.38538,21.605911,17.708153,,,1,,2.3890648,2.3890648,2.3890648,.95147783,.95147783,.95147783,1,,1,,33.758476,,,11.779222,11.779222,11.779222,1,,1,,2.3890646,2.3890646,2.3890646,.88665134,.88665134,.88665134,1,,1,,52.937794,,,17.543879,17.543879,17.543879,1,
06Nov2020,Iran,424,37409,848,2120,74818,187045,8864,663800,17728,44320,1327600,3319000,509952,4665,4.7833934,116439,431.44644,9184.375,168.70255,6686.9453,39.637489,16806.295,,,,,,,,,,,,,,,,,,,,,,,,39021.73,44307.102,33591.375,16481.951,18714.381,14188.285,4434.0952,5050.1616,3796.9177,1649.9043,1823.7155,1468.6632,1012.9634,,,89372.523,,,1041.7301,1041.7301,1041.7301,89394.047,89394.047,89394.047,424,,,37409,,,436.04099,436.04099,436.04099,37418.012,37418.012,37418.012,51.03635,294859.69,264507.69,333426.88,34965728,39949256,30267572,1012.9634,,,89372.523,,,1041.7301,1041.7301,1041.7301,89394.047,89394.047,89394.047,51.03635,,,,,,,1012.9634,,,89372.523,,,1041.7301,1041.7301,1041.7301,89394.047,89394.047,89394.047,51.03635,,,,,,,1.2016475,,,106.01989,,,1.2357726,1.2357726,1.2357726,106.04543,106.04543,106.04543,.50297821,,,44.377151,,,.5172621,.5172621,.5172621,44.387844,44.387844,44.387844,10.515092,349.78305,313.77737,395.53412,.34354085,,,,,,,,,366.98276,119074.13,324.4679,328674.13,33175.82,31528.23,35519.512,33175.82,31528.23,35519.512,33175.82,31528.23,35519.512,32743.039,31875.09,34032.379,32743.039,31875.09,34032.379,32743.039,31875.09,34032.379,383.01999,333.73999,424.29999,383.01999,333.73999,424.29999,383.01999,333.73999,424.29999,365.35001,337.25,393.12,365.35001,337.25,393.12,365.35001,337.25,393.12,11592160,11139969,12242336,11592160,11139969,12242336,11592160,11139969,12242336,11611111,11308948,12007917,11611111,11308948,12007917,11611111,11308948,12007917,102042.23,92533.063,110386.9,102042.23,92533.063,110386.9,102042.23,92533.063,110386.9,101404.43,94362.648,110548.34,101404.43,94362.648,110548.34,101404.43,94362.648,110548.34,12674.6,13778.47,14798.9,12674.6,13778.47,14798.9,12674.6,13778.47,14798.9,12724.31,13748.44,14744.31,12724.31,13748.44,14744.31,12724.31,13748.44,14744.31,1304.5699,1427.62,1535.36,1304.5699,1427.62,1535.36,1304.5699,1427.62,1535.36,1321.1,1418.37,1539.3199,1321.1,1418.37,1539.3199,1321.1,1418.37,1539.3199,4863.3301,4921.9102,4967.7202,4863.3301,4921.9102,4967.7202,4863.3301,4921.9102,4967.7202,4929.79,5322.8501,5696.52,4929.79,5322.8501,5696.52,4929.79,5322.8501,5696.52,372.37,407.5,438.25,372.37,407.5,438.25,372.37,407.5,438.25,377.10001,404.85999,439.39001,377.10001,404.85999,439.39001,377.10001,404.85999,439.39001,639624.75,705500,762604.75,639624.75,705500,762604.75,639624.75,705500,762604.75,653026.75,701599.13,764115.88,653026.75,701599.13,764115.88,653026.75,701599.13,764115.88,.89999998,.92000002,.94,.89999998,.92000002,.94,.89999998,.92000002,.94,.91000003,.92000002,.94999999,.91000003,.92000002,.94999999,.91000003,.92000002,.94999999,1.05,1.0700001,1.1,1.05,1.0700001,1.1,1.05,1.0700001,1.1,1.0599999,1.08,1.1,1.0599999,1.08,1.1,1.0599999,1.08,1.1,.37535441,.36067107,.3843753,.37535441,.36067107,.3843753,.37535441,.36067107,.3843753,.36028999,.35739776,.35560912,.36028999,.35739776,.35560912,.36028999,.35739776,.35560912,189.98169,68157.422,358.75784,137411.42,37409,37409,37409,424,424,424,663800,663800,663800,8864,8864,8864,4.7833934,4.7833934,4.7833934,167.9077,7854.3999,46.77808,19833.906,,,,,,,,,,,,,,,,,,,,20.905661,17.744392,,,291.08621,391.23578,,,,,266.41489,349.41592,266.41489,349.41592,266.41489,349.41592,20.905661,17.744392,,,1,,2.3890648,2.3890648,2.3890648,.90334904,.90334904,.90334904,1,,1,,33.264858,,,11.511984,11.511984,11.511984,1,,1,,2.3890648,2.3890648,2.3890648,.88684058,.88684058,.88684058,1,,1,,52.675095,,,17.463333,17.463333,17.463333,1,
07Nov2020,Iran,423,37832,846,2115,75664,189160,9450,673250,18900,47250,1346500,3366250,515153,5201,4.4761906,120265,436.20535,9498.3125,168.70255,6686.9453,39.637489,16766.658,,,,,,,,,,,,,,,,,,,,,,,,39409.684,44899.73,33818.477,16300.726,18571.531,13988.077,4465.4395,5073.6099,3839.2107,1656.6028,1828.9358,1480.0564,1010.5743,,,90383.094,,,1051.0272,1051.0272,1051.0272,90445.078,90445.078,90445.078,423,,,37832,,,439.93253,439.93253,439.93253,37857.945,37857.945,37857.945,50.855556,293188.78,262060.45,333132.53,35258916,40282388,30529632,1010.5743,,,90383.094,,,1051.0272,1051.0272,1051.0272,90445.078,90445.078,90445.078,50.855556,,,,,,,1010.5743,,,90383.094,,,1051.0272,1051.0272,1051.0272,90445.078,90445.078,90445.078,50.855556,,,,,,,1.1988134,,,107.2187,,,1.2468015,1.2468015,1.2468015,107.29223,107.29223,107.29223,.50179195,,,44.878944,,,.52187848,.52187848,.52187848,44.909721,44.909721,44.909721,11.210246,347.80087,310.8743,395.18494,.34468383,,,,,,,,,366.98276,119074.13,324.4679,327898.94,33555.141,31892.16,35923.121,33555.141,31892.16,35923.121,33555.141,31892.16,35923.121,33108.289,32226.42,34406.66,33108.289,32226.42,34406.66,33108.289,32226.42,34406.66,379.32001,334.10001,420.31,379.32001,334.10001,420.31,379.32001,334.10001,420.31,365.25,337.51001,391.85001,365.25,337.51001,391.85001,365.25,337.51001,391.85001,11692929,11236537,12344752,11692929,11236537,12344752,11692929,11236537,12344752,11711264,11406398,12112184,11711264,11406398,12112184,11711264,11406398,12112184,100768.76,91251.68,109242.07,100768.76,91251.68,109242.07,100768.76,91251.68,109242.07,100152.91,93099.391,109242.39,100152.91,93099.391,109242.39,100152.91,93099.391,109242.39,12660.36,13727.57,14724.06,12660.36,13727.57,14724.06,12660.36,13727.57,14724.06,12687.43,13697.61,14698.4,12687.43,13697.61,14698.4,12687.43,13697.61,14698.4,1288.4301,1413.27,1521.05,1288.4301,1413.27,1521.05,1288.4301,1413.27,1521.05,1308.12,1404.15,1525.26,1308.12,1404.15,1525.26,1308.12,1404.15,1525.26,4868.0498,4917.8198,4963.0898,4868.0498,4917.8198,4963.0898,4868.0498,4917.8198,4963.0898,4928.4702,5316.8701,5686.1001,4928.4702,5316.8701,5686.1001,4928.4702,5316.8701,5686.1001,367.76001,403.39999,434.16,367.76001,403.39999,434.16,367.76001,403.39999,434.16,373.39001,400.79001,435.35999,373.39001,400.79001,435.35999,373.39001,400.79001,435.35999,631302.88,696966.63,754939.5,631302.88,696966.63,754939.5,631302.88,696966.63,754939.5,644553.94,693202.31,755489.75,644553.94,693202.31,755489.75,644553.94,693202.31,755489.75,.89999998,.92000002,.94,.89999998,.92000002,.94,.89999998,.92000002,.94,.91000003,.92000002,.94999999,.91000003,.92000002,.94999999,.91000003,.92000002,.94999999,1.05,1.0700001,1.1,1.05,1.0700001,1.1,1.05,1.0700001,1.1,1.0599999,1.08,1.1,1.0599999,1.08,1.1,1.0599999,1.08,1.1,.37642619,.36613026,.38475102,.37642619,.36613026,.38475102,.37642619,.36613026,.38475102,.36469236,.36252657,.35869777,.36469236,.36252657,.35869777,.36469236,.36252657,.35869777,189.98169,68157.422,358.75784,136084.03,37832,37832,37832,423,423,423,673250,673250,673250,9450,9450,9450,4.4761906,4.4761906,4.4761906,167.9077,7854.3999,46.77808,19787.127,,,,,,,,,,,,,,,,,,,,22.340425,17.795782,,,290.12094,390.10522,,,,,265.65631,348.46909,265.65631,348.46909,265.65631,348.46909,22.340425,17.795782,,,1,,2.3890646,2.3890646,2.3890646,.89673764,.89673764,.89673764,1,,1,,31.025269,,,10.663361,10.663361,10.663361,1,,1,,2.3890646,2.3890646,2.3890646,.88695127,.88695127,.88695127,1,,1,,52.371208,,,17.367886,17.367886,17.367886,1,
08Nov2020,Iran,459,38291,918,2295,76582,191455,9236,682486,18472,46180,1364972,3412430,520329,5176,4.9696836,123866,441.40179,9847.7051,168.70255,6686.9453,39.637489,18193.607,,,,,,,,,,,,,,,,,,,,,,,,39879.633,45564.609,34150.797,16300.953,18624.709,13959.27,4492.8394,5104.3008,3882.1406,1662.9298,1836.7493,1493.4415,1096.5807,,,91479.672,,,1059.293,1059.293,1059.293,91504.367,91504.367,91504.367,459,,,38291,,,443.39233,443.39233,443.39233,38301.336,38301.336,38301.336,50.535133,291110.13,259333.84,333157.13,35550028,40615548,30788966,1096.5807,,,91479.672,,,1059.293,1059.293,1059.293,91504.367,91504.367,91504.367,50.535133,,,,,,,1096.5807,,,91479.672,,,1059.293,1059.293,1059.293,91504.367,91504.367,91504.367,50.535133,,,,,,,1.3008401,,,108.51954,,,1.2566068,1.2566068,1.2566068,108.54884,108.54884,108.54884,.54449767,,,45.423443,,,.5259828,.5259828,.5259828,45.435703,45.435703,45.435703,10.956385,345.33502,307.6398,395.21411,.37668929,,,,,,,,,366.98276,119074.13,324.4679,355805.22,33930.391,32253.6,36322.398,33930.391,32253.6,36322.398,33930.391,32253.6,36322.398,33473.102,32588.811,34778.75,33473.102,32588.811,34778.75,33473.102,32588.811,34778.75,375.23999,334.35001,415.98001,375.23999,334.35001,415.98001,375.23999,334.35001,415.98001,364.82001,337.45999,390.82001,364.82001,337.45999,390.82001,364.82001,337.45999,390.82001,11792430,11332052,12445986,11792430,11332052,12445986,11792430,11332052,12445986,11810171,11502745,12215052,11810171,11502745,12215052,11810171,11502745,12215052,99501.344,89973.609,108094,99501.344,89973.609,108094,99501.344,89973.609,108094,98906.461,91846.563,107943.92,98906.461,91846.563,107943.92,98906.461,91846.563,107943.92,12623.9,13665.17,14658.38,12623.9,13665.17,14658.38,12623.9,13665.17,14658.38,12639.06,13635.31,14649.71,12639.06,13635.31,14649.71,12639.06,13635.31,14649.71,1271.8,1398.24,1506.24,1271.8,1398.24,1506.24,1271.8,1398.24,1506.24,1294.33,1389.29,1510.34,1294.33,1389.29,1510.34,1294.33,1389.29,1510.34,4859.3398,4913.0801,4958.1802,4859.3398,4913.0801,4958.1802,4859.3398,4913.0801,4958.1802,4922.2202,5306.1802,5676.8398,4922.2202,5306.1802,5676.8398,4922.2202,5306.1802,5676.8398,363.01001,399.10001,429.92001,363.01001,399.10001,429.92001,363.01001,399.10001,429.92001,369.45001,396.54999,431.10001,369.45001,396.54999,431.10001,369.45001,396.54999,431.10001,622732.75,688405.38,747192.56,622732.75,688405.38,747192.56,622732.75,688405.38,747192.56,636077.75,684772.31,746796,636077.75,684772.31,746796,636077.75,684772.31,746796,.89999998,.92000002,.94,.89999998,.92000002,.94,.89999998,.92000002,.94,.89999998,.92000002,.94,.89999998,.92000002,.94,.89999998,.92000002,.94,1.05,1.0700001,1.1,1.05,1.0700001,1.1,1.05,1.0700001,1.1,1.0599999,1.08,1.1,1.0599999,1.08,1.1,1.0599999,1.08,1.1,.37712052,.37160897,.38483173,.37712052,.37160897,.38483173,.37712052,.37160897,.38483173,.36885357,.36741713,.36205837,.36885357,.36741713,.36205837,.36885357,.36741713,.36205837,189.98169,68157.422,358.75784,134620.3,38291,38291,38291,459,459,459,682486,682486,682486,9236,9236,9236,4.9696836,4.9696836,4.9696836,167.9077,7854.3999,46.77808,21471.139,,,,,,,,,,,,,,,,,,,,20.122004,17.823666,,,265.47076,388.61124,,,,,265.16721,347.54773,265.16721,347.54773,265.16721,347.54773,20.122004,17.823666,,,1,,2.3890648,2.3890648,2.3890648,.81751633,.81751633,.81751633,1,,1,,31.51907,,,10.773208,10.773208,10.773208,1,,1,,2.3890646,2.3890646,2.3890646,.88611919,.88611919,.88611919,1,,1,,52.08902,,,17.278641,17.278641,17.278641,1,
09Nov2020,Iran,458,38749,916,2290,77498,193745,10463,692949,20926,52315,1385898,3464745,525641,5312,4.3773298,128559,446.59821,10217.205,168.70255,6686.9453,39.637489,18153.971,,,,,,,,,,,,,,,,,,,,,,,,40263.773,46108.898,34446.703,16205.891,18558.514,13864.561,4516.0112,5132.6377,3925.3489,1668.995,1843.7386,1508.6404,1094.1917,,,92573.867,,,1066.9847,1066.9847,1066.9847,92571.352,92571.352,92571.352,458,,,38749,,,446.61188,446.61188,446.61188,38747.949,38747.949,38747.949,50.114899,288619.31,256338.2,332399.88,35838644,40947948,31045304,1094.1917,,,92573.867,,,1066.9847,1066.9847,1066.9847,92571.352,92571.352,92571.352,50.114899,,,,,,,1094.1917,,,92573.867,,,1066.9847,1066.9847,1066.9847,92571.352,92571.352,92571.352,50.114899,,,,,,,1.2980061,,,109.81755,,,1.2657313,1.2657313,1.2657313,109.81457,109.81457,109.81457,.54331142,,,45.966755,,,.52980202,.52980202,.52980202,45.965508,45.965508,45.965508,12.411937,342.38028,304.08618,394.31583,.37911242,,,,,,,,,366.98276,119074.13,324.4679,355030.06,34301.301,32603.289,36719.09,34301.301,32603.289,36719.09,34301.301,32603.289,36719.09,33837.148,32953.07,35148.352,33837.148,32953.07,35148.352,33837.148,32953.07,35148.352,370.91,334.32001,411.38,370.91,334.32001,411.38,370.91,334.32001,411.38,364.04999,337.01001,390.12,364.04999,337.01001,390.12,364.04999,337.01001,390.12,11890666,11426516,12546340,11890666,11426516,12546340,11890666,11426516,12546340,11907833,11597991,12316526,11907833,11597991,12316526,11907833,11597991,12316526,98236.469,88706.711,106939.95,98236.469,88706.711,106939.95,98236.469,88706.711,106939.95,97661.992,90535.508,106647.3,97661.992,90535.508,106647.3,97661.992,90535.508,106647.3,12565.39,13592.04,14583,12565.39,13592.04,14583,12565.39,13592.04,14583,12579.69,13562.31,14594.76,12579.69,13562.31,14594.76,12579.69,13562.31,14594.76,1254.85,1382.73,1491.04,1254.85,1382.73,1491.04,1254.85,1382.73,1491.04,1279.98,1373.99,1495.08,1279.98,1373.99,1495.08,1279.98,1373.99,1495.08,4844.5801,4907.7202,4953.04,4844.5801,4907.7202,4953.04,4844.5801,4907.7202,4953.04,4909.8599,5291.0298,5662.5601,4909.8599,5291.0298,5662.5601,4909.8599,5291.0298,5662.5601,358.17001,394.67001,425.57999,358.17001,394.67001,425.57999,358.17001,394.67001,425.57999,365.35001,392.17001,426.73999,365.35001,392.17001,426.73999,365.35001,392.17001,426.73999,614171.81,679822.5,739370.88,614171.81,679822.5,739370.88,614171.81,679822.5,739370.88,627603.5,676315.5,738041.94,627603.5,676315.5,738041.94,627603.5,676315.5,738041.94,.89999998,.92000002,.94,.89999998,.92000002,.94,.89999998,.92000002,.94,.89999998,.92000002,.94,.89999998,.92000002,.94,.89999998,.92000002,.94,1.05,1.0700001,1.1,1.05,1.0700001,1.1,1.05,1.0700001,1.1,1.0599999,1.08,1.1,1.0599999,1.08,1.1,1.0599999,1.08,1.1,.37756854,.37688243,.38468316,.37756854,.37688243,.38468316,.37756854,.37688243,.38468316,.37276527,.37224069,.36580393,.37276527,.37224069,.36580393,.37276527,.37224069,.36580393,189.98169,68157.422,358.75784,133066.88,38749,38749,38749,458,458,458,692949,692949,692949,10463,10463,10463,4.3773298,4.3773298,4.3773298,167.9077,7854.3999,46.77808,21424.361,,,,,,,,,,,,,,,,,,,,22.844978,17.883017,,,263.77402,387.13565,,,,,264.85257,346.6535,264.85257,346.6535,264.85257,346.6535,22.844978,17.883017,,,1,,2.3890648,2.3890648,2.3890648,.80984718,.80984718,.80984718,1,,1,,27.584757,,,9.3889389,9.3889389,9.3889389,1,,1,,2.3890648,2.3890648,2.3890648,.88521773,.88521773,.88521773,1,,1,,51.719021,,,17.159512,17.159512,17.159512,1,
10Nov2020,Iran,453,39202,906,2265,78404,196010,10339,703288,20678,51695,1406576,3516440,530694,5053,4.3814683,133392,451.35715,10594.465,168.70255,6686.9453,39.637489,17955.783,,,,,,,,,,,,,,,,,,,,,,,,40763.59,46678.344,34820.957,15903.26,18210.807,13584.837,4534.6797,5153.4097,3968.4333,1674.8672,1849.9556,1521.9457,1082.2463,,,93656.109,,,1074.5753,1074.5753,1074.5753,93645.93,93645.93,93645.93,453,,,39202,,,449.78915,449.78915,449.78915,39197.738,39197.738,39197.738,49.64732,285714.16,253084.88,330821.69,36124360,41278768,31298388,1082.2463,,,93656.109,,,1074.5753,1074.5753,1074.5753,93645.93,93645.93,93645.93,49.64732,,,,,,,1082.2463,,,93656.109,,,1074.5753,1074.5753,1074.5753,93645.93,93645.93,93645.93,49.64732,,,,,,,1.2838356,,,111.10138,,,1.2747359,1.2747359,1.2747359,111.0893,111.0893,111.0893,.53738004,,,46.504135,,,.53357112,.53357112,.53357112,46.499077,46.499077,46.499077,12.264839,338.93399,300.22684,392.44363,.37878639,,,,,,,,,366.98276,119074.13,324.4679,351154.19,34667.762,32946.32,37109.078,34667.762,32946.32,37109.078,34667.762,32946.32,37109.078,34200.109,33313.191,35515.18,34200.109,33313.191,35515.18,34200.109,33313.191,35515.18,366.45999,333.94,406.54001,366.45999,333.94,406.54001,366.45999,333.94,406.54001,362.95999,336.19,389.04999,362.95999,336.19,389.04999,362.95999,336.19,389.04999,11987639,11519928,12645096,11987639,11519928,12645096,11987639,11519928,12645096,12004251,11691216,12416608,12004251,11691216,12416608,12004251,11691216,12416608,96972.508,87447.313,105778.78,96972.508,87447.313,105778.78,96972.508,87447.313,105778.78,96418.039,89116.578,105613.99,96418.039,89116.578,105613.99,96418.039,89116.578,105613.99,12465.31,13509.07,14498.25,12465.31,13509.07,14498.25,12465.31,13509.07,14498.25,12510.05,13479.46,14527.21,12510.05,13479.46,14527.21,12510.05,13479.46,14527.21,1238.2,1366.89,1476.39,1238.2,1366.89,1476.39,1238.2,1366.89,1476.39,1264.8,1358.38,1479.41,1264.8,1358.38,1479.41,1264.8,1358.38,1479.41,4825.04,4901.6401,4947.7002,4825.04,4901.6401,4947.7002,4825.04,4901.6401,4947.7002,4893.48,5271.6699,5647.8901,4893.48,5271.6699,5647.8901,4893.48,5271.6699,5647.8901,353.44,390.14001,421.39999,353.44,390.14001,421.39999,353.44,390.14001,421.39999,361,387.70999,422.26001,361,387.70999,422.26001,361,387.70999,422.26001,605624.38,671223.75,731481.19,605624.38,671223.75,731481.19,605624.38,671223.75,731481.19,618047.69,667837.88,730437,618047.69,667837.88,730437,618047.69,667837.88,730437,.88999999,.91000003,.94,.88999999,.91000003,.94,.88999999,.91000003,.94,.89999998,.91000003,.94,.89999998,.91000003,.94,.89999998,.91000003,.94,1.05,1.0700001,1.1,1.05,1.0700001,1.1,1.05,1.0700001,1.1,1.0599999,1.08,1.1,1.0599999,1.08,1.1,1.0599999,1.08,1.1,.3779009,.38187566,.38433039,.3779009,.38187566,.38433039,.3779009,.38187566,.38433039,.37644407,.37724742,.36836973,.37644407,.37724742,.36836973,.37644407,.37724742,.36836973,189.98169,68157.422,358.75784,131470.39,39202,39202,39202,453,453,453,703288,703288,703288,10339,10339,10339,4.3814683,4.3814683,4.3814683,167.9077,7854.3999,46.77808,21190.471,,,,,,,,,,,,,,,,,,,,22.8234,17.940105,,,264.00104,385.7128,,,,,264.61963,345.78635,264.61963,345.78635,264.61963,345.78635,22.8234,17.940105,,,1,,2.3890648,2.3890648,2.3890648,.80896246,.80896246,.80896246,1,,1,,27.634604,,,9.3792925,9.3792925,9.3792925,1,,1,,2.3890646,2.3890646,2.3890646,.88433653,.88433653,.88433653,1,,1,,51.36496,,,17.045135,17.045135,17.045135,1,
11Nov2020,Iran,462,39664,924,2310,79328,198320,11780,715068,23560,58900,1430136,3575340,536105,5411,3.9219015,139299,455.4375,10974.491,168.70255,6686.9453,39.637489,18312.52,,,,,,,,,,,,,,,,,,,,,,,,41189.871,47156.531,35145.301,15849.535,18145.459,13523.633,4548.5767,5166.3188,4012.3152,1680.599,1855.4275,1532.4211,1103.7479,,,94759.859,,,1082.5472,1082.5472,1082.5472,94728.477,94728.477,94728.477,462,,,39664,,,453.12595,453.12595,453.12595,39650.863,39650.863,39650.863,49.186951,282394.69,249586,328390.28,36406756,41607160,31547974,1103.7479,,,94759.859,,,1082.5472,1082.5472,1082.5472,94728.477,94728.477,94728.477,49.186951,,,,,,,1103.7479,,,94759.859,,,1082.5472,1082.5472,1082.5472,94728.477,94728.477,94728.477,49.186951,,,,,,,1.3093424,,,112.41073,,,1.2841927,1.2841927,1.2841927,112.3735,112.3735,112.3735,.54805648,,,47.052189,,,.53752947,.53752947,.53752947,47.036606,47.036606,47.036606,13.974254,334.99619,296.07623,389.55936,.39085293,,,,,,,,,366.98276,119074.13,324.4679,358130.78,35029.77,33286.172,37492.172,35029.77,33286.172,37492.172,35029.77,33286.172,37492.172,34561.68,33670.77,35878.988,34561.68,33670.77,35878.988,34561.68,33670.77,35878.988,362.01001,332.54001,401.51001,362.01001,332.54001,401.51001,362.01001,332.54001,401.51001,361.57001,335.09,387.89001,361.57001,335.09,387.89001,361.57001,335.09,387.89001,12083348,11612284,12742262,12083348,11612284,12742262,12083348,11612284,12742262,12099425,11782969,12515300,12099425,11782969,12515300,12099425,11782969,12515300,95709.023,86194,104610.33,95709.023,86194,104610.33,95709.023,86194,104610.33,95174.258,87707.148,104666.99,95174.258,87707.148,104666.99,95174.258,87707.148,104666.99,12356.83,13417.2,14405.1,12356.83,13417.2,14405.1,12356.83,13417.2,14405.1,12430.96,13387.69,14448.15,12430.96,13387.69,14448.15,12430.96,13387.69,14448.15,1223.0601,1350.8199,1462.0699,1223.0601,1350.8199,1462.0699,1223.0601,1350.8199,1462.0699,1248.8,1342.55,1463.34,1248.8,1342.55,1463.34,1248.8,1342.55,1463.34,4800.8101,4894.7002,4942.2002,4800.8101,4894.7002,4942.2002,4800.8101,4894.7002,4942.2002,4873.3101,5248.3999,5632.0098,4873.3101,5248.3999,5632.0098,4873.3101,5248.3999,5632.0098,349.10999,385.54999,417.31,349.10999,385.54999,417.31,349.10999,385.54999,417.31,356.44,383.19,417.67001,356.44,383.19,417.67001,356.44,383.19,417.67001,597095.25,662614.94,723530.25,597095.25,662614.94,723530.25,597095.25,662614.94,723530.25,608374.25,659345.44,724037.81,608374.25,659345.44,724037.81,608374.25,659345.44,724037.81,.88999999,.91000003,.94,.88999999,.91000003,.94,.88999999,.91000003,.94,.89999998,.91000003,.94,.89999998,.91000003,.94,.89999998,.91000003,.94,1.05,1.0700001,1.1,1.05,1.0700001,1.1,1.05,1.0700001,1.1,1.0599999,1.08,1.1,1.0599999,1.08,1.1,1.0599999,1.08,1.1,.3782402,.38580412,.38381487,.3782402,.38580412,.38381487,.3782402,.38580412,.38381487,.37990317,.38205552,.37059441,.37990317,.38205552,.37059441,.37990317,.38205552,.37059441,189.98169,68157.422,358.75784,129873.93,39664,39664,39664,462,462,462,715068,715068,715068,11780,11780,11780,3.9219015,3.9219015,3.9219015,167.9077,7854.3999,46.77808,21611.473,,,,,,,,,,,,,,,,,,,,25.497835,18.028137,,,255.85071,384.2002,,,,,264.38226,344.94513,264.38226,344.94513,264.38226,344.94513,25.497835,18.028137,,,1,,2.3890648,2.3890648,2.3890648,.78357142,.78357142,.78357142,1,,1,,23.972383,,,8.1247053,8.1247053,8.1247053,1,,1,,2.3890646,2.3890646,2.3890646,.8831628,.8831628,.8831628,1,,1,,50.913696,,,16.89818,16.89818,16.89818,1,
12Nov2020,Iran,457,40121,914,2285,80242,200605,11517,726585,23034,57585,1453170,3632925,541566,5461,3.9680471,144898,458.75891,11353.196,168.70255,6686.9453,39.637489,18114.332,,,,,,,,,,,,,,,,,,,,,,,,41740.875,47776.363,35611.699,15783.354,18065.537,13465.746,4557.4492,5155.2656,4037.7427,1685.8744,1854.7445,1543.0201,1091.8025,,,95851.664,,,1091.0691,1091.0691,1091.0691,95819.547,95819.547,95819.547,457,,,40121,,,456.69302,456.69302,456.69302,40107.555,40107.555,40107.555,48.780396,278663.47,245673.47,325081.25,36685416,41932240,31793648,1091.8025,,,95851.664,,,1091.0691,1091.0691,1091.0691,95819.547,95819.547,95819.547,48.780396,,,,,,,1091.8025,,,95851.664,,,1091.0691,1091.0691,1091.0691,95819.547,95819.547,95819.547,48.780396,,,,,,,1.295172,,,113.70589,,,1.294302,1.294302,1.294302,113.66779,113.66779,113.66779,.54212511,,,47.594315,,,.54176098,.54176098,.54176098,47.578369,47.578369,47.578369,13.662265,330.56998,291.43494,385.63394,.39179966,,,,,,,,,366.98276,119074.13,324.4679,354254.84,35387.43,33623.191,37868.172,35387.43,33623.191,37868.172,35387.43,33623.191,37868.172,34921.57,34026.031,36239.539,34921.57,34026.031,36239.539,34921.57,34026.031,36239.539,357.66,330.72,396.29999,357.66,330.72,396.29999,357.66,330.72,396.29999,359.89001,333.70999,386.69,359.89001,333.70999,386.69,359.89001,333.70999,386.69,12177794,11703581,12837850,12177794,11703581,12837850,12177794,11703581,12837850,12193356,11873526,12612604,12193356,11873526,12612604,12193356,11873526,12612604,94446.219,84946.453,103435.04,94446.219,84946.453,103435.04,94446.219,84946.453,103435.04,93930.938,86307.32,103708.78,93930.938,86307.32,103708.78,93930.938,86307.32,103708.78,12240.89,13317.35,14304.48,12240.89,13317.35,14304.48,12240.89,13317.35,14304.48,12343.33,13287.89,14358.69,12343.33,13287.89,14358.69,12343.33,13287.89,14358.69,1207.16,1334.6,1447.5,1207.16,1334.6,1447.5,1207.16,1334.6,1447.5,1232.7,1326.58,1446.98,1232.7,1326.58,1446.98,1232.7,1326.58,1446.98,4772.8198,4886.6699,4936.5698,4772.8198,4886.6699,4936.5698,4772.8198,4886.6699,4936.5698,4849.6001,5221.5,5611.6001,4849.6001,5221.5,5611.6001,4849.6001,5221.5,5611.6001,344.56,380.92001,413.14001,344.56,380.92001,413.14001,344.56,380.92001,413.14001,351.84,378.63,412.98999,351.84,378.63,412.98999,351.84,378.63,412.98999,588589.13,654001.44,715524.5,588589.13,654001.44,715524.5,588589.13,654001.44,715524.5,598757.94,650844.19,717546.69,598757.94,650844.19,717546.69,598757.94,650844.19,717546.69,.88999999,.91000003,.93000001,.88999999,.91000003,.93000001,.88999999,.91000003,.93000001,.89999998,.91000003,.94,.89999998,.91000003,.94,.89999998,.91000003,.94,1.05,1.0700001,1.1,1.05,1.0700001,1.1,1.05,1.0700001,1.1,1.0599999,1.08,1.1,1.0599999,1.08,1.1,1.0599999,1.08,1.1,.3786917,.38932762,.38313901,.3786917,.38932762,.38313901,.3786917,.38932762,.38313901,.38314322,.38665318,.37286139,.38314322,.38665318,.37286139,.38314322,.38665318,.37286139,189.98169,68157.422,358.75784,128313.33,40121,40121,40121,457,457,457,726585,726585,726585,11517,11517,11517,3.9680471,3.9680471,3.9680471,167.9077,7854.3999,46.77808,21377.582,,,,,,,,,,,,,,,,,,,,25.201313,18.109842,,,255.23248,382.73114,,,,,264.06705,344.12769,264.06705,344.12769,264.06705,344.12769,25.201313,18.109842,,,1,,2.3890646,2.3890646,2.3890646,.78262585,.78262585,.78262585,1,,1,,24.195839,,,8.200592,8.200592,8.200592,1,,1,,2.3890648,2.3890648,2.3890648,.88201761,.88201761,.88201761,1,,1,,50.490192,,,16.760315,16.760315,16.760315,1,
13Nov2020,Iran,461,40582,922,2305,81164,202910,11737,738322,23474,58685,1476644,3691610,546642,5076,3.9277499,151098,461.875,11716.474,168.70255,6686.9453,39.637489,18272.883,,,,,,,,,,,,,,,,,,,,,,,,42254.84,48408.918,36079.66,15634.487,17911.525,13349.642,4561.0571,5138.1328,4060.0828,1689.7941,1858.8228,1552.4789,1101.3588,,,96953.023,,,1099.7836,1099.7836,1099.7836,96919.328,96919.328,96919.328,461,,,40582,,,460.34064,460.34064,460.34064,40567.898,40567.898,40567.898,48.459202,274526.84,240924.06,320878.66,36959944,42253120,32034572,1101.3588,,,96953.023,,,1099.7836,1099.7836,1099.7836,96919.328,96919.328,96919.328,48.459202,,,,,,,1101.3588,,,96953.023,,,1099.7836,1099.7836,1099.7836,96919.328,96919.328,96919.328,48.459202,,,,,,,1.3065083,,,115.01241,,,1.3046396,1.3046396,1.3046396,114.97243,114.97243,114.97243,.54687023,,,48.141186,,,.54608804,.54608804,.54608804,48.124454,48.124454,48.124454,13.923244,325.66278,285.80084,380.64856,.40118435,,,,,,,,,366.98276,119074.13,324.4679,357355.56,35740.988,33957.512,38236.969,35740.988,33957.512,38236.969,35740.988,33957.512,38236.969,35279.52,34377.922,36596.641,35279.52,34377.922,36596.641,35279.52,34377.922,36596.641,353.56,328.60001,390.94,353.56,328.60001,390.94,353.56,328.60001,390.94,357.95001,332.07001,385.20999,357.95001,332.07001,385.20999,357.95001,332.07001,385.20999,12270979,11793818,12931869,12270979,11793818,12931869,12270979,11793818,12931869,12286044,11962891,12708524,12286044,11962891,12708524,12286044,11962891,12708524,93184.656,83704.891,102253.62,93184.656,83704.891,102253.62,93184.656,83704.891,102253.62,92688.578,84917.438,102328.95,92688.578,84917.438,102328.95,92688.578,84917.438,102328.95,12118.42,13210.43,14197.23,12118.42,13210.43,14197.23,12118.42,13210.43,14197.23,12248.05,13180.94,14259.92,12248.05,13180.94,14259.92,12248.05,13180.94,14259.92,1190.83,1318.26,1432.74,1190.83,1318.26,1432.74,1190.83,1318.26,1432.74,1216.54,1310.5,1430.4,1216.54,1310.5,1430.4,1216.54,1310.5,1430.4,4741.3398,4877.2202,4931.3599,4741.3398,4877.2202,4931.3599,4741.3398,4877.2202,4931.3599,4822.6099,5191.2798,5587,4822.6099,5191.2798,5587,4822.6099,5191.2798,5587,339.89999,376.25,408.92001,339.89999,376.25,408.92001,339.89999,376.25,408.92001,347.22,374.03,408.26001,347.22,374.03,408.26001,347.22,374.03,408.26001,580111,645388.44,707470.5,580111,645388.44,707470.5,580111,645388.44,707470.5,589203.31,642339.75,708994.94,589203.31,642339.75,708994.94,589203.31,642339.75,708994.94,.88999999,.91000003,.93000001,.88999999,.91000003,.93000001,.88999999,.91000003,.93000001,.89999998,.91000003,.94,.89999998,.91000003,.94,.89999998,.91000003,.94,1.05,1.0700001,1.1,1.05,1.0700001,1.1,1.05,1.0700001,1.1,1.0599999,1.08,1.1,1.0599999,1.08,1.1,1.0599999,1.08,1.1,.37941867,.39256966,.38232389,.37941867,.39256966,.38232389,.37941867,.39256966,.38232389,.38618568,.39105043,.37644282,.38618568,.39105043,.37644282,.38618568,.39105043,.37644282,189.98169,68157.422,358.75784,126842.42,40582,40582,40582,461,461,461,738322,738322,738322,11737,11737,11737,3.9277499,3.9277499,3.9277499,167.9077,7854.3999,46.77808,21564.695,,,,,,,,,,,,,,,,,,,,25.459869,18.193336,,,249.26196,381.21497,,,,,263.5611,343.33072,263.5611,343.33072,263.5611,343.33072,25.459869,18.193336,,,1,,2.3890646,2.3890646,2.3890646,.76694143,.76694143,.76694143,1,,1,,23.389864,,,7.939393,7.939393,7.939393,1,,1,,2.3890648,2.3890648,2.3890648,.88071036,.88071036,.88071036,1,,1,,50.059383,,,16.62009,16.62009,16.62009,1,
14Nov2020,Iran,452,41034,904,2260,82068,205170,11203,749525,22406,56015,1499050,3747625,552747,6105,4.0346336,155744,464.90179,12056.179,168.70255,6686.9453,39.637489,17916.145,,,,,,,,,,,,,,,,,,,,,,,,42873.848,49127.762,36669.004,15734.772,18029.969,13457.585,4559.1787,5156.707,4079.4263,1691.4224,1866.4736,1553.0726,1079.8572,,,98032.883,,,1108.2728,1108.2728,1108.2728,98027.602,98027.602,98027.602,452,,,41034,,,463.89401,463.89401,463.89401,41031.789,41031.789,41031.789,48.236889,269995.66,236003.53,317220.06,37229940,42570340,32270576,1079.8572,,,98032.883,,,1108.2728,1108.2728,1108.2728,98027.602,98027.602,98027.602,48.236889,,,,,,,1079.8572,,,98032.883,,,1108.2728,1108.2728,1108.2728,98027.602,98027.602,98027.602,48.236889,,,,,,,1.2810016,,,116.2934,,,1.3147101,1.3147101,1.3147101,116.28715,116.28715,116.28715,.53619379,,,48.67738,,,.55030328,.55030328,.55030328,48.674759,48.674759,48.674759,13.289777,320.2876,279.96378,376.30847,.39995354,,,,,,,,,366.98276,119074.13,324.4679,350379,36090.738,34288.82,38598.461,36090.738,34288.82,38598.461,36090.738,34288.82,38598.461,35635.301,34722.09,36950.102,35635.301,34722.09,36950.102,35635.301,34722.09,36950.102,349.75,326.20001,385.45001,349.75,326.20001,385.45001,349.75,326.20001,385.45001,355.76999,330.17999,383.42001,355.76999,330.17999,383.42001,355.76999,330.17999,383.42001,12362904,11882993,13024329,12362904,11882993,13024329,12362904,11882993,13024329,12377492,12051064,12803686,12377492,12051064,12803686,12377492,12051064,12803686,91924.898,82469.773,101066.89,91924.898,82469.773,101066.89,91924.898,82469.773,101066.89,91447.781,83538.172,100908.56,91447.781,83538.172,100908.56,91447.781,83538.172,100908.56,11990.28,13097.27,14084.14,11990.28,13097.27,14084.14,11990.28,13097.27,14084.14,12145.99,13067.67,14152.84,12145.99,13067.67,14152.84,12145.99,13067.67,14152.84,1174.46,1301.85,1417.8,1174.46,1301.85,1417.8,1174.46,1301.85,1417.8,1199.75,1294.34,1413.92,1199.75,1294.34,1413.92,1199.75,1294.34,1413.92,4706.6499,4865.9702,4926.0698,4706.6499,4865.9702,4926.0698,4706.6499,4865.9702,4926.0698,4792.6201,5158,5558.54,4792.6201,5158,5558.54,4792.6201,5158,5558.54,335.22,371.56,404.66,335.22,371.56,404.66,335.22,371.56,404.66,342.39999,369.42001,403.56,342.39999,369.42001,403.56,342.39999,369.42001,403.56,571601.56,636708.94,699385.5,571601.56,636708.94,699385.5,571601.56,636708.94,699385.5,579623.88,633762.38,699305.06,579623.88,633762.38,699305.06,579623.88,633762.38,699305.06,.67000002,.69,.70999998,.67000002,.69,.70999998,.67000002,.69,.70999998,.67000002,.69,.70999998,.67000002,.69,.70999998,.67000002,.69,.70999998,.79000002,.81999999,.82999998,.79000002,.81999999,.82999998,.79000002,.81999999,.82999998,.80000001,.81999999,.83999997,.80000001,.81999999,.83999997,.80000001,.81999999,.83999997,.38047364,.39553887,.38138109,.38047364,.39553887,.38138109,.38047364,.39553887,.38138109,.38904169,.39524445,.37996778,.38904169,.39524445,.37996778,.38904169,.39524445,.37996778,189.98169,68157.422,358.75784,125475.55,41034,41034,41034,452,452,452,749525,749525,749525,11203,11203,11203,4.0346336,4.0346336,4.0346336,167.9077,7854.3999,46.77808,21143.691,,,,,,,,,,,,,,,,,,,,24.785398,18.265949,,,250.02904,379.76993,,,,,262.83029,342.5506,262.83029,342.5506,262.83029,342.5506,24.785398,18.265949,,,1,,2.3890646,2.3890646,2.3890646,.77378321,.77378321,.77378321,1,,1,,24.1003,,,8.2053823,8.2053823,8.2053823,1,,1,,2.3890648,2.3890648,2.3890648,.87953252,.87953252,.87953252,1,,1,,49.671379,,,16.494318,16.494318,16.494318,1,
15Nov2020,Iran,459,41493,918,2295,82986,207465,12543,762068,25086,62715,1524136,3810340,558818,6071,3.6594117,161757,467.46429,12359.59,168.70255,6686.9453,39.637489,18193.607,,,,,,,,,,,,,,,,,,,,,,,,43880.57,50255.629,37627.25,15901.451,18211.646,13635.371,4551.6108,5144.5537,4085.1594,1690.1071,1860.8774,1549.2437,1096.5807,,,99129.461,,,1116.1066,1116.1066,1116.1066,99143.711,99143.711,99143.711,459,,,41493,,,467.173,467.173,467.173,41498.965,41498.965,41498.965,48.110584,265085.13,230799.22,310984.25,37495024,42881324,32501376,1096.5807,,,99129.461,,,1116.1066,1116.1066,1116.1066,99143.711,99143.711,99143.711,48.110584,,,,,,,1096.5807,,,99129.461,,,1116.1066,1116.1066,1116.1066,99143.711,99143.711,99143.711,48.110584,,,,,,,1.3008401,,,117.59425,,,1.324003,1.324003,1.324003,117.61115,117.61115,117.61115,.54449767,,,49.221878,,,.55419308,.55419308,.55419308,49.228951,49.228951,49.228951,14.879377,314.46237,273.79007,368.91113,.41367117,,,,,,,,,366.98276,119074.13,324.4679,355805.22,36436.941,34618.961,38953.18,36436.941,34618.961,38953.18,36436.941,34618.961,38953.18,35988.672,35062.859,37299.762,35988.672,35062.859,37299.762,35988.672,35062.859,37299.762,346.20001,323.59,380.34,346.20001,323.59,380.34,346.20001,323.59,380.34,353.37,328.07001,381.35999,353.37,328.07001,381.35999,353.37,328.07001,381.35999,12452104,11969602,13113823,12452104,11969602,13113823,12452104,11969602,13113823,12466256,12136697,12900151,12466256,12136697,12900151,12466256,12136697,12900151,89200.547,79930.344,98243.563,89200.547,79930.344,98243.563,89200.547,79930.344,98243.563,88763.352,81028.18,97785.68,88763.352,81028.18,97785.68,88763.352,81028.18,97785.68,11855.9,12978.57,13965.84,11855.9,12978.57,13965.84,11855.9,12978.57,13965.84,12037.91,12948.77,14038.35,12037.91,12948.77,14038.35,12037.91,12948.77,14038.35,1157.8199,1285.09,1402.38,1157.8199,1285.09,1402.38,1157.8199,1285.09,1402.38,1180.95,1277.84,1400.9,1180.95,1277.84,1400.9,1180.95,1277.84,1400.9,4669.02,4852.6099,4920.6602,4669.02,4852.6099,4920.6602,4669.02,4852.6099,4920.6602,4759.8701,5121.9199,5526.5298,4759.8701,5121.9199,5526.5298,4759.8701,5121.9199,5526.5298,330.47,366.76999,400.25,330.47,366.76999,400.25,330.47,366.76999,400.25,337.03,364.70999,399.85001,337.03,364.70999,399.85001,337.03,364.70999,399.85001,544933.25,607656.69,668318.06,544933.25,607656.69,668318.06,544933.25,607656.69,668318.06,554361,605120.31,665635.31,554361,605120.31,665635.31,554361,605120.31,665635.31,.67000002,.69,.70999998,.67000002,.69,.70999998,.67000002,.69,.70999998,.67000002,.69,.70999998,.67000002,.69,.70999998,.67000002,.69,.70999998,.79000002,.81999999,.82999998,.79000002,.81999999,.82999998,.79000002,.81999999,.82999998,.80000001,.81999999,.83999997,.80000001,.81999999,.83999997,.80000001,.81999999,.83999997,.38811421,.40483999,.38713986,.38811421,.40483999,.38713986,.38811421,.40483999,.38713986,.39810348,.40488383,.38999575,.39810348,.40488383,.38999575,.39810348,.40488383,.38999575,189.98169,68157.422,358.75784,124201.97,41493,41493,41493,459,459,459,762068,762068,762068,12543,12543,12543,3.6594117,3.6594117,3.6594117,167.9077,7854.3999,46.77808,21471.139,,,,,,,,,,,,,,,,,,,,27.326797,18.366182,,,241.73792,378.24298,,,,,257.6561,341.74393,257.6561,341.74393,257.6561,341.74393,27.326797,18.366182,,,1,,2.3890648,2.3890648,2.3890648,.75424838,.75424838,.75424838,1,,1,,21.134109,,,7.1115799,7.1115799,7.1115799,1,,1,,2.3890648,2.3890648,2.3890648,.87814671,.87814671,.87814671,1,,1,,49.201679,,,16.339886,16.339886,16.339886,1,
16Nov2020,Iran,486,41979,972,2430,83958,209895,13053,775121,26106,65265,1550242,3875605,564699,5881,3.7232821,168443,469.64285,12617.607,168.70255,6686.9453,39.637489,19263.82,,,,,,,,,,,,,,,,,,,,,,,,44270.047,50732.164,38092.625,16007.328,18343.926,13773.673,4538.1758,5115.6475,4074.1519,1685.6428,1860.6948,1542.3722,1161.0854,,,100290.55,,,1122.8433,1122.8433,1122.8433,100266.55,100266.55,100266.55,486,,,41979,,,469.99283,469.99283,469.99283,41968.957,41968.957,41968.957,48.066853,259815.56,225893.77,302798.13,37754840,43184120,32727268,1161.0854,,,100290.55,,,1122.8433,1122.8433,1122.8433,100266.55,100266.55,100266.55,48.066853,,,,,,,1161.0854,,,100290.55,,,1122.8433,1122.8433,1122.8433,100266.55,100266.55,100266.55,48.066853,,,,,,,1.3773601,,,118.9716,,,1.3319947,1.3319947,1.3319947,118.94315,118.94315,118.94315,.57652694,,,49.798405,,,.55753809,.55753809,.55753809,49.786491,49.786491,49.786491,15.484375,308.21124,267.97086,359.20013,.44688833,,,,,,,,,366.98276,119074.13,324.4679,376734.94,36779.91,34947.719,39303.301,36779.91,34947.719,39303.301,36779.91,34947.719,39303.301,36339.441,35401.461,37645.48,36339.441,35401.461,37645.48,36339.441,35401.461,37645.48,342.97,320.78,375.09,342.97,320.78,375.09,342.97,320.78,375.09,350.76999,325.76001,379.03,350.76999,325.76001,379.03,350.76999,325.76001,379.03,12537062,12052077,13198905,12537062,12052077,13198905,12537062,12052077,13198905,12550840,12218416,12992017,12550840,12218416,12992017,12550840,12218416,12992017,84957.563,76045.508,93694.523,84957.563,76045.508,93694.523,84957.563,76045.508,93694.523,84583.906,77359.422,92868.703,84583.906,77359.422,92868.703,84583.906,77359.422,92868.703,11715.96,12853.69,13841.47,11715.96,12853.69,13841.47,11715.96,12853.69,13841.47,11923.45,12823.61,13915.72,11923.45,12823.61,13915.72,11923.45,12823.61,13915.72,1138.6899,1265.48,1383.6801,1138.6899,1265.48,1383.6801,1138.6899,1265.48,1383.6801,1160.05,1258.52,1384.5601,1160.05,1258.52,1384.5601,1160.05,1258.52,1384.5601,4627.2798,4836.3901,4914.79,4627.2798,4836.3901,4914.79,4627.2798,4836.3901,4914.79,4724.2798,5082.9199,5490.8198,4724.2798,5082.9199,5490.8198,4724.2798,5082.9199,5490.8198,325,361.17001,394.91,325,361.17001,394.91,325,361.17001,394.91,331.07001,359.19,395.17999,331.07001,359.19,395.17999,331.07001,359.19,395.17999,518767.19,579082.94,637666.63,518767.19,579082.94,637666.63,518767.19,579082.94,637666.63,529582.75,576949.63,632494.63,529582.75,576949.63,632494.63,529582.75,576949.63,632494.63,.67000002,.69,.70999998,.67000002,.69,.70999998,.67000002,.69,.70999998,.67000002,.69,.70999998,.67000002,.69,.70999998,.67000002,.69,.70999998,.79000002,.81999999,.82999998,.79000002,.81999999,.82999998,.79000002,.81999999,.82999998,.80000001,.81999999,.83999997,.80000001,.81999999,.83999997,.80000001,.81999999,.83999997,.40369567,.42182636,.4003329,.40369567,.42182636,.4003329,.40369567,.42182636,.4003329,.41470063,.42109933,.40813535,.41470063,.42109933,.40813535,.41470063,.42109933,.40813535,189.98169,68157.422,358.75784,123043.18,41979,41979,41979,486,486,486,775121,775121,775121,13053,13053,13053,3.7232821,3.7232821,3.7232821,167.9077,7854.3999,46.77808,22734.146,,,,,,,,,,,,,,,,,,,,26.858025,18.464495,,,223.76955,376.45462,,,,,247.71135,340.86713,247.71135,340.86713,247.71135,340.86713,26.858025,18.464495,,,1,,2.3890648,2.3890648,2.3890648,.70569956,.70569956,.70569956,1,,1,,19.904663,,,6.5086617,6.5086617,6.5086617,1,,1,,2.3890648,2.3890648,2.3890648,.87615025,.87615025,.87615025,1,,1,,48.708317,,,16.17433,16.17433,16.17433,1,
17Nov2020,Iran,482,42461,964,2410,84922,212305,13352,788473,26704,66760,1576946,3942365,570774,6075,3.609946,175238,470.80356,12824,168.70255,6686.9453,39.637489,19105.27,,,,,,,,,,,,,,,,,,,,,,,,45244.098,51902.156,39096.648,16390.605,18802.623,14163.564,4518.7188,5109.7598,4053.5745,1677.8953,1856.7299,1530.7739,1151.5292,,,101442.08,,,1128.0338,1128.0338,1128.0338,101394.59,101394.59,101394.59,482,,,42461,,,472.16547,472.16547,472.16547,42441.121,42441.121,42441.121,48.089485,254212.69,219790.91,294716.94,38009052,43478836,32947060,1151.5292,,,101442.08,,,1128.0338,1128.0338,1128.0338,101394.59,101394.59,101394.59,48.089485,,,,,,,1151.5292,,,101442.08,,,1128.0338,1128.0338,1128.0338,101394.59,101394.59,101394.59,48.089485,,,,,,,1.3660238,,,120.33763,,,1.3381521,1.3381521,1.3381521,120.2813,120.2813,120.2813,.57178187,,,50.370186,,,.56011546,.56011546,.56011546,50.346607,50.346607,50.346607,15.839069,301.56476,260.73123,349.61371,.45297864,,,,,,,,,366.98276,119074.13,324.4679,373634.25,37119.789,35274.898,39649.781,37119.789,35274.898,39649.781,37119.789,35274.898,39649.781,36687.41,35737.711,37987.129,36687.41,35737.711,37987.129,36687.41,35737.711,37987.129,339.88,317.78,369.17999,339.88,317.78,369.17999,339.88,317.78,369.17999,347.97,323.23999,376.44,347.97,323.23999,376.44,347.97,323.23999,376.44,12617459,12130083,13279290,12617459,12130083,13279290,12617459,12130083,13279290,12630930,12295935,13078736,12630930,12295935,13078736,12630930,12295935,13078736,80396.727,71886.25,88770.133,80396.727,71886.25,88770.133,80396.727,71886.25,88770.133,80090.852,73459.719,87577.258,80090.852,73459.719,87577.258,80090.852,73459.719,87577.258,11567.93,12718.86,13706.78,11567.93,12718.86,13706.78,11567.93,12718.86,13706.78,11799.6,12688.53,13780.65,11799.6,12688.53,13780.65,11799.6,12688.53,13780.65,1114.4,1240.01,1358.3199,1114.4,1240.01,1358.3199,1114.4,1240.01,1358.3199,1134.74,1233.4399,1360.39,1134.74,1233.4399,1360.39,1134.74,1233.4399,1360.39,4581.6201,4815.8799,4907.6001,4581.6201,4815.8799,4907.6001,4581.6201,4815.8799,4907.6001,4685.02,5039.9902,5450.23,4685.02,5039.9902,5450.23,4685.02,5039.9902,5450.23,318.07001,353.89999,387.67001,318.07001,353.89999,387.67001,318.07001,353.89999,387.67001,323.84,352.03,388.28,323.84,352.03,388.28,323.84,352.03,388.28,493352.69,551293.13,607801.19,493352.69,551293.13,607801.19,493352.69,551293.13,607801.19,505492.59,549542.56,600306.38,505492.59,549542.56,600306.38,505492.59,549542.56,600306.38,.67000002,.69,.70999998,.67000002,.69,.70999998,.67000002,.69,.70999998,.67000002,.69,.70999998,.67000002,.69,.70999998,.67000002,.69,.70999998,.79000002,.81999999,.82999998,.79000002,.81999999,.82999998,.79000002,.81999999,.82999998,.80000001,.81999999,.83999997,.80000001,.81999999,.83999997,.80000001,.81999999,.83999997,.42275354,.44205952,.41588312,.42275354,.44205952,.41588312,.42275354,.44205952,.41588312,.4344691,.44002345,.42983761,.4344691,.44002345,.42983761,.4344691,.44002345,.42983761,189.98169,68157.422,358.75784,121934.62,42461,42461,42461,482,482,482,788473,788473,788473,13352,13352,13352,3.609946,3.609946,3.609946,167.9077,7854.3999,46.77808,22547.035,,,,,,,,,,,,,,,,,,,,27.701244,18.569345,,,220.76096,374.68723,,,,,236.54445,339.91193,236.54445,339.91193,236.54445,339.91193,27.701244,18.569345,,,1,,2.3890648,2.3890648,2.3890648,.70514524,.70514524,.70514524,1,,1,,19.039297,,,6.0213246,6.0213246,6.0213246,1,,1,,2.3890648,2.3890648,2.3890648,.87420905,.87420905,.87420905,1,,1,,48.205902,,,16.002398,16.002398,16.002398,1,
18Nov2020,Iran,480,42941,960,2400,85882,214705,13421,801894,26842,67105,1603788,4009470,576983,6209,3.5764847,181970,470.88391,12977.991,168.70255,6686.9453,39.637489,19025.994,,,,,,,,,,,,,,,,,,,,,,,,45686.48,52438.199,39673.871,16713.014,19182.926,14513.481,4493.1118,5105.249,4016.0708,1666.7649,1852.3672,1516.4822,1146.751,,,102588.83,,,1131.2269,1131.2269,1131.2269,102525.81,102525.81,102525.81,480,,,42941,,,473.50204,473.50204,473.50204,42914.625,42914.625,42914.625,48.165955,248306.66,213627.41,287777.16,38257360,43766616,33160688,1146.751,,,102588.83,,,1131.2269,1131.2269,1131.2269,102525.81,102525.81,102525.81,48.165955,,,,,,,1146.751,,,102588.83,,,1131.2269,1131.2269,1131.2269,102525.81,102525.81,102525.81,48.165955,,,,,,,1.3603557,,,121.69799,,,1.3419399,1.3419399,1.3419399,121.62324,121.62324,121.62324,.56940931,,,50.939594,,,.561701,.561701,.561701,50.908306,50.908306,50.908306,15.920922,294.55859,253.41966,341.38126,.46182853,,,,,,,,,366.98276,119074.13,324.4679,372083.88,37456.57,35600.23,39992.891,37456.57,35600.23,39992.891,37456.57,35600.23,39992.891,37032.352,36071.391,38324.559,37032.352,36071.391,38324.559,37032.352,36071.391,38324.559,336.78,314.56,361.81,336.78,314.56,361.81,336.78,314.56,361.81,344.94,320.51001,373.57999,344.94,320.51001,373.57999,344.94,320.51001,373.57999,12693454,12203773,13355153,12693454,12203773,13355153,12693454,12203773,13355153,12706683,12369310,13160425,12706683,12369310,13160425,12706683,12369310,13160425,75995,67877.688,84007.609,75995,67877.688,84007.609,75995,67877.688,84007.609,75753.07,69695.352,82477.539,75753.07,69695.352,82477.539,75753.07,69695.352,82477.539,11407.1,12568.37,13562.3,11407.1,12568.37,13562.3,11407.1,12568.37,13562.3,11661.69,12537.92,13626.52,11661.69,12537.92,13626.52,11661.69,12537.92,13626.52,1084.04,1207.66,1325.12,1084.04,1207.66,1325.12,1084.04,1207.66,1325.12,1104.24,1201.5699,1324.73,1104.24,1201.5699,1324.73,1104.24,1201.5699,1324.73,4530.8301,4789.2402,4898.3501,4530.8301,4789.2402,4898.3501,4530.8301,4789.2402,4898.3501,4640.7798,4991.5601,5402.8999,4640.7798,4991.5601,5402.8999,4640.7798,4991.5601,5402.8999,309.39999,344.66,378.19,309.39999,344.66,378.19,309.39999,344.66,378.19,315.14001,342.92999,378.06,315.14001,342.92999,378.06,315.14001,342.92999,378.06,468874.41,524492.81,578952.69,468874.41,524492.81,578952.69,468874.41,524492.81,578952.69,482238.09,523100.13,569326.31,482238.09,523100.13,569326.31,482238.09,523100.13,569326.31,.67000002,.69,.70999998,.67000002,.69,.70999998,.67000002,.69,.70999998,.67000002,.69,.70999998,.67000002,.69,.70999998,.67000002,.69,.70999998,.79000002,.81999999,.82999998,.79000002,.81999999,.82999998,.79000002,.81999999,.82999998,.80000001,.81999999,.83999997,.80000001,.81999999,.83999997,.80000001,.81999999,.83999997,.44316074,.46342179,.43068716,.44316074,.46342179,.43068716,.44316074,.46342179,.43068716,.4553479,.45987287,.45294756,.4553479,.45987287,.45294756,.4553479,.45987287,.45294756,189.98169,68157.422,358.75784,120822.47,42941,42941,42941,480,480,480,801894,801894,801894,13421,13421,13421,3.5764847,3.5764847,3.5764847,167.9077,7854.3999,46.77808,22453.479,,,,,,,,,,,,,,,,,,,,27.960417,18.67432,,,216.53058,372.91937,,,,,225.65176,338.88458,225.65176,338.88458,225.65176,338.88458,27.960417,18.67432,,,1,,2.3890646,2.3890646,2.3890646,.70162499,.70162499,.70162499,1,,1,,18.501352,,,5.6623945,5.6623945,5.6623945,1,,1,,2.3890648,2.3890648,2.3890648,.87227988,.87227988,.87227988,1,,1,,47.708748,,,15.829342,15.829342,15.829342,1,
19Nov2020,Iran,476,43417,952,2380,86834,217085,13223,815117,26446,66115,1630234,4075585,583704,6721,3.5997882,187996,470.41965,13079.393,168.70255,6686.9453,39.637489,18867.445,,,,,,,,,,,,,,,,,,,,,,,,46639.57,53534.301,40663.27,17226.666,19773.285,15019.275,4461.2563,5105.6255,3974.2854,1652.213,1845.6469,1499.483,1137.1948,,,103726.02,,,1132.0021,1132.0021,1132.0021,103657.81,103657.81,103657.81,476,,,43417,,,473.82645,473.82645,473.82645,43388.449,43388.449,43388.449,48.289852,242133,207556.13,281041.28,38499492,44047656,33368244,1137.1948,,,103726.02,,,1132.0021,1132.0021,1132.0021,103657.81,103657.81,103657.81,48.289852,,,,,,,1137.1948,,,103726.02,,,1132.0021,1132.0021,1132.0021,103657.81,103657.81,103657.81,48.289852,,,,,,,1.3490194,,,123.047,,,1.3428594,1.3428594,1.3428594,122.96609,122.96609,122.96609,.56466424,,,51.504261,,,.56208587,.56208587,.56208587,51.47039,51.47039,51.47039,15.686041,287.23499,246.21748,333.39069,.46965709,,,,,,,,,366.98276,119074.13,324.4679,368983.22,37790.238,35923.371,40333.031,37790.238,35923.371,40333.031,37790.238,35923.371,40333.031,37373.988,36401.879,38666.93,37373.988,36401.879,38666.93,37373.988,36401.879,38666.93,333.67001,311.09,353.01001,333.67001,311.09,353.01001,333.67001,311.09,353.01001,341.64001,317.51001,370.35999,341.64001,317.51001,370.35999,341.64001,317.51001,370.35999,12765344,12273443,13426802,12765344,12273443,13426802,12765344,12273443,13426802,12778390,12438119,13237437,12778390,12438119,13237437,12778390,12438119,13237437,71890.789,64083.578,79563.547,71890.789,64083.578,79563.547,71890.789,64083.578,79563.547,71706.563,66171.078,77735.391,71706.563,66171.078,77735.391,71706.563,66171.078,77735.391,11228.92,12396.74,13401.03,11228.92,12396.74,13401.03,11228.92,12396.74,13401.03,11501.81,12366.4,13446.98,11501.81,12366.4,13446.98,11501.81,12366.4,13446.98,1048.28,1169.15,1284.87,1048.28,1169.15,1284.87,1048.28,1169.15,1284.87,1069.11,1163.64,1280.38,1069.11,1163.64,1280.38,1069.11,1163.64,1280.38,4473.6802,4754.5801,4886.1899,4473.6802,4754.5801,4886.1899,4473.6802,4754.5801,4886.1899,4590.25,4936.1001,5347,4590.25,4936.1001,5347,4590.25,4936.1001,5347,299.19,333.67001,366.70001,299.19,333.67001,366.70001,299.19,333.67001,366.70001,305.10999,332.10001,365.39999,305.10999,332.10001,365.39999,305.10999,332.10001,365.39999,445003.22,498794.03,551250.19,445003.22,498794.03,551250.19,445003.22,498794.03,551250.19,459898.31,497732.28,539693.75,459898.31,497732.28,539693.75,459898.31,497732.28,539693.75,.67000002,.69,.70999998,.67000002,.69,.70999998,.67000002,.69,.70999998,.67000002,.69,.70999998,.67000002,.69,.70999998,.67000002,.69,.70999998,.79000002,.81999999,.82999998,.79000002,.81999999,.82999998,.79000002,.81999999,.82999998,.80000001,.81999999,.83999997,.80000001,.81999999,.83999997,.80000001,.81999999,.83999997,.46413457,.48544419,.44368309,.46413457,.48544419,.44368309,.46413457,.48544419,.44368309,.47644177,.47983199,.47643676,.47644177,.47983199,.47643676,.47644177,.47983199,.47643676,189.98169,68157.422,358.75784,119706.73,43417,43417,43417,476,476,476,815117,815117,815117,13223,13223,13223,3.5997882,3.5997882,3.5997882,167.9077,7854.3999,46.77808,22266.365,,,,,,,,,,,,,,,,,,,,27.779411,18.774143,,,212.9213,371.16522,,,,,215.45474,337.79474,215.45474,337.79474,215.45474,337.79474,27.779411,18.774143,,,1,,2.3890648,2.3890648,2.3890648,.7009874,.7009874,.7009874,1,,1,,18.311502,,,5.4367986,5.4367986,5.4367986,1,,1,,2.3890648,2.3890648,2.3890648,.87040186,.87040186,.87040186,1,,1,,47.231861,,,15.66075,15.66075,15.66075,1,
20Nov2020,Iran,479,43896,958,2395,87792,219480,13260,828377,26520,66300,1656754,4141885,589025,5321,3.6123681,195456,469.33929,13140.339,168.70255,6686.9453,39.637489,18986.357,,,,,,,,,,,,,,,,,,,,,,,,47074.328,54007.52,41139.387,17822.541,20447.477,15575.546,4423.085,5094.021,3928.3774,1634.288,1834.0604,1479.8315,1144.3619,,,104870.38,,,1130.0029,1130.0029,1130.0029,104787.82,104787.82,104787.82,479,,,43896,,,472.98969,472.98969,472.98969,43861.441,43861.441,43861.441,48.45903,235730.78,201805.13,272592,38735224,44320248,33570048,1144.3619,,,104870.38,,,1130.0029,1130.0029,1130.0029,104787.82,104787.82,104787.82,48.45903,,,,,,,1144.3619,,,104870.38,,,1130.0029,1130.0029,1130.0029,104787.82,104787.82,104787.82,48.45903,,,,,,,1.3575217,,,124.40453,,,1.340488,1.340488,1.340488,124.30658,124.30658,124.30658,.56822306,,,52.072483,,,.56109321,.56109321,.56109321,52.031487,52.031487,52.031487,15.729933,279.64023,239.39525,323.36755,.48545292,,,,,,,,,366.98276,119074.13,324.4679,371308.72,38120.75,36243.91,40670.059,38120.75,36243.91,40670.059,38120.75,36243.91,40670.059,37711.949,36728.102,39011.52,37711.949,36728.102,39011.52,37711.949,36728.102,39011.52,330.51001,307.28,346.91,330.51001,307.28,346.91,330.51001,307.28,346.91,337.97,314.17001,366.67999,337.97,314.17001,366.67999,337.97,314.17001,366.67999,12833431,12339393,13494546,12833431,12339393,13494546,12833431,12339393,13494546,12846344,12503426,13310126,12846344,12503426,13310126,12846344,12503426,13310126,68087.039,60550.469,75442.297,68087.039,60550.469,75442.297,68087.039,60550.469,75442.297,67954.133,62887.648,73355.469,67954.133,62887.648,73355.469,67954.133,62887.648,73355.469,11027.57,12200.07,13211.49,11027.57,12200.07,13211.49,11027.57,12200.07,13211.49,11314.3,12170.17,13237.55,11314.3,12170.17,13237.55,11314.3,12170.17,13237.55,1008.55,1126.08,1239.34,1008.55,1126.08,1239.34,1008.55,1126.08,1239.34,1030.59,1121.2,1230.6899,1030.59,1121.2,1230.6899,1030.59,1121.2,1230.6899,4409.3198,4710.3799,4866.5098,4409.3198,4710.3799,4866.5098,4409.3198,4710.3799,4866.5098,4532.4702,4872.46,5281.1802,4532.4702,4872.46,5281.1802,4532.4702,4872.46,5281.1802,287.85001,321.38,353.70001,287.85001,321.38,353.70001,287.85001,321.38,353.70001,294.10999,319.98999,351.22,294.10999,319.98999,351.22,294.10999,319.98999,351.22,422176.31,474234.91,524737.69,422176.31,474234.91,524737.69,422176.31,474234.91,524737.69,438498.44,473476.88,511455.5,438498.44,473476.88,511455.5,438498.44,473476.88,511455.5,.67000002,.69,.70999998,.67000002,.69,.70999998,.67000002,.69,.70999998,.67000002,.69,.70999998,.67000002,.69,.70999998,.67000002,.69,.70999998,.79000002,.81999999,.82999998,.79000002,.81999999,.82999998,.79000002,.81999999,.82999998,.80000001,.81999999,.83999997,.80000001,.81999999,.83999997,.80000001,.81999999,.83999997,.48542279,.50747746,.4598349,.48542279,.50747746,.4598349,.48542279,.50747746,.4598349,.49735019,.49957347,.49986729,.49735019,.49957347,.49986729,.49735019,.49957347,.49986729,189.98169,68157.422,358.75784,118573.05,43896,43896,43896,479,479,479,828377,828377,828377,13260,13260,13260,3.6123681,3.6123681,3.6123681,167.9077,7854.3999,46.77808,22406.701,,,,,,,,,,,,,,,,,,,,27.682673,18.871355,,,205.99321,369.36285,,,,,206.00598,336.6521,206.00598,336.6521,206.00598,336.6521,27.682673,18.871355,,,1,,2.3890646,2.3890646,2.3890646,.69,.69,.69,1,,1,,17.777586,,,5.134769,5.134769,5.134769,1,,1,,2.3890648,2.3890648,2.3890648,.86843336,.86843336,.86843336,1,,1,,46.76038,,,15.492259,15.492259,15.492259,1,
21Nov2020,Iran,431,44327,862,2155,88654,221635,12931,841308,25862,64655,1682616,4206540,596136,7111,3.3330755,200845,467.75,13193.714,168.70255,6686.9453,39.637489,17083.758,,,,,,,,,,,,,,,,,,,,,,,,48095.191,55123.086,42064.156,18625.955,21347.666,16290.3,4378.5635,5069.835,3878.5203,1613.0771,1817.5999,1457.6277,1029.6869,,,105900.07,,,1124.901,1124.901,1124.901,105912.72,105912.72,105912.72,431,,,44327,,,470.85413,470.85413,470.85413,44332.293,44332.293,44332.293,48.671555,229141.45,196109.02,263656.81,38964364,44583904,33766156,1029.6869,,,105900.07,,,1124.901,1124.901,1124.901,105912.72,105912.72,105912.72,48.671555,,,,,,,1029.6869,,,105900.07,,,1124.901,1124.901,1124.901,105912.72,105912.72,105912.72,48.671555,,,,,,,1.2214861,,,125.62601,,,1.3344356,1.3344356,1.3344356,125.64102,125.64102,125.64102,.51128215,,,52.583763,,,.55855983,.55855983,.55855983,52.590046,52.590046,52.590046,15.33965,271.82352,232.63814,312.76801,.44936734,,,,,,,,,366.98276,119074.13,324.4679,334100.34,38447.879,36561.328,41003.469,38447.879,36561.328,41003.469,38447.879,36561.328,41003.469,38045.789,37050.289,39357.969,38045.789,37050.289,39357.969,38045.789,37050.289,39357.969,327.13,303.03,343.59,327.13,303.03,343.59,327.13,303.03,343.59,333.84,310.42001,362.45001,333.84,310.42001,362.45001,333.84,310.42001,362.45001,12897978,12401884,13558657,12897978,12401884,13558657,12897978,12401884,13558657,12910803,12565466,13378806,12910803,12565466,13378806,12910803,12565466,13378806,64546.129,57269.449,71602.703,64546.129,57269.449,71602.703,64546.129,57269.449,71602.703,64458.801,59815.238,69293.438,64458.801,59815.238,69293.438,64458.801,59815.238,69293.438,10816.2,11976.6,12991.56,10816.2,11976.6,12991.56,10816.2,11976.6,12991.56,11104.62,11947.51,12996.24,11104.62,11947.51,12996.24,11104.62,11947.51,12996.24,966.40002,1080.2,1190.48,966.40002,1080.2,1190.48,966.40002,1080.2,1190.48,990.03998,1075.98,1177.73,990.03998,1075.98,1177.73,990.03998,1075.98,1177.73,4337.3198,4655.79,4835.2002,4337.3198,4655.79,4835.2002,4337.3198,4655.79,4835.2002,4466.9502,4800.0498,5204.77,4466.9502,4800.0498,5204.77,4466.9502,4800.0498,5204.77,275.81,308.28,339.75,275.81,308.28,339.75,275.81,308.28,339.75,282.54001,307.07999,336.10001,282.54001,307.07999,336.10001,282.54001,307.07999,336.10001,400452.34,450807.38,499408.25,400452.34,450807.38,499408.25,400452.34,450807.38,499408.25,418030.28,450326.88,484600.38,418030.28,450326.88,484600.38,418030.28,450326.88,484600.38,.67000002,.69,.70999998,.67000002,.69,.70999998,.67000002,.69,.70999998,.67000002,.69,.70999998,.67000002,.69,.70999998,.67000002,.69,.70999998,.79000002,.81999999,.82999998,.79000002,.81999999,.82999998,.79000002,.81999999,.82999998,.80000001,.81999999,.83999997,.80000001,.81999999,.83999997,.80000001,.81999999,.83999997,.50681585,.52913028,.47985619,.50681585,.52913028,.47985619,.50681585,.52913028,.47985619,.51791221,.51896477,.52306545,.51791221,.51896477,.52306545,.51791221,.51896477,.52306545,189.98169,68157.422,358.75784,117360.45,44327,44327,44327,431,431,431,841308,841308,841308,12931,12931,12931,3.3330755,3.3330755,3.3330755,167.9077,7854.3999,46.77808,20161.352,,,,,,,,,,,,,,,,,,,,30.002319,18.979584,,,222.53508,367.93521,,,,,197.31033,335.46658,197.31033,335.46658,197.31033,335.46658,30.002319,18.979584,,,1,,2.3890648,2.3890648,2.3890648,.75900233,.75900233,.75900233,1,,1,,17.72032,,,4.9915805,4.9915805,4.9915805,1,,1,,2.3890648,2.3890648,2.3890648,.86736929,.86736929,.86736929,1,,1,,46.31403,,,15.330863,15.330863,15.330863,1,
22Nov2020,Iran,475,44802,950,2375,89604,224010,13053,854361,26106,65265,1708722,4271805,603445,7309,3.6390102,206114,465.4375,13250.732,168.70255,6686.9453,39.637489,18827.807,,,,,,,,,,,,,,,,,,,,,,,,49299.879,56357.715,43159.563,19582.898,22386.41,17143.842,4327.6924,5032.5742,3824.8999,1588.6858,1796.2969,1432.9879,1134.8057,,,107034.88,,,1116.3971,1116.3971,1116.3971,107029.12,107029.12,107029.12,475,,,44802,,,467.29462,467.29462,467.29462,44799.59,44799.59,44799.59,48.922367,222408.34,190197.36,255910.47,39186776,44839816,33956356,1134.8057,,,107034.88,,,1116.3971,1116.3971,1116.3971,107029.12,107029.12,107029.12,48.922367,,,,,,,1134.8057,,,107034.88,,,1116.3971,1116.3971,1116.3971,107029.12,107029.12,107029.12,48.922367,,,,,,,1.3461853,,,126.9722,,,1.3243477,1.3243477,1.3243477,126.96536,126.96536,126.96536,.56347799,,,53.147243,,,.55433732,.55433732,.55433732,53.144382,53.144382,53.144382,15.484375,263.83621,225.62532,303.57877,.51023519,,,,,,,,,366.98276,119074.13,324.4679,368208,38771.18,36875.039,41332.66,38771.18,36875.039,41332.66,38771.18,36875.039,41332.66,38374.98,37367.969,39700.699,38374.98,37367.969,39700.699,38374.98,37367.969,39700.699,323.29999,298.23001,340.62,323.29999,298.23001,340.62,323.29999,298.23001,340.62,329.17999,306.20001,357.57999,329.17999,306.20001,357.57999,329.17999,306.20001,357.57999,12959205,12461137,13619367,12959205,12461137,13619367,12959205,12461137,13619367,12971984,12624437,13443740,12971984,12624437,13443740,12971984,12624437,13443740,61227.75,54202.41,67881.063,61227.75,54202.41,67881.063,61227.75,54202.41,67881.063,61181.059,56922.441,65501.09,61181.059,56922.441,65501.09,61181.059,56922.441,65501.09,10580.84,11726.52,12741.29,10580.84,11726.52,12741.29,10580.84,11726.52,12741.29,10872.99,11698.63,12723.37,10872.99,11698.63,12723.37,10872.99,11698.63,12723.37,923.21002,1033.03,1140.01,923.21002,1033.03,1140.01,923.21002,1033.03,1140.01,948.63,1029.48,1123.3199,948.63,1029.48,1123.3199,948.63,1029.48,1123.3199,4257.7402,4590.6899,4791.0898,4257.7402,4590.6899,4791.0898,4257.7402,4590.6899,4791.0898,4393.6499,4718.8101,5117.7002,4393.6499,4718.8101,5117.7002,4393.6499,4718.8101,5117.7002,263.48001,294.81,325.34,263.48001,294.81,325.34,263.48001,294.81,325.34,270.72,293.79999,320.57001,270.72,293.79999,320.57001,270.72,293.79999,320.57001,379797.25,428479.38,474943.97,379797.25,428479.38,474943.97,379797.25,428479.38,474943.97,398468.22,428251.63,459086.47,398468.22,428251.63,459086.47,398468.22,428251.63,459086.47,.67000002,.69,.70999998,.67000002,.69,.70999998,.67000002,.69,.70999998,.67000002,.69,.70999998,.67000002,.69,.70999998,.67000002,.69,.70999998,.79000002,.81999999,.82999998,.79000002,.81999999,.82999998,.79000002,.81999999,.82999998,.80000001,.81999999,.83999997,.80000001,.81999999,.83999997,.80000001,.81999999,.83999997,.52802855,.55021542,.50178945,.52802855,.55021542,.50178945,.52802855,.55021542,.50178945,.53804231,.53792495,.54591453,.53804231,.53792495,.54591453,.53804231,.53792495,.54591453,189.98169,68157.422,358.75784,115986.41,44802,44802,44802,475,475,475,854361,854361,854361,13053,13053,13053,3.6390102,3.6390102,3.6390102,167.9077,7854.3999,46.77808,22219.588,,,,,,,,,,,,,,,,,,,,27.48,19.069706,,,195.98805,366.11221,,,,,189.38371,334.24841,189.38371,334.24841,189.38371,334.24841,27.48,19.069706,,,1,,2.3890646,2.3890646,2.3890646,.68063158,.68063158,.68063158,1,,1,,17.038868,,,4.6907034,4.6907034,4.6907034,1,,1,,2.3890646,2.3890646,2.3890646,.86538947,.86538947,.86538947,1,,1,,45.866764,,,15.168302,15.168302,15.168302,1,
23Nov2020,Iran,453,45255,906,2265,90510,226275,12460,866821,24920,62300,1733642,4334105,610406,6961,3.6356339,211160,461.63391,13318.366,168.70255,6686.9453,39.637489,17955.783,,,,,,,,,,,,,,,,,,,,,,,,49589.672,56419.832,43452.145,20561.871,23393.93,18017.004,4270.5117,4981.8633,3764.9407,1561.2202,1770.204,1405.9559,1082.2463,,,108117.12,,,1104.2316,1104.2316,1104.2316,108133.34,108133.34,108133.34,453,,,45255,,,462.20245,462.20245,462.20245,45261.793,45261.793,45261.793,49.202358,215575.63,184282.52,248479.97,39402348,45088296,34140636,1082.2463,,,108117.12,,,1104.2316,1104.2316,1104.2316,108133.34,108133.34,108133.34,49.202358,,,,,,,1082.2463,,,108117.12,,,1104.2316,1104.2316,1104.2316,108133.34,108133.34,108133.34,49.202358,,,,,,,1.2838356,,,128.25603,,,1.3099161,1.3099161,1.3099161,128.27528,128.27528,128.27528,.53738004,,,53.684624,,,.54829663,.54829663,.54829663,53.69268,53.69268,53.69268,14.780917,255.73077,218.6087,294.76419,.50202632,,,,,,,,,366.98276,119074.13,324.4679,351154.19,39090.031,37184.398,41656.949,39090.031,37184.398,41656.949,39090.031,37184.398,41656.949,38698.93,37680.621,40037.66,38698.93,37680.621,40037.66,38698.93,37680.621,40037.66,318.84,292.94,337.14001,318.84,292.94,337.14001,318.84,292.94,337.14001,323.95999,301.42999,352.01001,323.95999,301.42999,352.01001,323.95999,301.42999,352.01001,13017306,12517341,13676875,13017306,12517341,13676875,13017306,12517341,13676875,13030074,12680508,13505157,13030074,12680508,13505157,13030074,12680508,13505157,58100.219,51319.129,64304.02,58100.219,51319.129,64304.02,58100.219,51319.129,64304.02,58089.891,54184.68,61945.051,58089.891,54184.68,61945.051,58089.891,54184.68,61945.051,10323.27,11451.6,12462.51,10323.27,11451.6,12462.51,10323.27,11451.6,12462.51,10620.9,11425.28,12421.12,10620.9,11425.28,12421.12,10620.9,11425.28,12421.12,879.67999,985.75,1089.22,879.67999,985.75,1089.22,879.67999,985.75,1089.22,907.26001,982.85999,1068.85,907.26001,982.85999,1068.85,907.26001,982.85999,1068.85,4172.1699,4515.4902,4734.3799,4172.1699,4515.4902,4734.3799,4172.1699,4515.4902,4734.3799,4311.7998,4629.1099,5020.4199,4311.7998,4629.1099,5020.4199,4311.7998,4629.1099,5020.4199,251.05,281.31,310.84,251.05,281.31,310.84,251.05,281.31,310.84,258.91,280.48999,305.01999,258.91,280.48999,305.01999,258.91,280.48999,305.01999,360166.97,407208.53,450647.97,360166.97,407208.53,450647.97,360166.97,407208.53,450647.97,379779.25,407210.38,434858.72,379779.25,407210.38,434858.72,379779.25,407210.38,434858.72,.67000002,.69,.70999998,.67000002,.69,.70999998,.67000002,.69,.70999998,.67000002,.69,.70999998,.67000002,.69,.70999998,.67000002,.69,.70999998,.79000002,.81999999,.82999998,.79000002,.81999999,.82999998,.79000002,.81999999,.82999998,.80000001,.81999999,.83999997,.80000001,.81999999,.83999997,.80000001,.81999999,.83999997,.54877591,.57082027,.52429074,.54877591,.57082027,.52429074,.54877591,.57082027,.52429074,.5576874,.55630112,.56826174,.5576874,.55630112,.56826174,.5576874,.55630112,.56826174,189.98169,68157.422,358.75784,114386.35,45255,45255,45255,453,453,453,866821,866821,866821,12460,12460,12460,3.6356339,3.6356339,3.6356339,167.9077,7854.3999,46.77808,21190.471,,,,,,,,,,,,,,,,,,,,27.505518,19.154148,,,199.19275,364.44135,,,,,182.22374,333.00833,182.22374,333.00833,182.22374,333.00833,27.505518,19.154148,,,1,,2.3890648,2.3890648,2.3890648,.70384103,.70384103,.70384103,1,,1,,17.301414,,,4.6629391,4.6629391,4.6629391,1,,1,,2.3890646,2.3890646,2.3890646,.86377263,.86377263,.86377263,1,,1,,45.456154,,,15.017294,15.017294,15.017294,1,
24Nov2020,Iran,483,45738,966,2415,91476,228690,13721,880542,27442,68605,1761084,4402710,617715,7309,3.5201516,217089,455.65179,13395.679,168.70255,6686.9453,39.637489,19144.908,,,,,,,,,,,,,,,,,,,,,,,,50416.637,57316.313,44362.629,21667.146,24632.363,19065.365,4207.1177,4917.4585,3692.156,1530.826,1741.3912,1373.6471,1153.9182,,,109271.04,,,1088.1934,1088.1934,1088.1934,109221.54,109221.54,109221.54,483,,,45738,,,455.48929,455.48929,455.48929,45717.281,45717.281,45717.281,49.499706,208687.2,178438.39,240818.48,39611036,45329112,34319076,1153.9182,,,109271.04,,,1088.1934,1088.1934,1088.1934,109221.54,109221.54,109221.54,49.499706,,,,,,,1153.9182,,,109271.04,,,1088.1934,1088.1934,1088.1934,109221.54,109221.54,109221.54,49.499706,,,,,,,1.3688579,,,129.62489,,,1.2908905,1.2908905,1.2908905,129.56618,129.56618,129.56618,.57296813,,,54.257591,,,.54033303,.54033303,.54033303,54.233013,54.233013,54.233013,16.276802,247.55925,211.67601,285.6756,.5529415,,,,,,,,,366.98276,119074.13,324.4679,374409.41,39403.75,37488.762,41975.648,39403.75,37488.762,41975.648,39403.75,37488.762,41975.648,39017.07,37987.691,40368.219,39017.07,37987.691,40368.219,39017.07,37987.691,40368.219,313.73001,287.42999,332.92999,313.73001,287.42999,332.92999,313.73001,287.42999,332.92999,318.13,295.95001,345.73001,318.13,295.95001,345.73001,318.13,295.95001,345.73001,13072447,12570662,13731359,13072447,12570662,13731359,13072447,12570662,13731359,13085237,12733829,13563258,13085237,12733829,13563258,13085237,12733829,13563258,55141.211,48598.02,60925.051,55141.211,48598.02,60925.051,55141.211,48598.02,60925.051,55163.469,51584.82,58746.262,55163.469,51584.82,58746.262,55163.469,51584.82,58746.262,10046.14,11154.64,12158.19,10046.14,11154.64,12158.19,10046.14,11154.64,12158.19,10343.85,11130.24,12111.46,10343.85,11130.24,12111.46,10343.85,11130.24,12111.46,836.35999,939.17999,1039.05,836.35999,939.17999,1039.05,836.35999,939.17999,1039.05,866.56,936.90997,1015.29,866.56,936.90997,1015.29,866.56,936.90997,1015.29,4082.51,4430.96,4665.79,4082.51,4430.96,4665.79,4082.51,4430.96,4665.79,4221.3198,4531.6201,4913.7598,4221.3198,4531.6201,4913.7598,4221.3198,4531.6201,4913.7598,238.69,268.01999,296.51999,238.69,268.01999,296.51999,238.69,268.01999,296.51999,247.28999,267.37,289.72,247.28999,267.37,289.72,247.28999,267.37,289.72,341514.69,386949.47,427541.06,341514.69,386949.47,427541.06,341514.69,386949.47,427541.06,361928.19,387159.25,411978.5,361928.19,387159.25,411978.5,361928.19,387159.25,411978.5,.67000002,.69,.69999999,.67000002,.69,.69999999,.67000002,.69,.69999999,.67000002,.69,.70999998,.67000002,.69,.70999998,.67000002,.69,.70999998,.79000002,.81999999,.82999998,.79000002,.81999999,.82999998,.79000002,.81999999,.82999998,.80000001,.81999999,.83999997,.80000001,.81999999,.83999997,.80000001,.81999999,.83999997,.56895745,.59144384,.5464583,.56895745,.59144384,.5464583,.56895745,.59144384,.5464583,.57670414,.57371533,.58851409,.57670414,.57371533,.58851409,.57670414,.57371533,.58851409,189.98169,68157.422,358.75784,112553.1,45738,45738,45738,483,483,483,880542,880542,880542,13721,13721,13721,3.5201516,3.5201516,3.5201516,167.9077,7854.3999,46.77808,22593.813,,,,,,,,,,,,,,,,,,,,28.407867,19.251869,,,180.85095,362.50259,,,,,175.76007,331.75641,175.76007,331.75641,175.76007,331.75641,28.407867,19.251869,,,1,,2.3890646,2.3890646,2.3890646,.64954454,.64954454,.64954454,1,,1,,15.209329,,,4.0187459,4.0187459,4.0187459,1,,1,,2.3890646,2.3890646,2.3890646,.8615101,.8615101,.8615101,1,,1,,44.984833,,,14.84591,14.84591,14.84591,1,
25Nov2020,Iran,469,46207,938,2345,92414,231035,13843,894385,27686,69215,1788770,4471925,625606,7891,3.3879941,222572,447.59821,13464.679,168.70255,6686.9453,39.637489,18589.982,,,,,,,,,,,,,,,,,,,,,,,,50546.883,57783.637,44572.453,22815.564,26082.047,20118.859,4137.6777,4861.3906,3616.749,1497.6965,1711.2766,1339.6301,1120.4713,,,110391.51,,,1068.1299,1068.1299,1068.1299,110289.67,110289.67,110289.67,469,,,46207,,,447.09125,447.09125,447.09125,46164.371,46164.371,46164.371,49.802319,201786.39,172531.77,233771.59,39812824,45562884,34491608,1120.4713,,,110391.51,,,1068.1299,1068.1299,1068.1299,110289.67,110289.67,110289.67,49.802319,,,,,,,1120.4713,,,110391.51,,,1068.1299,1068.1299,1068.1299,110289.67,110289.67,110289.67,49.802319,,,,,,,1.3291808,,,130.95407,,,1.2670898,1.2670898,1.2670898,130.83327,130.83327,130.83327,.55636036,,,54.81395,,,.53037065,.53037065,.53037065,54.763382,54.763382,54.763382,16.421528,239.37302,204.66916,277.3161,.55527598,,,,,,,,,366.98276,119074.13,324.4679,363556.97,39711.699,37787.469,42288.078,39711.699,37787.469,42288.078,39711.699,37787.469,42288.078,39328.801,38288.648,40691.75,39328.801,38288.648,40691.75,39328.801,38288.648,40691.75,307.95001,281.47,327.94,307.95001,281.47,327.94,307.95001,281.47,327.94,311.73001,289.97,338.73999,311.73001,289.97,338.73999,311.73001,289.97,338.73999,13124782,12621250,13782980,13124782,12621250,13782980,13124782,12621250,13782980,13137624,12784538,13618224,13137624,12784538,13618224,13137624,12784538,13618224,52335.43,46024.16,57735.469,52335.43,46024.16,57735.469,52335.43,46024.16,57735.469,52386.91,49111.129,55874.699,52386.91,49111.129,55874.699,52386.91,49111.129,55874.699,9752.6602,10839.07,11832.05,9752.6602,10839.07,11832.05,9752.6602,10839.07,11832.05,10046.25,10816.88,11777.84,10046.25,10816.88,11777.84,10046.25,10816.88,11777.84,794.28998,893.84003,990.10999,794.28998,893.84003,990.10999,794.28998,893.84003,990.10999,826.92999,892.15997,963.27002,826.92999,892.15997,963.27002,826.92999,892.15997,963.27002,3986.3601,4338.0801,4586.3901,3986.3601,4338.0801,4586.3901,3986.3601,4338.0801,4586.3901,4125.02,4427.21,4798.7598,4125.02,4427.21,4798.7598,4125.02,4427.21,4798.7598,226.67,255.07001,282.54001,226.67,255.07001,282.54001,226.67,255.07001,282.54001,235.97,254.59,274.87,235.97,254.59,274.87,235.97,254.59,274.87,323794.38,367657.34,405612.38,323794.38,367657.34,405612.38,323794.38,367657.34,405612.38,344880.47,368054.94,392105.06,344880.47,368054.94,392105.06,344880.47,368054.94,392105.06,.67000002,.69,.69999999,.67000002,.69,.69999999,.67000002,.69,.69999999,.67000002,.69,.70999998,.67000002,.69,.70999998,.67000002,.69,.70999998,.79000002,.81999999,.82999998,.79000002,.81999999,.82999998,.79000002,.81999999,.82999998,.80000001,.81999999,.83999997,.80000001,.81999999,.83999997,.80000001,.81999999,.83999997,.58841592,.61157012,.56800437,.58841592,.61157012,.56800437,.58841592,.61157012,.56800437,.59505326,.59043646,.60624933,.59505326,.59043646,.60624933,.59505326,.59043646,.60624933,189.98169,68157.422,358.75784,110479.48,46207,46207,46207,469,469,469,894385,894385,894385,13843,13843,13843,3.3879941,3.3879941,3.3879941,167.9077,7854.3999,46.77808,21938.92,,,,,,,,,,,,,,,,,,,,29.515991,19.35605,,,180.09064,360.65115,,,,,169.94781,330.50165,169.94781,330.50165,169.94781,330.50165,29.515991,19.35605,,,1,,2.3890646,2.3890646,2.3890646,.65660983,.65660983,.65660983,1,,1,,14.576782,,,3.7806423,3.7806423,3.7806423,1,,1,,2.3890646,2.3890646,2.3890646,.85943037,.85943037,.85943037,1,,1,,44.514191,,,14.674644,14.674644,14.674644,1,
26Nov2020,Iran,482,46689,964,2410,93378,233445,13961,908346,27922,69805,1816692,4541730,633275,7669,3.4524748,228382,437.24106,13518.268,168.70255,6686.9453,39.637489,19105.27,,,,,,,,,,,,,,,,,,,,,,,,50893.5,58555.879,44791.172,23854.414,27445.867,20994.178,4062.4236,4765.8271,3536.9932,1462.2795,1672.2305,1304.0551,1151.5292,,,111543.04,,,1044.1956,1044.1956,1044.1956,111333.87,111333.87,111333.87,482,,,46689,,,437.07294,437.07294,437.07294,46601.445,46601.445,46601.445,50.099979,194915.08,166176.58,226264.89,40007740,45789152,34657784,1151.5292,,,111543.04,,,1044.1956,1044.1956,1044.1956,111333.87,111333.87,111333.87,50.099979,,,,,,,1151.5292,,,111543.04,,,1044.1956,1044.1956,1044.1956,111333.87,111333.87,111333.87,50.099979,,,,,,,1.3660238,,,132.3201,,,1.2386972,1.2386972,1.2386972,132.07196,132.07196,132.07196,.57178187,,,55.385735,,,.51848626,.51848626,.51848626,55.281868,55.281868,55.281868,16.561508,231.2218,197.1302,268.4111,.59078509,,,,,,,,,366.98276,119074.13,324.4679,373634.25,40013.238,38079.91,42593.629,40013.238,38079.91,42593.629,40013.238,38079.91,42593.629,39633.57,38583,41007.66,39633.57,38583,41007.66,39633.57,38583,41007.66,301.54001,275,322.20001,301.54001,275,322.20001,301.54001,275,322.20001,304.78,283.54001,331.09,304.78,283.54001,331.09,304.78,283.54001,331.09,13174454,12669245,13831889,13174454,12669245,13831889,13174454,12669245,13831889,13187374,12832761,13670224,13187374,12832761,13670224,13187374,12832761,13670224,49671.988,43586.738,54712.129,49671.988,43586.738,54712.129,49671.988,43586.738,54712.129,49749.629,46724.352,53131.738,49749.629,46724.352,53131.738,49749.629,46724.352,53131.738,9446.2002,10508.55,11488.06,9446.2002,10508.55,11488.06,9446.2002,10508.55,11488.06,9738.3799,10488.81,11422.82,9738.3799,10488.81,11422.82,9738.3799,10488.81,11422.82,753.76001,850.04999,942.73999,753.76001,850.04999,942.73999,753.76001,850.04999,942.73999,788.60999,848.91998,913.15997,788.60999,848.91998,913.15997,788.60999,848.91998,913.15997,3884.6499,4237.9199,4497.3501,3884.6499,4237.9199,4497.3501,3884.6499,4237.9199,4497.3501,4023.73,4316.8301,4676.5801,4023.73,4316.8301,4676.5801,4023.73,4316.8301,4676.5801,215.10001,242.57001,269.01999,215.10001,242.57001,269.01999,215.10001,242.57001,269.01999,225.03999,242.25,260.57001,225.03999,242.25,260.57001,225.03999,242.25,260.57001,306961.97,349289.03,384782.16,306961.97,349289.03,384782.16,306961.97,349289.03,384782.16,328522.81,349855.88,373276.03,328522.81,349855.88,373276.03,328522.81,349855.88,373276.03,.67000002,.69,.69999999,.67000002,.69,.69999999,.67000002,.69,.69999999,.67000002,.69,.70999998,.67000002,.69,.70999998,.67000002,.69,.70999998,.79000002,.81999999,.82999998,.79000002,.81999999,.82999998,.79000002,.81999999,.82999998,.80000001,.81999999,.83999997,.80000001,.81999999,.83999997,.80000001,.81999999,.83999997,.60706252,.63092583,.58890051,.60706252,.63092583,.58890051,.60706252,.63092583,.58890051,.61262769,.6068356,.62314922,.61262769,.6068356,.62314922,.61262769,.6068356,.62314922,189.98169,68157.422,358.75784,108179.84,46689,46689,46689,482,482,482,908346,908346,908346,13961,13961,13961,3.4524748,3.4524748,3.4524748,167.9077,7854.3999,46.77808,22547.035,,,,,,,,,,,,,,,,,,,,28.964731,19.455246,,,169.2663,358.67535,,,,,164.72769,329.25238,164.72769,329.25238,164.72769,329.25238,28.964731,19.455246,,,1,,2.3890648,2.3890648,2.3890648,.62560165,.62560165,.62560165,1,,1,,13.961398,,,3.5579104,3.5579104,3.5579104,1,,1,,2.3890646,2.3890646,2.3890646,.85701638,.85701638,.85701638,1,,1,,44.044605,,,14.503784,14.503784,14.503784,1,
27Nov2020,Iran,406,47095,812,2030,94190,235475,14051,922397,28102,70255,1844794,4611985,640065,6790,2.8894742,235237,424.92856,13561.705,168.70255,6686.9453,39.637489,16092.82,,,,,,,,,,,,,,,,,,,,,,,,51188.969,59043.98,44926.629,24651.736,28434.576,21635.9,3981.6677,4640.3745,3461.8169,1425.5186,1625.2075,1272.8944,969.96027,,,112513,,,1017.1555,1017.1555,1017.1555,112351.02,112351.02,112351.02,406,,,47095,,,425.7547,425.7547,425.7547,47027.199,47027.199,47027.199,50.385494,188112.47,159978.33,218669.38,40195852,46007820,34817764,969.96027,,,112513,,,1017.1555,1017.1555,1017.1555,112351.02,112351.02,112351.02,50.385494,,,,,,,969.96027,,,112513,,,1017.1555,1017.1555,1017.1555,112351.02,112351.02,112351.02,50.385494,,,,,,,1.1506342,,,133.47073,,,1.2066205,1.2066205,1.2066205,133.27858,133.27858,133.27858,.48162538,,,55.867359,,,.50505978,.50505978,.50505978,55.78693,55.78693,55.78693,16.668272,223.15207,189.7774,259.40079,.51562786,,,,,,,,,366.98276,119074.13,324.4679,314720.97,40307.801,38365.539,42891.711,40307.801,38365.539,42891.711,40307.801,38365.539,42891.711,39930.898,38870.27,41315.441,39930.898,38870.27,41315.441,39930.898,38870.27,41315.441,294.56,268.07001,315.75,294.56,268.07001,315.75,294.56,268.07001,315.75,297.32001,276.69,322.84,297.32001,276.69,322.84,297.32001,276.69,322.84,13221597,12714779,13878227,13221597,12714779,13878227,13221597,12714779,13878227,13234617,12878619,13719417,13234617,12878619,13719417,13234617,12878619,13719417,47142.57,41277.469,51908.898,47142.57,41277.469,51908.898,47142.57,41277.469,51908.898,47243.609,44439.809,50445.898,47243.609,44439.809,50445.898,47243.609,44439.809,50445.898,9130.1299,10166.74,11130.27,9130.1299,10166.74,11130.27,9130.1299,10166.74,11130.27,9423.0596,10149.65,11051.19,9423.0596,10149.65,11051.19,9423.0596,10149.65,11051.19,714.90997,807.98999,896.94,714.90997,807.98999,896.94,714.90997,807.98999,896.94,751.73999,807.37,865.15002,751.73999,807.37,865.15002,751.73999,807.37,865.15002,3778.3501,4131.6001,4399.9502,3778.3501,4131.6001,4399.9502,3778.3501,4131.6001,4399.9502,3918.29,4201.4902,4548.4399,3918.29,4201.4902,4548.4399,3918.29,4201.4902,4548.4399,204.00999,230.56,255.92,204.00999,230.56,255.92,204.00999,230.56,255.92,214.50999,230.39,246.86,214.50999,230.39,246.86,214.50999,230.39,246.86,290975.56,331803.63,365060.75,290975.56,331803.63,365060.75,290975.56,331803.63,365060.75,312703.91,332522.38,354758.34,312703.91,332522.38,354758.34,312703.91,332522.38,354758.34,.67000002,.69,.69999999,.67000002,.69,.69999999,.67000002,.69,.69999999,.67000002,.69,.70999998,.67000002,.69,.70999998,.67000002,.69,.70999998,.79000002,.81999999,.82999998,.79000002,.81999999,.82999998,.79000002,.81999999,.82999998,.80000001,.81999999,.83999997,.80000001,.81999999,.83999997,.80000001,.81999999,.83999997,.62482804,.64943421,.6082772,.62482804,.64943421,.6082772,.62482804,.64943421,.6082772,.62933379,.62261742,.63997275,.62933379,.62261742,.63997275,.62933379,.62261742,.63997275,189.98169,68157.422,358.75784,105675.71,47095,47095,47095,406,406,406,922397,922397,922397,14051,14051,14051,2.8894742,2.8894742,2.8894742,167.9077,7854.3999,46.77808,18991.9,,,,,,,,,,,,,,,,,,,,34.608376,19.58588,,,193.93832,357.25519,,,,,160.04404,328.01584,160.04404,328.01584,160.04404,328.01584,34.608376,19.58588,,,1,,2.3890648,2.3890648,2.3890648,.72551721,.72551721,.72551721,1,,1,,13.387835,,,3.3551042,3.3551042,3.3551042,1,,1,,2.3890646,2.3890646,2.3890646,.85588282,.85588282,.85588282,1,,1,,43.577606,,,14.333955,14.333955,14.333955,1,
28Nov2020,Iran,391,47486,782,1955,94972,237430,13402,935799,26804,67010,1871598,4678995,648831,8766,2.917475,239482,411.63394,13579.866,168.70255,6686.9453,39.637489,15498.259,,,,,,,,,,,,,,,,,,,,,,,,51028.887,58965.656,44674.094,25469.744,29431.176,22297.914,3895.804,4516.5308,3368.2908,1388.3206,1576.8085,1233.4734,934.12427,,,113447.13,,,987.83386,987.83386,987.83386,113338.85,113338.85,113338.85,391,,,47486,,,413.48141,413.48141,413.48141,47440.68,47440.68,47440.68,50.654453,181414.11,154025.56,211047.69,40377264,46218868,34971788,934.12427,,,113447.13,,,987.83386,987.83386,987.83386,113338.85,113338.85,113338.85,50.654453,,,,,,,934.12427,,,113447.13,,,987.83386,987.83386,987.83386,113338.85,113338.85,113338.85,50.654453,,,,,,,1.1081231,,,134.57886,,,1.1718371,1.1718371,1.1718371,134.45042,134.45042,134.45042,.46383134,,,56.331188,,,.49050036,.49050036,.49050036,56.277428,56.277428,56.277428,15.898383,215.20601,182.71582,250.35941,.51491266,,,,,,,,,366.98276,119074.13,324.4679,303093.34,40594.891,38643.871,43181.84,40594.891,38643.871,43181.84,40594.891,38643.871,43181.84,40220.328,39150.07,41614.609,40220.328,39150.07,41614.609,40220.328,39150.07,41614.609,287.09,260.73999,308.67001,287.09,260.73999,308.67001,287.09,260.73999,308.67001,289.42999,269.47,314.12,289.42999,269.47,314.12,289.42999,269.47,314.12,13266337,12757976,13922126,13266337,12757976,13922126,13266337,12757976,13922126,13279480,12922225,13765952,13279480,12922225,13765952,13279480,12922225,13765952,44740.191,39089.461,49292,44740.191,39089.461,49292,44740.191,39089.461,49292,44862.051,42265.711,47937.449,44862.051,42265.711,47937.449,44862.051,42265.711,47937.449,8807.2402,9817.1396,10762.5,8807.2402,9817.1396,10762.5,8807.2402,9817.1396,10762.5,9102.9697,9802.8203,10667.55,9102.9697,9802.8203,10667.55,9102.9697,9802.8203,10667.55,677.81,767.72998,850.87,677.81,767.72998,850.87,677.81,767.72998,850.87,716.37,767.57001,819.34003,716.37,767.57001,819.34003,716.37,767.57001,819.34003,3668.3899,4020.21,4295.4502,3668.3899,4020.21,4295.4502,3668.3899,4020.21,4295.4502,3809.53,4082.1799,4415.5098,3809.53,4082.1799,4415.5098,3809.53,4082.1799,4415.5098,193.42,219.07001,242.77,193.42,219.07001,242.77,193.42,219.07001,242.77,204.41,219.02,233.78,204.41,219.02,233.78,204.41,219.02,233.78,275854.38,315181.16,346849.84,275854.38,315181.16,346849.84,275854.38,315181.16,346849.84,297680.84,316030.41,337285.13,297680.84,316030.41,337285.13,297680.84,316030.41,337285.13,.69999999,.73000002,.74000001,.69999999,.73000002,.74000001,.69999999,.73000002,.74000001,.70999998,.73000002,.74000001,.70999998,.73000002,.74000001,.70999998,.73000002,.74000001,.82999998,.86000001,.88,.82999998,.86000001,.88,.82999998,.86000001,.88,.85000002,.87,.88,.85000002,.87,.88,.85000002,.87,.88,.64168257,.66703397,.62620711,.64168257,.66703397,.62620711,.64168257,.66703397,.62620711,.64515549,.63756174,.65527058,.64515549,.63756174,.65527058,.64515549,.63756174,.65527058,189.98169,68157.422,358.75784,102995.79,47486,47486,47486,391,391,391,935799,935799,935799,13402,13402,13402,2.917475,2.917475,2.917475,167.9077,7854.3999,46.77808,18290.229,,,,,,,,,,,,,,,,,,,,34.276215,19.706841,,,194.20769,355.91263,,,,,155.8403,326.79819,155.8403,326.79819,155.8403,326.79819,34.276215,19.706841,,,1,,2.3890646,2.3890646,2.3890646,.73424554,.73424554,.73424554,1,,1,,13.536346,,,3.3383219,3.3383219,3.3383219,1,,1,,2.3890648,2.3890648,2.3890648,.85488123,.85488123,.85488123,1,,1,,43.147369,,,14.176481,14.176481,14.176481,1,
29Nov2020,Iran,388,47874,776,1940,95748,239370,12950,948749,25900,64750,1897498,4743745,658292,9461,2.996139,242583,397.88394,13565.785,168.70255,6686.9453,39.637489,15379.346,,,,,,,,,,,,,,,,,,,,,,,,51126.445,59162.254,44661.051,25743.773,29790.055,22488.244,3805.2942,4410.1787,3273.8354,1351.3019,1531.7041,1195.0776,926.95709,,,114374.08,,,957.00629,957.00629,957.00629,114295.86,114295.86,114295.86,388,,,47874,,,400.57782,400.57782,400.57782,47841.258,47841.258,47841.258,50.903595,174851.5,148757.58,203725.84,40552116,46422592,35120544,926.95709,,,114374.08,,,957.00629,957.00629,957.00629,114295.86,114295.86,114295.86,50.903595,,,,,,,926.95709,,,114374.08,,,957.00629,957.00629,957.00629,114295.86,114295.86,114295.86,50.903595,,,,,,,1.0996208,,,135.67848,,,1.1352674,1.1352674,1.1352674,135.58568,135.58568,135.58568,.46027255,,,56.791462,,,.47519323,.47519323,.47519323,56.752621,56.752621,56.752621,15.362189,207.42099,176.46657,241.67374,.53013963,,,,,,,,,366.98276,119074.13,324.4679,300767.81,40874.07,38914.469,43463.59,40874.07,38914.469,43463.59,40874.07,38914.469,43463.59,40501.512,39422.059,41904.801,40501.512,39422.059,41904.801,40501.512,39422.059,41904.801,279.17999,253.07001,301.03,279.17999,253.07001,301.03,279.17999,253.07001,301.03,281.17999,261.70001,305.31,281.17999,261.70001,305.31,281.17999,261.70001,305.31,13308933,12799094,13963912,13308933,12799094,13963912,13308933,12799094,13963912,13322216,12963818,13810115,13322216,12963818,13810115,13322216,12963818,13810115,42595.66,37184.422,46896.262,42595.66,37184.422,46896.262,42595.66,37184.422,46896.262,42735.961,40329.02,45703.801,42735.961,40329.02,45703.801,42735.961,40329.02,45703.801,8476.25,9462.9404,10388.32,8476.25,9462.9404,10388.32,8476.25,9462.9404,10388.32,8780.5898,9451.4805,10276.09,8780.5898,9451.4805,10276.09,8780.5898,9451.4805,10276.09,642.5,729.31,807.03003,642.5,729.31,807.03003,642.5,729.31,807.03003,682.53003,729.57001,776.41998,682.53003,729.57001,776.41998,682.53003,729.57001,776.41998,3555.6899,3904.8301,4185.0698,3555.6899,3904.8301,4185.0698,3555.6899,3904.8301,4185.0698,3698.26,3959.8401,4279.3999,3698.26,3959.8401,4279.3999,3698.26,3959.8401,4279.3999,183.34,208.10001,230.25999,183.34,208.10001,230.25999,183.34,208.10001,230.25999,194.75,208.17,221.53999,194.75,208.17,221.53999,194.75,208.17,221.53999,263682.78,301231.72,330914.47,263682.78,301231.72,330914.47,263682.78,301231.72,330914.47,285052.63,302217.16,322630.66,285052.63,302217.16,322630.66,285052.63,302217.16,322630.66,.69999999,.73000002,.74000001,.69999999,.73000002,.74000001,.69999999,.73000002,.74000001,.70999998,.73000002,.74000001,.70999998,.73000002,.74000001,.70999998,.73000002,.74000001,.82999998,.86000001,.88,.82999998,.86000001,.88,.82999998,.86000001,.88,.85000002,.87,.88,.85000002,.87,.88,.85000002,.87,.88,.65541887,.68058074,.6419062,.65541887,.68058074,.6419062,.65541887,.68058074,.6419062,.65794706,.64891243,.66801882,.65794706,.64891243,.66801882,.65794706,.64891243,.66801882,189.98169,68157.422,358.75784,100158.02,47874,47874,47874,388,388,388,948749,948749,948749,12950,12950,12950,2.996139,2.996139,2.996139,167.9077,7854.3999,46.77808,18149.895,,,,,,,,,,,,,,,,,,,,33.376289,19.817625,,,188.62955,354.55688,,,,,152.57419,325.60822,152.57419,325.60822,152.57419,325.60822,33.376289,19.817625,,,1,,2.3890648,2.3890648,2.3890648,.71953607,.71953607,.71953607,1,,1,,13.502047,,,3.2892401,3.2892401,3.2892401,1,,1,,2.3890646,2.3890646,2.3890646,.85378432,.85378432,.85378432,1,,1,,42.742722,,,14.027876,14.027876,14.027876,1,
30Nov2020,Iran,372,48246,744,1860,96492,241230,13321,962070,26642,66605,1924140,4810350,668151,9859,2.7925832,245673,384.39285,13515.232,168.70255,6686.9453,39.637489,14745.146,,,,,,,,,,,,,,,,,,,,,,,,50856.293,58909.297,44342.363,25938.666,30046.01,22616.313,3710.6831,4306.9517,3180.7932,1314.6147,1493.6283,1157.9469,888.73206,,,115262.81,,,925.3869,925.3869,925.3869,115221.25,115221.25,115221.25,372,,,48246,,,387.34277,387.34277,387.34277,48228.602,48228.602,48228.602,51.12817,168452.02,143688.59,197232.77,40720568,46619824,35264236,888.73206,,,115262.81,,,925.3869,925.3869,925.3869,115221.25,115221.25,115221.25,51.12817,,,,,,,888.73206,,,115262.81,,,925.3869,925.3869,925.3869,115221.25,115221.25,115221.25,51.12817,,,,,,,1.0542756,,,136.73276,,,1.0977582,1.0977582,1.0977582,136.68344,136.68344,136.68344,.44129223,,,57.232754,,,.45949289,.45949289,.45949289,57.212116,57.212116,57.212116,15.802295,199.82948,170.45338,233.97121,.52758765,,,,,,,,,366.98276,119074.13,324.4679,288365.03,41145,39177.02,43736.641,41145,39177.02,43736.641,41145,39177.02,43736.641,40774.148,39685.961,42185.73,40774.148,39685.961,42185.73,40774.148,39685.961,42185.73,270.92999,245.14999,292.92999,270.92999,245.14999,292.92999,270.92999,245.14999,292.92999,272.64001,253.67,296.07999,272.64001,253.67,296.07999,272.64001,253.67,296.07999,13349634,12838383,14003901,13349634,12838383,14003901,13349634,12838383,14003901,13363076,13003627,13852193,13363076,13003627,13852193,13363076,13003627,13852193,40701.391,35542.512,44720.738,40701.391,35542.512,44720.738,40701.391,35542.512,44720.738,40860.949,38614.23,43703.988,40860.949,38614.23,43703.988,40860.949,38614.23,43703.988,8144.4399,9107.1504,10011.06,8144.4399,9107.1504,10011.06,8144.4399,9107.1504,10011.06,8458.21,9098.5801,9878.8301,8458.21,9098.5801,9878.8301,8458.21,9098.5801,9878.8301,609.23999,692.95001,765.60999,609.23999,692.95001,765.60999,609.23999,692.95001,765.60999,650.40997,693.58002,739.25,650.40997,693.58002,739.25,650.40997,693.58002,739.25,3439.8601,3786.46,4070.02,3439.8601,3786.46,4070.02,3439.8601,3786.46,4070.02,3582.2,3835.3999,4143.3799,3582.2,3835.3999,4143.3799,3582.2,3835.3999,4143.3799,173.84,197.72,218.42999,173.84,197.72,218.42999,173.84,197.72,218.42999,185.58,197.89999,210.94,185.58,197.89999,210.94,185.58,197.89999,210.94,252098.31,287951.19,315752.13,252098.31,287951.19,315752.13,252098.31,287951.19,315752.13,273002.44,289067.69,308640.59,273002.44,289067.69,308640.59,273002.44,289067.69,308640.59,.69999999,.73000002,.74000001,.69999999,.73000002,.74000001,.69999999,.73000002,.74000001,.70999998,.73000002,.74000001,.70999998,.73000002,.74000001,.70999998,.73000002,.74000001,.82999998,.86000001,.88,.82999998,.86000001,.88,.82999998,.86000001,.88,.85000002,.87,.88,.85000002,.87,.88,.85000002,.87,.88,.66565293,.68973738,.65502048,.66565293,.68973738,.65502048,.66565293,.68973738,.65502048,.66723859,.65693396,.67746675,.66723859,.65693396,.67746675,.66723859,.65693396,.67746675,189.98169,68157.422,358.75784,97198.258,48246,48246,48246,372,372,372,962070,962070,962070,13321,13321,13321,2.7925832,2.7925832,2.7925832,167.9077,7854.3999,46.77808,17401.445,,,,,,,,,,,,,,,,,,,,35.809139,19.940928,,,189.54196,353.28452,,,,,150.22844,324.45337,150.22844,324.45337,150.22844,324.45337,35.809139,19.940928,,,1,,2.3890646,2.3890646,2.3890646,.72830641,.72830641,.72830641,1,,1,,12.645598,,,3.0554307,3.0554307,3.0554307,1,,1,,2.3890646,2.3890646,2.3890646,.85281682,.85281682,.85281682,1,,1,,42.325993,,,13.875949,13.875949,13.875949,1,
01Dec2020,Iran,382,48628,764,1910,97256,243140,13881,975951,27762,69405,1951902,4879755,677963,9812,2.7519631,249360,371.8125,13405.714,168.70255,6686.9453,39.637489,15141.521,,,,,,,,,,,,,,,,,,,,,,,,50750.348,58846.316,44184.07,25568.6,29647.441,22260.436,3612.5693,4177.4668,3092.6592,1278.3225,1455.2654,1122.7703,912.62268,,,116175.44,,,893.62006,893.62006,893.62006,116114.87,116114.87,116114.87,382,,,48628,,,374.04599,374.04599,374.04599,48602.648,48602.648,48602.648,51.319458,162239.14,138826.02,189960.45,40882808,46809788,35403060,912.62268,,,116175.44,,,893.62006,893.62006,893.62006,116114.87,116114.87,116114.87,51.319458,,,,,,,912.62268,,,116175.44,,,893.62006,893.62006,893.62006,116114.87,116114.87,116114.87,51.319458,,,,,,,1.0826164,,,137.81537,,,1.0600742,1.0600742,1.0600742,137.74352,137.74352,137.74352,.45315492,,,57.685909,,,.44371933,.44371933,.44371933,57.655834,57.655834,57.655834,16.466606,192.45934,164.68506,225.34428,.56251699,,,,,,,,,366.98276,119074.13,324.4679,296116.75,41407.41,39431.262,44000.75,41407.41,39431.262,44000.75,41407.41,39431.262,44000.75,41038.02,39941.578,42470.301,41038.02,39941.578,42470.301,41038.02,39941.578,42470.301,262.41,237.03,284.45001,262.41,237.03,284.45001,262.41,237.03,284.45001,263.87,245.5,286.51999,263.87,245.5,286.51999,263.87,245.5,286.51999,13388571,12875971,14042238,13388571,12875971,14042238,13388571,12875971,14042238,13402191,13041772,13892335,13402191,13041772,13892335,13402191,13041772,13892335,38936.699,34017.84,42678.031,38936.699,34017.84,42678.031,38936.699,34017.84,42678.031,39114.441,37012.551,41830.699,39114.441,37012.551,41830.699,39114.441,37012.551,41830.699,7814.6299,8752.6797,9634.04,7814.6299,8752.6797,9634.04,7814.6299,8752.6797,9634.04,8138.1201,8747,9473.29,8138.1201,8747,9473.29,8138.1201,8747,9473.29,578.28003,658.85999,726.78998,578.28003,658.85999,726.78998,578.28003,658.85999,726.78998,619.98999,659.84003,704.40997,619.98999,659.84003,704.40997,619.98999,659.84003,704.40997,3322.6799,3666.1399,3951.52,3322.6799,3666.1399,3951.52,3322.6799,3666.1399,3951.52,3465.23,3709.8,4005.79,3465.23,3709.8,4005.79,3465.23,3709.8,4005.79,165,187.99001,207.35001,165,187.99001,207.35001,165,187.99001,207.35001,176.89999,188.27,200.99001,176.89999,188.27,200.99001,176.89999,188.27,200.99001,241055.77,275277.5,301308.25,241055.77,275277.5,301308.25,241055.77,275277.5,301308.25,261481.02,276511.91,295268.97,261481.02,276511.91,295268.97,261481.02,276511.91,295268.97,.69999999,.72000003,.74000001,.69999999,.72000003,.74000001,.69999999,.72000003,.74000001,.70999998,.73000002,.74000001,.70999998,.73000002,.74000001,.70999998,.73000002,.74000001,.82999998,.86000001,.88,.82999998,.86000001,.88,.82999998,.86000001,.88,.85000002,.87,.88,.85000002,.87,.88,.85000002,.87,.88,.67394006,.69678146,.66650218,.67394006,.69678146,.66650218,.67394006,.69678146,.66650218,.67461014,.66328853,.68495148,.67461014,.66328853,.68495148,.67461014,.66328853,.68495148,189.98169,68157.422,358.75784,94141.648,48628,48628,48628,382,382,382,975951,975951,975951,13881,13881,13881,2.7519631,2.7519631,2.7519631,167.9077,7854.3999,46.77808,17869.227,,,,,,,,,,,,,,,,,,,,36.337696,20.069733,,,177.77242,351.90579,,,,,148.38115,323.33755,148.38115,323.33755,148.38115,323.33755,36.337696,20.069733,,,1,,2.3890646,2.3890646,2.3890646,.68693715,.68693715,.68693715,1,,1,,11.687857,,,2.8050356,2.8050356,2.8050356,1,,1,,2.3890648,2.3890648,2.3890648,.85151374,.85151374,.85151374,1,,1,,41.890224,,,13.718487,13.718487,13.718487,1,
02Dec2020,Iran,362,48990,724,1810,97980,244950,13621,989572,27242,68105,1979144,4947860,688054,10091,2.657661,252528,359.94641,13232.08,168.70255,6686.9453,39.637489,14348.771,,,,,,,,,,,,,,,,,,,,,,,,50109.215,58204.188,43578.441,24904.238,28927.434,21658.451,3511.5879,4040.5349,3005.3665,1242.4692,1410.9569,1089.7256,864.84143,,,117040.28,,,862.27698,862.27698,862.27698,116977.14,116977.14,116977.14,362,,,48990,,,360.92661,360.92661,360.92661,48963.574,48963.574,48963.574,51.464191,156232.75,133755.59,183592.11,41039040,46993380,35536816,864.84143,,,117040.28,,,862.27698,862.27698,862.27698,116977.14,116977.14,116977.14,51.464191,,,,,,,864.84143,,,117040.28,,,862.27698,862.27698,862.27698,116977.14,116977.14,116977.14,51.464191,,,,,,,1.0259349,,,138.84131,,,1.0228928,1.0228928,1.0228928,138.7664,138.7664,138.7664,.42942953,,,58.115337,,,.4281562,.4281562,.4281562,58.083992,58.083992,58.083992,16.158176,185.33414,158.67017,217.78972,.5535596,,,,,,,,,366.98276,119074.13,324.4679,280613.28,41661.121,39677,44255.73,41661.121,39677,44255.73,41661.121,39677,44255.73,41292.988,40188.77,42745.82,41292.988,40188.77,42745.82,41292.988,40188.77,42745.82,253.71001,228.67999,275.67999,253.71001,228.67999,275.67999,253.71001,228.67999,275.67999,254.97,237.24001,276.70999,254.97,237.24001,276.70999,254.97,237.24001,276.70999,13425823,12911937,14078996,13425823,12911937,14078996,13425823,12911937,14078996,13439637,13078325,13930635,13439637,13078325,13930635,13439637,13078325,13930635,37252.32,32467.5,40746.031,37252.32,32467.5,40746.031,37252.32,32467.5,40746.031,37446.461,35480.02,40040.141,37446.461,35480.02,40040.141,37446.461,35480.02,40040.141,7489.5098,8402.2695,9260.3496,7489.5098,8402.2695,9260.3496,7489.5098,8402.2695,9260.3496,7822.4399,8399.4404,9072.9502,7822.4399,8399.4404,9072.9502,7822.4399,8399.4404,9072.9502,549.65002,627.06,690.58002,549.65002,627.06,690.58002,549.65002,627.06,690.58002,591.29999,628.37,670.09998,591.29999,628.37,670.09998,591.29999,628.37,670.09998,3205.4299,3544.8701,3830.74,3205.4299,3544.8701,3830.74,3205.4299,3544.8701,3830.74,3348.52,3583.9299,3867.1899,3348.52,3583.9299,3867.1899,3348.52,3583.9299,3867.1899,156.83,178.91,197.02,156.83,178.91,197.02,156.83,178.91,197.02,168.71001,179.28999,191.2,168.71001,179.28999,191.2,168.71001,179.28999,191.2,229902.41,263167.25,287646.44,229902.41,263167.25,287646.44,229902.41,263167.25,287646.44,250451.25,264507.34,282475.34,250451.25,264507.34,282475.34,250451.25,264507.34,282475.34,.69999999,.72000003,.74000001,.69999999,.72000003,.74000001,.69999999,.72000003,.74000001,.70999998,.73000002,.74000001,.70999998,.73000002,.74000001,.70999998,.73000002,.74000001,.82999998,.86000001,.88,.82999998,.86000001,.88,.82999998,.86000001,.88,.85000002,.87,.88,.85000002,.87,.88,.85000002,.87,.88,.68105829,.70433509,.6765812,.68105829,.70433509,.6765812,.68105829,.70433509,.6765812,.68089211,.66865802,.69108146,.68089211,.66865802,.69108146,.68089211,.66865802,.69108146,189.98169,68157.422,358.75784,91020.453,48990,48990,48990,362,362,362,989572,989572,989572,13621,13621,13621,2.657661,2.657661,2.657661,167.9077,7854.3999,46.77808,16933.664,,,,,,,,,,,,,,,,,,,,37.627071,20.199469,,,180.64902,350.64032,,,,,146.83032,322.26263,146.83032,322.26263,146.83032,322.26263,37.627071,20.199469,,,1,,2.3890648,2.3890648,2.3890648,.70085639,.70085639,.70085639,1,,1,,11.469991,,,2.7349181,2.7349181,2.7349181,1,,1,,2.3890648,2.3890648,2.3890648,.85040051,.85040051,.85040051,1,,1,,41.471504,,,13.567303,13.567303,13.567303,1,
03Dec2020,Iran,358,49348,716,1790,98696,246740,13922,1003494,27844,69610,2006988,5017470,699315,11261,2.5714695,254831,348.54465,12987.759,168.70255,6686.9453,39.637489,14190.221,,,,,,,,,,,,,,,,,,,,,,,,49481.418,57516.379,43004.066,24276.654,28218.779,21098.725,3408.4031,3921.8225,2914.7705,1207.0271,1366.259,1057.447,855.28516,,,117895.56,,,831.76721,831.76721,831.76721,117808.91,117808.91,117808.91,358,,,49348,,,348.15601,348.15601,348.15601,49311.73,49311.73,49311.73,51.547344,150449.47,128271.94,177217.77,41189488,47170596,35665088,855.28516,,,117895.56,,,831.76721,831.76721,831.76721,117808.91,117808.91,117808.91,51.547344,,,,,,,855.28516,,,117895.56,,,831.76721,831.76721,831.76721,117808.91,117808.91,117808.91,51.547344,,,,,,,1.0145986,,,139.8559,,,.9867,.9867,.9867,139.75311,139.75311,139.75311,.42468446,,,58.540024,,,.41300681,.41300681,.41300681,58.496998,58.496998,58.496998,16.515244,178.47362,152.16507,210.22801,.56848663,,,,,,,,,366.98276,119074.13,324.4679,277512.56,41906.012,39914.141,44501.52,41906.012,39914.141,44501.52,41906.012,39914.141,44501.52,41538.969,40427.32,43011.07,41538.969,40427.32,43011.07,41538.969,40427.32,43011.07,244.89,220.25999,266.72,244.89,220.25999,266.72,244.89,220.25999,266.72,245.99001,228.97,266.76001,245.99001,228.97,266.76001,245.99001,228.97,266.76001,13461455,12946051,14114227,13461455,12946051,14114227,13461455,12946051,14114227,13475478,13113345,13967169,13475478,13113345,13967169,13475478,13113345,13967169,35631.91,30998.039,38906.09,35631.91,30998.039,38906.09,35631.91,30998.039,38906.09,35840.551,34002.422,38317.621,35840.551,34002.422,38317.621,35840.551,34002.422,38317.621,7171.3501,8058.2402,8892.6797,7171.3501,8058.2402,8892.6797,7171.3501,8058.2402,8892.6797,7512.9902,8058.21,8680.5498,7512.9902,8058.21,8680.5498,7512.9902,8058.21,8680.5498,523.17999,597.41998,656.82001,523.17999,597.41998,656.82001,523.17999,597.41998,656.82001,564.5,599.02002,638.90997,564.5,599.02002,638.90997,564.5,599.02002,638.90997,3088.9299,3423.52,3708.78,3088.9299,3423.52,3708.78,3088.9299,3423.52,3708.78,3232.72,3458.6299,3728.6299,3232.72,3458.6299,3728.6299,3232.72,3458.6299,3728.6299,149.27,170.45,187.38,149.27,170.45,187.38,149.27,170.45,187.38,161.06,170.91,182.3,161.06,170.91,182.3,161.06,170.91,182.3,219238.8,251586.19,274593.59,219238.8,251586.19,274593.59,219238.8,251586.19,274593.59,239883.98,253020.45,270227.25,239883.98,253020.45,270227.25,239883.98,253020.45,270227.25,.69999999,.72000003,.74000001,.69999999,.72000003,.74000001,.69999999,.72000003,.74000001,.70999998,.73000002,.74000001,.70999998,.73000002,.74000001,.70999998,.73000002,.74000001,.82999998,.86000001,.88,.82999998,.86000001,.88,.82999998,.86000001,.88,.85000002,.87,.88,.85000002,.87,.88,.85000002,.87,.88,.6872772,.71056104,.68554819,.6872772,.71056104,.68554819,.6872772,.71056104,.68554819,.68634552,.67339319,.69618106,.68634552,.67339319,.69618106,.68634552,.67339319,.69618106,189.98169,68157.422,358.75784,87856.211,49348,49348,49348,358,358,358,1003494,1003494,1003494,13922,13922,13922,2.5714695,2.5714695,2.5714695,167.9077,7854.3999,46.77808,16746.553,,,,,,,,,,,,,,,,,,,,38.888268,20.335049,,,175.90562,349.37268,,,,,145.50169,321.22968,145.50169,321.22968,145.50169,321.22968,38.888268,20.335049,,,1,,2.3890648,2.3890648,2.3890648,.68405026,.68405026,.68405026,1,,1,,10.806599,,,2.559396,2.559396,2.559396,1,,1,,2.3890646,2.3890646,2.3890646,.84919369,.84919369,.84919369,1,,1,,41.046074,,,13.414584,13.414584,13.414584,1,
04Dec2020,Iran,347,49695,694,1735,99390,248475,13341,1016835,26682,66705,2033670,5084175,708106,8791,2.6010044,259034,337.66965,12664.151,168.70255,6686.9453,39.637489,13754.209,,,,,,,,,,,,,,,,,,,,,,,,48525.113,56483.383,42164.004,23326.275,27151.857,20268.457,3303.6917,3807.9502,2824.1255,1171.7948,1325.8009,1024.9521,829.00543,,,118724.57,,,802.18927,802.18927,802.18927,118611.1,118611.1,118611.1,347,,,49695,,,335.77545,335.77545,335.77545,49647.504,49647.504,49647.504,51.558414,144903.09,122174.79,170676.25,41334392,47341272,35787264,829.00543,,,118724.57,,,802.18927,802.18927,802.18927,118611.1,118611.1,118611.1,51.558414,,,,,,,829.00543,,,118724.57,,,802.18927,802.18927,802.18927,118611.1,118611.1,118611.1,51.558414,,,,,,,.98342383,,,140.83932,,,.95161259,.95161259,.95161259,140.70473,140.70473,140.70473,.41163549,,,58.95166,,,.39832014,.39832014,.39832014,58.895317,58.895317,58.895317,15.82602,171.89412,144.93222,202.468,.57211024,,,,,,,,,366.98276,119074.13,324.4679,268985.66,42142.059,40142.648,44738.109,42142.059,40142.648,44738.109,42142.059,40142.648,44738.109,41775.98,40656.578,43266.051,41775.98,40656.578,43266.051,41775.98,40656.578,43266.051,236.03999,211.86,257.64001,236.03999,211.86,257.64001,236.03999,211.86,257.64001,237.00999,220.72,256.76001,237.00999,220.72,256.76001,237.00999,220.72,256.76001,13495527,12976854,14147981,13495527,12976854,14147981,13495527,12976854,14147981,13509771,13146886,14002007,13509771,13146886,14002007,13509771,13146886,14002007,34072.039,29661.43,37140.461,34072.039,29661.43,37140.461,34072.039,29661.43,37140.461,34293.371,32577.09,36659.859,34293.371,32577.09,36659.859,34293.371,32577.09,36659.859,6861.9399,7722.46,8533.1699,6861.9399,7722.46,8533.1699,6861.9399,7722.46,8533.1699,7211.23,7725.1699,8298.2402,7211.23,7725.1699,8298.2402,7211.23,7725.1699,8298.2402,498.60999,569.67999,625.26001,498.60999,569.67999,625.26001,498.60999,569.67999,625.26001,539.39001,571.57001,609.95001,539.39001,571.57001,609.95001,539.39001,571.57001,609.95001,2973.8601,3302.8899,3586.1799,2973.8601,3302.8899,3586.1799,2973.8601,3302.8899,3586.1799,3118.3799,3334.5801,3591.0701,3118.3799,3334.5801,3591.0701,3118.3799,3334.5801,3591.0701,142.25999,162.53,178.37,142.25999,162.53,178.37,142.25999,162.53,178.37,153.89,163.07001,174.03,153.89,163.07001,174.03,153.89,163.07001,174.03,209504.2,240507.05,262119.7,209504.2,240507.05,262119.7,209504.2,240507.05,262119.7,229756.2,242024.77,258498.45,229756.2,242024.77,258498.45,229756.2,242024.77,258498.45,.69999999,.72000003,.74000001,.69999999,.72000003,.74000001,.69999999,.72000003,.74000001,.70999998,.73000002,.74000001,.70999998,.73000002,.74000001,.70999998,.73000002,.74000001,.82999998,.86000001,.88,.82999998,.86000001,.88,.82999998,.86000001,.88,.85000002,.87,.88,.85000002,.87,.88,.85000002,.87,.88,.69276744,.71426094,.69369096,.69276744,.71426094,.69369096,.69276744,.71426094,.69369096,.6911248,.67753136,.70038462,.6911248,.67753136,.70038462,.6911248,.67753136,.70038462,189.98169,68157.422,358.75784,84681.195,49695,49695,49695,347,347,347,1016835,1016835,1016835,13341,13341,13341,2.6010044,2.6010044,2.6010044,167.9077,7854.3999,46.77808,16231.994,,,,,,,,,,,,,,,,,,,,38.446686,20.461515,,,174.79149,348.15366,,,,,144.34859,320.23892,144.34859,320.23892,144.34859,320.23892,38.446686,20.461515,,,1,,2.3890646,2.3890646,2.3890646,.68023056,.68023056,.68023056,1,,1,,10.861486,,,2.5539343,2.5539343,2.5539343,1,,1,,2.3890648,2.3890648,2.3890648,.84801406,.84801406,.84801406,1,,1,,40.650047,,,13.272091,13.272091,13.272091,1,
05Dec2020,Iran,321,50016,642,1605,100032,250080,12151,1028986,24302,60755,2057972,5144930,719708,11602,2.641758,259262,326.75,12270.116,168.70255,6686.9453,39.637489,12723.634,,,,,,,,,,,,,,,,,,,,,,,,47257.402,54947.852,41027.168,22321.48,25953.975,19378.703,3198.127,3690.5381,2734.5645,1136.6022,1288.5404,993.23865,766.88977,,,119491.46,,,773.58057,773.58057,773.58057,119384.68,119384.68,119384.68,321,,,50016,,,323.8006,323.8006,323.8006,49971.305,49971.305,49971.305,51.499962,139604.41,117745.16,164316.52,41473996,47505588,35905008,766.88977,,,119491.46,,,773.58057,773.58057,773.58057,119384.68,119384.68,119384.68,51.499962,,,,,,,766.88977,,,119491.46,,,773.58057,773.58057,773.58057,119384.68,119384.68,119384.68,51.499962,,,,,,,.90973788,,,141.74907,,,.91767496,.91767496,.91767496,141.62239,141.62239,141.62239,.3807925,,,59.332451,,,.38411474,.38411474,.38411474,59.279434,59.279434,59.279434,14.41436,165.60843,139.67749,194.92366,.54933065,,,,,,,,,366.98276,119074.13,324.4679,248831.11,42369.281,40362.57,44965.559,42369.281,40362.57,44965.559,42369.281,40362.57,44965.559,42004.059,40877.352,43510.852,42004.059,40877.352,43510.852,42004.059,40877.352,43510.852,227.22,203.53999,248.53999,227.22,203.53999,248.53999,227.22,203.53999,248.53999,228.08,212.56,246.77,228.08,212.56,246.77,228.08,212.56,246.77,13528100,13006337,14180308,13528100,13006337,14180308,13528100,13006337,14180308,13542577,13179003,14035220,13542577,13179003,14035220,13542577,13179003,14035220,32572.98,28374.801,35453.609,32572.98,28374.801,35453.609,32572.98,28374.801,35453.609,32805.34,31204.65,35066.781,32805.34,31204.65,35066.781,32805.34,31204.65,35066.781,6562.5601,7396.2998,8183.4102,6562.5601,7396.2998,8183.4102,6562.5601,7396.2998,8183.4102,6918.1899,7401.6499,7927.6001,6918.1899,7401.6499,7927.6001,6918.1899,7401.6499,7927.6001,475.66,543.63,595.65997,475.66,543.63,595.65997,475.66,543.63,595.65997,515.77002,545.76001,582.64001,515.77002,545.76001,582.64001,515.77002,545.76001,582.64001,2860.78,3183.5901,3459.9299,2860.78,3183.5901,3459.9299,2860.78,3183.5901,3459.9299,3005.9299,3212.3601,3455.1599,3005.9299,3212.3601,3455.1599,3005.9299,3212.3601,3455.1599,135.71001,155.10001,169.94,135.71001,155.10001,169.94,135.71001,155.10001,169.94,147.14999,155.71001,166.24001,147.14999,155.71001,166.24001,147.14999,155.71001,166.24001,200373.41,229907.16,250199.09,200373.41,229907.16,250199.09,200373.41,229907.16,250199.09,220048.88,231498.33,247266.75,220048.88,231498.33,247266.75,220048.88,231498.33,247266.75,.69999999,.72000003,.74000001,.69999999,.72000003,.74000001,.69999999,.72000003,.74000001,.70999998,.73000002,.74000001,.70999998,.73000002,.74000001,.70999998,.73000002,.74000001,.82999998,.86000001,.88,.82999998,.86000001,.88,.82999998,.86000001,.88,.85000002,.87,.88,.85000002,.87,.88,.85000002,.87,.88,.69757205,.71732658,.70102876,.69757205,.71732658,.70102876,.69757205,.71732658,.70102876,.69525266,.68118054,.70371443,.69525266,.68118054,.70371443,.69525266,.68118054,.70371443,189.98169,68157.422,358.75784,81516.961,50016,50016,50016,321,321,321,1028986,1028986,1028986,12151,12151,12151,2.641758,2.641758,2.641758,167.9077,7854.3999,46.77808,15015.764,,,,,,,,,,,,,,,,,,,,37.853584,20.573137,,,182.03973,347.08752,,,,,143.35437,319.29028,143.35437,319.29028,143.35437,319.29028,37.853584,20.573137,,,1,,2.3890648,2.3890648,2.3890648,.70785046,.70785046,.70785046,1,,1,,11.489129,,,2.6806831,2.6806831,2.6806831,1,,1,,2.3890648,2.3890648,2.3890648,.84711456,.84711456,.84711456,1,,1,,40.305695,,,13.14702,13.14702,13.14702,1,
06Dec2020,Iran,294,50310,588,1470,100620,251550,11561,1040547,23122,57805,2081094,5202735,730798,11090,2.5430326,259439,315.42856,11816.955,168.70255,6686.9453,39.637489,11653.422,,,,,,,,,,,,,,,,,,,,,,,,46435.324,53760.867,40227.309,21476.98,24865.146,18605.688,3092.3721,3582.5444,2644.0457,1101.3962,1250.5459,961.5105,702.38501,,,120193.84,,,745.97021,745.97021,745.97021,120130.65,120130.65,120130.65,294,,,50310,,,312.24362,312.24362,312.24362,50283.551,50283.551,50283.551,51.396236,134561.63,113282.61,158205.59,41608560,47663796,36018292,702.38501,,,120193.84,,,745.97021,745.97021,745.97021,120130.65,120130.65,120130.65,51.396236,,,,,,,702.38501,,,120193.84,,,745.97021,745.97021,745.97021,120130.65,120130.65,120130.65,51.396236,,,,,,,.83321786,,,142.58228,,,.88492167,.88492167,.88492167,142.50732,142.50732,142.50732,.3487632,,,59.681213,,,.37040508,.37040508,.37040508,59.649837,59.649837,59.649837,13.71446,159.62634,134.3837,187.67445,.52198017,,,,,,,,,366.98276,119074.13,324.4679,227901.39,42587.77,40573.98,45184,42587.77,40573.98,45184,42587.77,40573.98,45184,42223.328,41088.551,43745.602,42223.328,41088.551,43745.602,42223.328,41088.551,43745.602,218.49001,195.34,239.47,218.49001,195.34,239.47,218.49001,195.34,239.47,219.27,204.52,236.67,219.27,204.52,236.67,219.27,204.52,236.67,13559235,13034550,14211263,13559235,13034550,14211263,13559235,13034550,14211263,13573954,13209753,14066877,13573954,13209753,14066877,13573954,13209753,14066877,31135.17,27139.24,33896.789,31135.17,27139.24,33896.789,31135.17,27139.24,33896.789,31377.051,29872.721,33538.371,31377.051,29872.721,33538.371,31377.051,29872.721,33538.371,6274,7080.6699,7828.54,6274,7080.6699,7828.54,6274,7080.6699,7828.54,6634.5601,7088.5698,7569.7002,6634.5601,7088.5698,7569.7002,6634.5601,7088.5698,7569.7002,453.75,519.04999,567.84998,453.75,519.04999,567.84998,453.75,519.04999,567.84998,493.42999,521.40997,556.78998,493.42999,521.40997,556.78998,493.42999,521.40997,556.78998,2750.1101,3066.1399,3334.8201,2750.1101,3066.1399,3334.8201,2750.1101,3066.1399,3334.8201,2895.74,3092.4099,3321.49,2895.74,3092.4099,3321.49,2895.74,3092.4099,3321.49,129.45,148.08,162.00999,129.45,148.08,162.00999,129.45,148.08,162.00999,140.78,148.75999,158.86,140.78,148.75999,158.86,140.78,148.75999,158.86,191635.31,219766.52,239005.53,191635.31,219766.52,239005.53,191635.31,219766.52,239005.53,210745.06,221421.8,236512.14,210745.06,221421.8,236512.14,210745.06,221421.8,236512.14,.69999999,.72000003,.74000001,.69999999,.72000003,.74000001,.69999999,.72000003,.74000001,.70999998,.73000002,.74000001,.70999998,.73000002,.74000001,.70999998,.73000002,.74000001,.82999998,.86000001,.88,.82999998,.86000001,.88,.82999998,.86000001,.88,.85000002,.87,.88,.85000002,.87,.88,.85000002,.87,.88,.70174664,.7197696,.70646811,.70174664,.7197696,.70646811,.70174664,.7197696,.70646811,.69882286,.68463802,.70566934,.69882286,.68463802,.70566934,.69882286,.68463802,.70566934,189.98169,68157.422,358.75784,78385,50310,50310,50310,294,294,294,1040547,1040547,1040547,11561,11561,11561,2.5430326,2.5430326,2.5430326,167.9077,7854.3999,46.77808,13752.756,,,,,,,,,,,,,,,,,,,,39.323128,20.682707,,,191.57816,346.1788,,,,,142.50157,318.3833,142.50157,318.3833,142.50157,318.3833,39.323128,20.682707,,,1,,2.3890646,2.3890646,2.3890646,.74316329,.74316329,.74316329,1,,1,,11.639272,,,2.6931207,2.6931207,2.6931207,1,,1,,2.3890648,2.3890648,2.3890648,.84650707,.84650707,.84650707,1,,1,,39.987198,,,13.030872,13.030872,13.030872,1,
07Dec2020,Iran,284,50594,568,1420,101188,252970,10827,1051374,21654,54135,2102748,5256870,742955,12157,2.6230719,257825,303.85715,11317.482,168.70255,6686.9453,39.637489,11257.047,,,,,,,,,,,,,,,,,,,,,,,,44969.543,52098.328,38893.188,20489.732,23737.861,17721.127,2987.0693,3467.5044,2546.6526,1066.3077,1216.226,927.6745,678.49438,,,120872.34,,,719.37988,719.37988,719.37988,120850.03,120850.03,120850.03,284,,,50594,,,301.11362,301.11362,301.11362,50584.664,50584.664,50584.664,51.29924,129780.8,108933.05,152414.05,41738340,47816208,36127224,678.49438,,,120872.34,,,719.37988,719.37988,719.37988,120850.03,120850.03,120850.03,51.29924,,,,,,,678.49438,,,120872.34,,,719.37988,719.37988,719.37988,120850.03,120850.03,120850.03,51.29924,,,,,,,.8048771,,,143.38716,,,.85337836,.85337836,.85337836,143.3607,143.3607,143.3607,.3369005,,,60.018116,,,.35720187,.35720187,.35720187,60.007038,60.007038,60.007038,12.84374,153.95499,129.22395,180.80412,.52280027,,,,,,,,,366.98276,119074.13,324.4679,220149.64,42797.672,40777.02,45393.621,42797.672,40777.02,45393.621,42797.672,40777.02,45393.621,42433.949,41291.059,43970.52,42433.949,41291.059,43970.52,42433.949,41291.059,43970.52,209.89999,187.31,230.5,209.89999,187.31,230.5,209.89999,187.31,230.5,210.62,196.63,226.74001,210.62,196.63,226.74001,210.62,196.63,226.74001,13588993,13061546,14240901,13588993,13061546,14240901,13588993,13061546,14240901,13603962,13239191,14097050,13603962,13239191,14097050,13603962,13239191,14097050,29758.17,25954.85,32465.49,29758.17,25954.85,32465.49,29758.17,25954.85,32465.49,30008.211,28581.131,32073.939,30008.211,28581.131,32073.939,30008.211,28581.131,32073.939,5996.6899,6776.1401,7482.5601,5996.6899,6776.1401,7482.5601,5996.6899,6776.1401,7482.5601,6360.7598,6786.48,7225.1299,6360.7598,6786.48,7225.1299,6360.7598,6786.48,7225.1299,432.26999,495.76001,541.66998,432.26999,495.76001,541.66998,432.26999,495.76001,541.66998,472.22,498.32999,532.23999,472.22,498.32999,532.23999,472.22,498.32999,532.23999,2642.1499,2950.9299,3211.3899,2642.1499,2950.9299,3211.3899,2642.1499,2950.9299,3211.3899,2788.0601,2975.0701,3190.53,2788.0601,2975.0701,3190.53,2788.0601,2975.0701,3190.53,123.32,141.44,154.53,123.32,141.44,154.53,123.32,141.44,154.53,134.73,142.17,151.85001,134.73,142.17,151.85001,134.73,142.17,151.85001,183274,210066.52,228789.38,183274,210066.52,228789.38,183274,210066.52,228789.38,201707.75,211777.25,226216.02,201707.75,211777.25,226216.02,201707.75,211777.25,226216.02,.69999999,.72000003,.74000001,.69999999,.72000003,.74000001,.69999999,.72000003,.74000001,.70999998,.73000002,.74000001,.70999998,.73000002,.74000001,.70999998,.73000002,.74000001,.82999998,.86000001,.88,.82999998,.86000001,.88,.82999998,.86000001,.88,.85000002,.87,.88,.85000002,.87,.88,.85000002,.87,.88,.70535249,.72167629,.70998466,.70535249,.72167629,.70998466,.70535249,.72167629,.70998466,.70187455,.68797141,.70692909,.70187455,.68797141,.70692909,.70187455,.68797141,.70692909,189.98169,68157.422,358.75784,75303.266,50594,50594,50594,284,284,284,1051374,1051374,1051374,10827,10827,10827,2.6230719,2.6230719,2.6230719,167.9077,7854.3999,46.77808,13284.975,,,,,,,,,,,,,,,,,,,,38.123238,20.780607,,,191.27763,345.3093,,,,,141.77309,317.51712,141.77309,317.51712,141.77309,317.51712,38.123238,20.780607,,,1,,2.3890648,2.3890648,2.3890648,.73908448,.73908448,.73908448,1,,1,,11.986773,,,2.7485149,2.7485149,2.7485149,1,,1,,2.3890646,2.3890646,2.3890646,.84590411,.84590411,.84590411,1,,1,,39.698853,,,12.924985,12.924985,12.924985,1,
08Dec2020,Iran,323,50917,646,1615,101834,254585,11023,1062397,22046,55115,2124794,5311985,754224,11269,2.9302368,257256,292.22321,10792.438,168.70255,6686.9453,39.637489,12802.909,,,,,,,,,,,,,,,,,,,,,,,,42901.164,49787.547,36961.965,19492.922,22621.875,16794.34,2882.8196,3351.1035,2451.6646,1031.4935,1180.951,894.6319,771.66791,,,121644.01,,,693.82434,693.82434,693.82434,121543.86,121543.86,121543.86,323,,,50917,,,290.41672,290.41672,290.41672,50875.082,50875.082,50875.082,51.289165,125265.58,104968.47,147594.41,41863604,47963804,36232192,771.66791,,,121644.01,,,693.82434,693.82434,693.82434,121543.86,121543.86,121543.86,51.289165,,,,,,,771.66791,,,121644.01,,,693.82434,693.82434,693.82434,121543.86,121543.86,121543.86,51.289165,,,,,,,.91540599,,,144.30257,,,.8230626,.8230626,.8230626,144.18376,144.18376,144.18376,.38316503,,,60.401279,,,.34451246,.34451246,.34451246,60.351551,60.351551,60.351551,13.076248,148.59872,124.52089,175.08675,.61602551,,,,,,,,,366.98276,119074.13,324.4679,250381.47,42999.148,40971.871,45594.629,42999.148,40971.871,45594.629,42999.148,40971.871,45594.629,42636.102,41485.609,44185.82,42636.102,41485.609,44185.82,42636.102,41485.609,44185.82,201.48,179.48,221.52,201.48,179.48,221.52,201.48,179.48,221.52,202.16,188.92999,217.05,202.16,188.92999,217.05,202.16,188.92999,217.05,13617434,13087374,14269274,13617434,13087374,14269274,13617434,13087374,14269274,13632660,13267371,14125806,13632660,13267371,14125806,13632660,13267371,14125806,28440.73,24820.869,31093.08,28440.73,24820.869,31093.08,28440.73,24820.869,31093.08,28697.689,27317.77,30673.359,28697.689,27317.77,30673.359,28697.689,27317.77,30673.359,5730.79,6482.98,7149.77,5730.79,6482.98,7149.77,5730.79,6482.98,7149.77,6096.96,6495.6401,6914.5898,6096.96,6495.6401,6914.5898,6096.96,6495.6401,6914.5898,412.07999,473.63,516.81,412.07999,473.63,516.81,412.07999,473.63,516.81,452.04001,476.38,508.87,452.04001,476.38,508.87,452.04001,476.38,508.87,2537.1399,2838.26,3090.0901,2537.1399,2838.26,3090.0901,2537.1399,2838.26,3090.0901,2683.0901,2860.6101,3061.5601,2683.0901,2860.6101,3061.5601,2683.0901,2860.6101,3061.5601,117.57,135.13,147.44,117.57,135.13,147.44,117.57,135.13,147.44,128.97,135.91,145.17999,128.97,135.91,145.17999,128.97,135.91,145.17999,175274.3,200789.41,219142.66,175274.3,200789.41,219142.66,175274.3,200789.41,219142.66,192946.38,202547.55,216367.45,192946.38,202547.55,216367.45,192946.38,202547.55,216367.45,.69999999,.72000003,.74000001,.69999999,.72000003,.74000001,.69999999,.72000003,.74000001,.70999998,.73000002,.74000001,.70999998,.73000002,.74000001,.70999998,.73000002,.74000001,.82999998,.86000001,.88,.82999998,.86000001,.88,.82999998,.86000001,.88,.85000002,.87,.88,.85000002,.87,.88,.85000002,.87,.88,.70842063,.7231012,.7124415,.70842063,.7231012,.7124415,.70842063,.7231012,.7124415,.70444697,.6916011,.70761734,.70444697,.6916011,.70761734,.70444697,.6916011,.70761734,189.98169,68157.422,358.75784,72282.531,50917,50917,50917,323,323,323,1062397,1062397,1062397,11023,11023,11023,2.9302368,2.9302368,2.9302368,167.9077,7854.3999,46.77808,15109.32,,,,,,,,,,,,,,,,,,,,34.126934,20.865271,,,162.33095,344.1485,,,,,141.15907,316.6908,141.15907,316.6908,141.15907,316.6908,34.126934,20.865271,,,1,,2.3890648,2.3890648,2.3890648,.62377709,.62377709,.62377709,1,,1,,11.364018,,,2.580126,2.580126,2.580126,1,,1,,2.3890648,2.3890648,2.3890648,.84449494,.84449494,.84449494,1,,1,,39.404858,,,12.817651,12.817651,12.817651,1,
09Dec2020,Iran,295,51212,590,1475,102424,256060,10223,1072620,20446,51115,2145240,5363100,765639,11415,2.8856499,255769,280.91965,10260.58,168.70255,6686.9453,39.637489,11693.06,,,,,,,,,,,,,,,,,,,,,,,,41903.633,48672.594,36124.516,18714.072,21737.076,16133.132,2780.1672,3234.301,2360.4385,997.1051,1143.3168,863.16437,704.77405,,,122348.78,,,669.31232,669.31232,669.31232,122213.17,122213.17,122213.17,295,,,51212,,,280.15662,280.15662,280.15662,51155.238,51155.238,51155.238,51.465912,121017.28,101167,142944.09,41984624,48106748,36333360,704.77405,,,122348.78,,,669.31232,669.31232,669.31232,122213.17,122213.17,122213.17,51.465912,,,,,,,704.77405,,,122348.78,,,669.31232,669.31232,669.31232,122213.17,122213.17,122213.17,51.465912,,,,,,,.83605194,,,145.13861,,,.79398471,.79398471,.79398471,144.97774,144.97774,144.97774,.34994948,,,60.751228,,,.33234125,.33234125,.33234125,60.683895,60.683895,60.683895,12.127233,143.5591,120.01131,169.57021,.58237469,,,,,,,,,366.98276,119074.13,324.4679,228676.55,43192.422,41158.73,45787.289,43192.422,41158.73,45787.289,43192.422,41158.73,45787.289,42830.02,41672.41,44391.781,42830.02,41672.41,44391.781,42830.02,41672.41,44391.781,193.27,171.88,212.45,193.27,171.88,212.45,193.27,171.88,212.45,193.91,181.42999,207.62,193.91,181.42999,207.62,193.91,181.42999,207.62,13644615,13112085,14296438,13644615,13112085,14296438,13644615,13112085,14296438,13660103,13294346,14153210,13660103,13294346,14153210,13660103,13294346,14153210,27181,23735.891,29777.891,27181,23735.891,29777.891,27181,23735.891,29777.891,27443.74,26076.09,29344.51,27443.74,26076.09,29344.51,27443.74,26076.09,29344.51,5476.2202,6201.25,6830.2402,5476.2202,6201.25,6830.2402,5476.2202,6201.25,6830.2402,5843.1802,6216.1099,6619.7202,5843.1802,6216.1099,6619.7202,5843.1802,6216.1099,6619.7202,393.94,452.57001,493.16,393.94,452.57001,493.16,393.94,452.57001,493.16,432.78,455.48001,486.57999,432.78,455.48001,486.57999,432.78,455.48001,486.57999,2435.22,2728.3601,2971.27,2435.22,2728.3601,2971.27,2435.22,2728.3601,2971.27,2580.95,2749.1899,2935.02,2580.95,2749.1899,2935.02,2580.95,2749.1899,2935.02,112.39,129.12,140.69,112.39,129.12,140.69,112.39,129.12,140.69,123.47,129.95,138.82001,123.47,129.95,138.82001,123.47,129.95,138.82001,167621.56,191918.06,209897.38,167621.56,191918.06,209897.38,167621.56,191918.06,209897.38,184364.36,193716.13,207018.8,184364.36,193716.13,207018.8,184364.36,193716.13,207018.8,.69999999,.72000003,.74000001,.69999999,.72000003,.74000001,.69999999,.72000003,.74000001,.70999998,.73000002,.74000001,.70999998,.73000002,.74000001,.70999998,.73000002,.74000001,.82999998,.86000001,.88,.82999998,.86000001,.88,.82999998,.86000001,.88,.85000002,.87,.88,.85000002,.87,.88,.85000002,.87,.88,.71104819,.72413546,.71344876,.71104819,.72413546,.71344876,.71104819,.72413546,.71344876,.70657277,.69577146,.70752585,.70657277,.69577146,.70752585,.70657277,.69577146,.70752585,189.98169,68157.422,358.75784,69337.133,51212,51212,51212,295,295,295,1072620,1072620,1072620,10223,10223,10223,2.8856499,2.8856499,2.8856499,167.9077,7854.3999,46.77808,13799.533,,,,,,,,,,,,,,,,,,,,34.654236,20.9447,,,171.71075,343.15524,,,,,140.63745,315.90298,140.63745,315.90298,140.63745,315.90298,34.654236,20.9447,,,1,,2.3890646,2.3890646,2.3890646,.65515256,.65515256,.65515256,1,,1,,11.837747,,,2.6588085,2.6588085,2.6588085,1,,1,,2.3890648,2.3890648,2.3890648,.84340429,.84340429,.84340429,1,,1,,39.142124,,,12.720828,12.720828,12.720828,1,
10Dec2020,Iran,284,51496,568,1420,102992,257480,10403,1083023,20806,52015,2166046,5415115,778167,12528,2.7299817,253360,270.45535,9739.7861,168.70255,6686.9453,39.637489,11257.047,,,,,,,,,,,,,,,,,,,,,,,,39870.43,46282.668,34284.449,17865.27,20738.486,15362.285,2679.5955,3122.094,2279.7068,963.24854,1105.5144,834.48529,678.49438,,,123027.27,,,645.79181,645.79181,645.79181,122858.96,122858.96,122858.96,284,,,51496,,,270.31155,270.31155,270.31155,51425.547,51425.547,51425.547,51.930897,117035.72,97750.508,138631.05,42101660,48245380,36431108,678.49438,,,123027.27,,,645.79181,645.79181,645.79181,122858.96,122858.96,122858.96,51.930897,,,,,,,678.49438,,,123027.27,,,645.79181,645.79181,645.79181,122858.96,122858.96,122858.96,51.930897,,,,,,,.8048771,,,145.9435,,,.76608306,.76608306,.76608306,145.74382,145.74382,145.74382,.3369005,,,61.088131,,,.32066235,.32066235,.32066235,61.004555,61.004555,61.004555,12.340761,138.83589,115.95844,164.45377,.57973272,,,,,,,,,366.98276,119074.13,324.4679,220149.64,43377.699,41337.828,45971.852,43377.699,41337.828,45971.852,43377.699,41337.828,45971.852,43015.93,41851.68,44588.691,43015.93,41851.68,44588.691,43015.93,41851.68,44588.691,185.28,164.53,203.61,185.28,164.53,203.61,185.28,164.53,203.61,185.91,174.14999,198.49001,185.91,174.14999,198.49001,185.91,174.14999,198.49001,13670592,13135728,14322442,13670592,13135728,14322442,13670592,13135728,14322442,13686348,13320168,14179327,13686348,13320168,14179327,13686348,13320168,14179327,25976.84,22698.18,28517.939,25976.84,22698.18,28517.939,25976.84,22698.18,28517.939,26244.32,24927.359,28077.23,26244.32,24927.359,28077.23,26244.32,24927.359,28077.23,5232.77,5930.8599,6523.8398,5232.77,5930.8599,6523.8398,5232.77,5930.8599,6523.8398,5599.2998,5947.79,6319.98,5599.2998,5947.79,6319.98,5599.2998,5947.79,6319.98,376.64999,432.48001,470.62,376.64999,432.48001,470.62,376.64999,432.48001,470.62,414.39001,435.54001,465.29999,414.39001,435.54001,465.29999,414.39001,435.54001,465.29999,2336.49,2621.3999,2855.1799,2336.49,2621.3999,2855.1799,2336.49,2621.3999,2855.1799,2481.76,2640.96,2812.3401,2481.76,2640.96,2812.3401,2481.76,2640.96,2812.3401,107.46,123.39,134.25999,107.46,123.39,134.25999,107.46,123.39,134.25999,118.23,124.26,132.75,118.23,124.26,132.75,118.23,124.26,132.75,160301.63,183435.81,201038.08,160301.63,183435.81,201038.08,160301.63,183435.81,201038.08,175997.94,185266.89,198072.94,175997.94,185266.89,198072.94,175997.94,185266.89,198072.94,.69999999,.72000003,.74000001,.69999999,.72000003,.74000001,.69999999,.72000003,.74000001,.70999998,.73000002,.74000001,.70999998,.73000002,.74000001,.70999998,.73000002,.74000001,.82999998,.86000001,.88,.82999998,.86000001,.88,.82999998,.86000001,.88,.85000002,.87,.88,.85000002,.87,.88,.85000002,.87,.88,.7132507,.72485989,.71397161,.7132507,.72485989,.71397161,.7132507,.72485989,.71397161,.70838183,.69862992,.70694298,.70838183,.69862992,.70694298,.70838183,.69862992,.70694298,189.98169,68157.422,358.75784,66470.656,51496,51496,51496,284,284,284,1083023,1083023,1083023,10403,10403,10403,2.7299817,2.7299817,2.7299817,167.9077,7854.3999,46.77808,13284.975,,,,,,,,,,,,,,,,,,,,36.630283,21.031206,,,172.49327,342.21405,,,,,140.20316,315.15253,140.20316,315.15253,140.20316,315.15253,36.630283,21.031206,,,1,,2.3890648,2.3890648,2.3890648,.65239435,.65239435,.65239435,1,,1,,11.250189,,,2.4970527,2.4970527,2.4970527,1,,1,,2.3890646,2.3890646,2.3890646,.84235084,.84235084,.84235084,1,,1,,38.874207,,,12.622623,12.622623,12.622623,1,
11Dec2020,Iran,231,51727,462,1155,103454,258635,9384,1092407,18768,46920,2184814,5462035,787853,9686,2.4616368,252827,260.42856,9246.7676,168.70255,6686.9453,39.637489,9156.2598,,,,,,,,,,,,,,,,,,,,,,,,37859.172,43790.465,32470.811,17047.436,19718.211,14621.135,2581.5234,3022.5879,2202.0244,929.89648,1067.8503,806.65265,551.87396,,,123579.15,,,623.01794,623.01794,623.01794,123481.98,123481.98,123481.98,231,,,51727,,,260.77902,260.77902,260.77902,51686.328,51686.328,51686.328,52.762135,113319.3,94637.109,135058.92,42214976,48380436,36525748,551.87396,,,123579.15,,,623.01794,623.01794,623.01794,123481.98,123481.98,123481.98,52.762135,,,,,,,551.87396,,,123579.15,,,623.01794,623.01794,623.01794,123481.98,123481.98,123481.98,52.762135,,,,,,,.65467119,,,146.59816,,,.73906714,.73906714,.73906714,146.48289,146.48289,146.48289,.27402824,,,61.36216,,,.30935419,.30935419,.30935419,61.313911,61.313911,61.313911,11.131952,134.42722,112.26511,160.21628,.48700792,,,,,,,,,366.98276,119074.13,324.4679,179065.39,43555.25,41509.422,46148.602,43555.25,41509.422,46148.602,43555.25,41509.422,46148.602,43194.102,42023.648,44776.852,43194.102,42023.648,44776.852,43194.102,42023.648,44776.852,177.53999,157.44,195.02,177.53999,157.44,195.02,177.53999,157.44,195.02,178.17,167.11,189.67,178.17,167.11,189.67,178.17,167.11,189.67,13695418,13158347,14347337,13695418,13158347,14347337,13695418,13158347,14347337,13711445,13344886,14204216,13711445,13344886,14204216,13711445,13344886,14204216,24825.98,21705.869,27311.131,24825.98,21705.869,27311.131,24825.98,21705.869,27311.131,25097.24,23814.9,26866.16,25097.24,23814.9,26866.16,25097.24,23814.9,26866.16,5000.1299,5671.6001,6230.3398,5000.1299,5671.6001,6230.3398,5000.1299,5671.6001,6230.3398,5364.54,5690.48,6039.0801,5364.54,5690.48,6039.0801,5364.54,5690.48,6039.0801,360.14001,413.31,449.85001,360.14001,413.31,449.85001,360.14001,413.31,449.85001,396.51999,416.5,444.97,396.51999,416.5,444.97,396.51999,416.5,444.97,2240.99,2517.48,2742.04,2240.99,2517.48,2742.04,2240.99,2517.48,2742.04,2385.55,2535.99,2697.53,2385.55,2535.99,2697.53,2385.55,2535.99,2697.53,102.75,117.92,128.34,102.75,117.92,128.34,102.75,117.92,128.34,113.13,118.83,126.95,113.13,118.83,126.95,113.13,118.83,126.95,153300.67,175326.52,192549.66,153300.67,175326.52,192549.66,153300.67,175326.52,192549.66,168287.91,177184.2,189548.34,168287.91,177184.2,189548.34,168287.91,177184.2,189548.34,.69999999,.72000003,.74000001,.69999999,.72000003,.74000001,.69999999,.72000003,.74000001,.70999998,.73000002,.74000001,.70999998,.73000002,.74000001,.70999998,.73000002,.74000001,.82999998,.86000001,.88,.82999998,.86000001,.88,.82999998,.86000001,.88,.85000002,.87,.88,.85000002,.87,.88,.85000002,.87,.88,.7151379,.72533381,.71406788,.7151379,.72533381,.71406788,.7151379,.72533381,.71406788,.70991868,.70170355,.70598102,.70991868,.70170355,.70598102,.70991868,.70170355,.70598102,189.98169,68157.422,358.75784,63693.863,51727,51727,51727,231,231,231,1092407,1092407,1092407,9384,9384,9384,2.4616368,2.4616368,2.4616368,167.9077,7854.3999,46.77808,10805.736,,,,,,,,,,,,,,,,,,,,40.623375,21.1187,,,205.33546,341.60275,,,,,139.83318,314.43784,139.83318,314.43784,139.83318,314.43784,40.623375,21.1187,,,1,,2.3890648,2.3890648,2.3890648,.76857138,.76857138,.76857138,1,,1,,12.075799,,,2.6455648,2.6455648,2.6455648,1,,1,,2.3890648,2.3890648,2.3890648,.84202158,.84202158,.84202158,1,,1,,38.644001,,,12.536919,12.536919,12.536919,1,
12Dec2020,Iran,222,51949,444,1110,103898,259745,8411,1100818,16822,42055,2201636,5504090,800853,13000,2.6394007,248016,250.29465,8789.2949,168.70255,6686.9453,39.637489,8799.5225,,,,,,,,,,,,,,,,,,,,,,,,36777.055,42611.922,31450.703,16272.898,18854.678,13916.126,2486.3115,2911.1399,2127.5059,897.01147,1033.9707,779.54297,530.37238,,,124109.52,,,600.73285,600.73285,600.73285,124082.71,124082.71,124082.71,222,,,51949,,,251.45105,251.45105,251.45105,51937.777,51937.777,51937.777,53.989716,109865.34,91822.031,130804.43,42324844,48511240,36617568,530.37238,,,124109.52,,,600.73285,600.73285,600.73285,124082.71,124082.71,124082.71,53.989716,,,,,,,530.37238,,,124109.52,,,600.73285,600.73285,600.73285,124082.71,124082.71,124082.71,53.989716,,,,,,,.62916452,,,147.22733,,,.71263099,.71263099,.71263099,147.19553,147.19553,147.19553,.2633518,,,61.625511,,,.2982887,.2982887,.2982887,61.612198,61.612198,61.612198,9.9777117,130.3299,108.92567,155.1693,.48274767,,,,,,,,,366.98276,119074.13,324.4679,172088.81,43725.309,41673.73,46317.82,43725.309,41673.73,46317.82,43725.309,41673.73,46317.82,43364.781,42188.559,44956.578,43364.781,42188.559,44956.578,43364.781,42188.559,44956.578,170.06,150.61,186.7,170.06,150.61,186.7,170.06,150.61,186.7,170.67999,160.3,181.74001,170.67999,160.3,181.74001,170.67999,160.3,181.74001,13719144,13179988,14371169,13719144,13179988,14371169,13719144,13179988,14371169,13735445,13368548,14227935,13735445,13368548,14227935,13735445,13368548,14227935,23726.221,20757.029,26155.359,23726.221,20757.029,26155.359,23726.221,20757.029,26155.359,24000.369,22709.76,25707.23,24000.369,22709.76,25707.23,24000.369,22709.76,25707.23,4777.9302,5423.21,5949.4102,4777.9302,5423.21,5949.4102,4777.9302,5423.21,5949.4102,5137.5898,5443.8901,5781.46,5137.5898,5443.8901,5781.46,5137.5898,5443.8901,5781.46,344.38,395.01001,430.82999,344.38,395.01001,430.82999,344.38,395.01001,430.82999,379.35001,398.29999,425.64001,379.35001,398.29999,425.64001,379.35001,398.29999,425.64001,2148.74,2416.7,2632,2148.74,2416.7,2632,2148.74,2416.7,2632,2292.3601,2434.3301,2586.28,2292.3601,2434.3301,2586.28,2292.3601,2434.3301,2586.28,98.25,112.69,122.92,98.25,112.69,122.92,98.25,112.69,122.92,108.23,113.63,121.43,108.23,113.63,121.43,108.23,113.63,121.43,146608.44,167588.53,184439.58,146608.44,167588.53,184439.58,146608.44,167588.53,184439.58,160691.41,169465.69,181405.98,160691.41,169465.69,181405.98,160691.41,169465.69,181405.98,.77999997,.79000002,.80000001,.77999997,.79000002,.80000001,.77999997,.79000002,.80000001,.77999997,.79000002,.80000001,.77999997,.79000002,.80000001,.77999997,.79000002,.80000001,.93000001,.94,.95999998,.93000001,.94,.95999998,.93000001,.94,.95999998,.93000001,.94,.95999998,.93000001,.94,.95999998,.93000001,.94,.95999998,.71675974,.72558552,.71381164,.71675974,.72558552,.71381164,.71675974,.72558552,.71381164,.71115571,.70586395,.70696068,.71115571,.70586395,.70696068,.71115571,.70586395,.70696068,189.98169,68157.422,358.75784,61010.359,51949,51949,51949,222,222,222,1100818,1100818,1100818,8411,8411,8411,2.6394007,2.6394007,2.6394007,167.9077,7854.3999,46.77808,10384.733,,,,,,,,,,,,,,,,,,,,37.887386,21.190359,,,207.14757,341.02817,,,,,139.51677,313.75751,139.51677,313.75751,139.51677,313.75751,37.887386,21.190359,,,1,,2.3890648,2.3890648,2.3890648,.76603603,.76603603,.76603603,1,,1,,13.062102,,,2.8208561,2.8208561,2.8208561,1,,1,,2.3890648,2.3890648,2.3890648,.84169686,.84169686,.84169686,1,,1,,38.44854,,,12.462682,12.462682,12.462682,1,
13Dec2020,Iran,247,52196,494,1235,104392,260980,7451,1108269,14902,37255,2216538,5541345,812270,11417,3.3149912,243803,240.38393,8373.5361,168.70255,6686.9453,39.637489,9790.46,,,,,,,,,,,,,,,,,,,,,,,,34666.762,40216.59,29571.111,15475.627,17953.131,13200.872,2394.2634,2813.5452,2049.8015,864.5993,997.94141,753.07336,590.099,,,124699.62,,,578.71326,578.71326,578.71326,124661.42,124661.42,124661.42,247,,,52196,,,242.23425,242.23425,242.23425,52180.012,52180.012,52180.012,55.578918,106670.23,89300.313,126665.17,42431512,48637908,36706868,590.099,,,124699.62,,,578.71326,578.71326,578.71326,124661.42,124661.42,124661.42,55.578918,,,,,,,590.099,,,124699.62,,,578.71326,578.71326,578.71326,124661.42,124661.42,124661.42,55.578918,,,,,,,.70001638,,,147.92734,,,.68650985,.68650985,.68650985,147.88203,147.88203,147.88203,.29300854,,,61.918518,,,.2873551,.2873551,.2873551,61.899555,61.899555,61.899555,8.8388939,126.53964,105.93423,150.25902,.55319929,,,,,,,,,366.98276,119074.13,324.4679,191468.19,43888.141,41831.039,46479.82,43888.141,41831.039,46479.82,43888.141,41831.039,46479.82,43528.25,42346.648,45128.191,43528.25,42346.648,45128.191,43528.25,42346.648,45128.191,162.83,144.05,178.64999,162.83,144.05,178.64999,162.83,144.05,178.64999,163.47,153.73,173.96001,163.47,153.73,173.96001,163.47,153.73,173.96001,13741943,13200803,14394081,13741943,13200803,14394081,13741943,13200803,14394081,13758516,13391316,14250692,13758516,13391316,14250692,13758516,13391316,14250692,22798.939,19960.689,25151.721,22798.939,19960.689,25151.721,22798.939,19960.689,25151.721,23071.18,21782.279,24733.49,23071.18,21782.279,24733.49,23071.18,21782.279,24733.49,4565.77,5185.3599,5680.6602,4565.77,5185.3599,5680.6602,4565.77,5185.3599,5680.6602,4920.1201,5207.7002,5534.1201,4920.1201,5207.7002,5534.1201,4920.1201,5207.7002,5534.1201,329.35001,377.54999,412.64999,329.35001,377.54999,412.64999,329.35001,377.54999,412.64999,362.63,380.92999,407.23999,362.63,380.92999,407.23999,362.63,380.92999,407.23999,2059.74,2319.1001,2525.1699,2059.74,2319.1001,2525.1699,2059.74,2319.1001,2525.1699,2202.2,2336,2476.6299,2202.2,2336,2476.6299,2202.2,2336,2476.6299,93.959999,107.71,117.73,93.959999,107.71,117.73,93.959999,107.71,117.73,103.46,108.68,116.19,103.46,108.68,116.19,103.46,108.68,116.19,141754.42,161886.56,178031.06,141754.42,161886.56,178031.06,141754.42,161886.56,178031.06,155019.44,163727.33,175284.81,155019.44,163727.33,175284.81,155019.44,163727.33,175284.81,.77999997,.79000002,.80000001,.77999997,.79000002,.80000001,.77999997,.79000002,.80000001,.77999997,.79000002,.80000001,.77999997,.79000002,.80000001,.77999997,.79000002,.80000001,.93000001,.94,.95999998,.93000001,.94,.95999998,.93000001,.94,.95999998,.93000001,.94,.95999998,.93000001,.94,.95999998,.93000001,.94,.95999998,.7141999,.72166848,.71028936,.7141999,.72166848,.71028936,.7141999,.72166848,.71028936,.70854634,.70575714,.70333791,.70854634,.70575714,.70333791,.70854634,.70575714,.70333791,189.98169,68157.422,358.75784,58416.539,52196,52196,52196,247,247,247,1108269,1108269,1108269,7451,7451,7451,3.3149912,3.3149912,3.3149912,167.9077,7854.3999,46.77808,11554.186,,,,,,,,,,,,,,,,,,,,30.165993,21.232834,,,180.76668,340.26978,,,,,140.01682,313.11292,140.01682,313.11292,140.01682,313.11292,30.165993,21.232834,,,1,,2.3890648,2.3890648,2.3890648,.65923077,.65923077,.65923077,1,,1,,14.316231,,,3.0598495,3.0598495,3.0598495,1,,1,,2.3890646,2.3890646,2.3890646,.84083343,.84083343,.84083343,1,,1,,38.286293,,,12.399466,12.399466,12.399466,1,
14Dec2020,Iran,251,52447,502,1255,104894,262235,7501,1115770,15002,37505,2231540,5578850,823231,10961,3.3462205,240092,230.65178,8002.7144,168.70255,6686.9453,39.637489,9949.0098,,,,,,,,,,,,,,,,,,,,,,,,32461.697,37742.121,27588.318,14629.906,17009.697,12433.562,2305.635,2715.8584,1965.7646,832.76691,963.00055,725.40643,599.65521,,,125299.27,,,556.76929,556.76929,556.76929,125218.2,125218.2,125218.2,251,,,52447,,,233.04906,233.04906,233.04906,52413.063,52413.063,52413.063,57.426235,103728.82,87056.688,122734.51,42535240,48760640,36793924,599.65521,,,125299.27,,,556.76929,556.76929,556.76929,125218.2,125218.2,125218.2,57.426235,,,,,,,599.65521,,,125299.27,,,556.76929,556.76929,556.76929,125218.2,125218.2,125218.2,57.426235,,,,,,,.71135265,,,148.6387,,,.66047835,.66047835,.66047835,148.54251,148.54251,148.54251,.29775363,,,62.216274,,,.27645898,.27645898,.27645898,62.176014,62.176014,62.176014,8.8982067,123.05032,103.27269,145.59619,.57809895,,,,,,,,,366.98276,119074.13,324.4679,194568.86,44044.012,41981.59,46634.871,44044.012,41981.59,46634.871,44044.012,41981.59,46634.871,43684.77,42498.18,45292.012,43684.77,42498.18,45292.012,43684.77,42498.18,45292.012,155.87,137.74001,170.89,155.87,137.74001,170.89,155.87,137.74001,170.89,156.52,147.39,166.16,156.52,147.39,166.16,156.52,147.39,166.16,13763985,13220950,14416213,13763985,13220950,14416213,13763985,13220950,14416213,13780825,13413351,14272696,13780825,13413351,14272696,13780825,13413351,14272696,22042.01,19317.539,24298.381,22042.01,19317.539,24298.381,22042.01,19317.539,24298.381,22308.461,21034.49,23928.66,22308.461,21034.49,23928.66,22308.461,21034.49,23928.66,4358.6001,4957.8101,5423.8198,4358.6001,4957.8101,5423.8198,4358.6001,4957.8101,5423.8198,4711.8999,4981.6899,5296.9302,4711.8999,4981.6899,5296.9302,4711.8999,4981.6899,5296.9302,315.19,361.10001,395.42999,315.19,361.10001,395.42999,315.19,361.10001,395.42999,346.54999,364.54999,389.91,346.54999,364.54999,389.91,346.54999,364.54999,389.91,1973.99,2224.73,2421.6399,1973.99,2224.73,2421.6399,1973.99,2224.73,2421.6399,2115.0701,2241.02,2372.77,2115.0701,2241.02,2372.77,2115.0701,2241.02,2372.77,89.93,103.02,112.82,89.93,103.02,112.82,89.93,103.02,112.82,98.870003,104.01,111.24,98.870003,104.01,111.24,98.870003,104.01,111.24,137113.19,156433.55,171882.09,137113.19,156433.55,171882.09,137113.19,156433.55,171882.09,149618.44,158239.17,169466.66,149618.44,158239.17,169466.66,149618.44,158239.17,169466.66,.77999997,.79000002,.80000001,.77999997,.79000002,.80000001,.77999997,.79000002,.80000001,.77999997,.79000002,.80000001,.77999997,.79000002,.80000001,.77999997,.79000002,.80000001,.93000001,.94,.95999998,.93000001,.94,.95999998,.93000001,.94,.95999998,.93000001,.94,.95999998,.93000001,.94,.95999998,.93000001,.94,.95999998,.70714962,.71303082,.70329791,.70714962,.71303082,.70329791,.70714962,.71303082,.70329791,.70161724,.7007063,.69439745,.70161724,.7007063,.69439745,.70161724,.7007063,.69439745,189.98169,68157.422,358.75784,55919.582,52447,52447,52447,251,251,251,1115770,1115770,1115770,7501,7501,7501,3.3462205,3.3462205,3.3462205,167.9077,7854.3999,46.77808,11741.298,,,,,,,,,,,,,,,,,,,,29.884462,21.274239,,,172.98077,339.46918,,,,,141.41278,312.50525,141.41278,312.50525,141.41278,312.50525,29.884462,21.274239,,,1,,2.3890646,2.3890646,2.3890646,.620996,.620996,.620996,1,,1,,13.828666,,,2.9385428,2.9385428,2.9385428,1,,1,,2.3890646,2.3890646,2.3890646,.83978134,.83978134,.83978134,1,,1,,38.121872,,,12.335862,12.335862,12.335862,1,
15Dec2020,Iran,223,52670,446,1115,105340,263350,7704,1123474,15408,38520,2246948,5617370,833276,10045,2.8946002,237528,221.42857,7680.7588,168.70255,6686.9453,39.637489,8839.1602,,,,,,,,,,,,,,,,,,,,,,,,30607.494,35772.988,25922.781,13873.742,16215.154,11750.259,2220.6367,2615.6099,1872.326,801.62866,928.74615,695.95532,532.76141,,,125832.04,,,534.74298,534.74298,534.74298,125752.94,125752.94,125752.94,223,,,52670,,,223.82944,223.82944,223.82944,52636.891,52636.891,52636.891,59.370003,101034.64,85099.32,118996.94,42636276,48879640,36879024,532.76141,,,125832.04,,,534.74298,534.74298,534.74298,125752.94,125752.94,125752.94,59.370003,,,,,,,532.76141,,,125832.04,,,534.74298,534.74298,534.74298,125752.94,125752.94,125752.94,59.370003,,,,,,,.6319986,,,149.27069,,,.63434929,.63434929,.63434929,149.17686,149.17686,149.17686,.26453808,,,62.480812,,,.26552203,.26552203,.26552203,62.441536,62.441536,62.441536,9.13902,119.85431,100.95071,141.16243,.52730572,,,,,,,,,366.98276,119074.13,324.4679,172863.97,44193.191,42125.648,46783.262,44193.191,42125.648,46783.262,44193.191,42125.648,46783.262,43834.602,42643.379,45448.352,43834.602,42643.379,45448.352,43834.602,42643.379,45448.352,149.17,131.7,163.41,149.17,131.7,163.41,149.17,131.7,163.41,149.83,141.3,158.89,149.83,141.3,158.89,149.83,141.3,158.89,13785336,13240486,14437622,13785336,13240486,14437622,13785336,13240486,14437622,13802435,13434716,14294023,13802435,13434716,14294023,13802435,13434716,14294023,21350.529,18732.02,23502.061,21350.529,18732.02,23502.061,21350.529,18732.02,23502.061,21610.221,20355.4,23185.039,21610.221,20355.4,23185.039,21610.221,20355.4,23185.039,4157.0898,4740.5698,5178.8398,4157.0898,4740.5698,5178.8398,4157.0898,4740.5698,5178.8398,4512.9102,4765.8198,5069.9502,4512.9102,4765.8198,5069.9502,4512.9102,4765.8198,5069.9502,302.10001,345.88,379.34,302.10001,345.88,379.34,302.10001,345.88,379.34,331.57001,349.37,373.87,331.57001,349.37,373.87,331.57001,349.37,373.87,1891.54,2133.6799,2321.5901,1891.54,2133.6799,2321.5901,1891.54,2133.6799,2321.5901,2031.0601,2149.49,2275.9399,2031.0601,2149.49,2275.9399,2031.0601,2149.49,2275.9399,86.190002,98.68,108.23,86.190002,98.68,108.23,86.190002,98.68,108.23,94.599998,99.68,106.66,94.599998,99.68,106.66,94.599998,99.68,106.66,132652.84,151195.63,165970.2,132652.84,151195.63,165970.2,132652.84,151195.63,165970.2,144440.06,152965.44,163873.44,144440.06,152965.44,163873.44,144440.06,152965.44,163873.44,.77999997,.79000002,.80000001,.77999997,.79000002,.80000001,.77999997,.79000002,.80000001,.77999997,.79000002,.80000001,.77999997,.79000002,.80000001,.77999997,.79000002,.80000001,.93000001,.94,.95999998,.93000001,.94,.95999998,.93000001,.94,.95999998,.93000001,.94,.95999998,.93000001,.94,.95999998,.93000001,.94,.95999998,.69867122,.70307422,.69530076,.69867122,.70307422,.69530076,.69867122,.70307422,.69530076,.69332933,.69416469,.68531263,.69332933,.69416469,.68531263,.69332933,.69416469,.68531263,189.98169,68157.422,358.75784,53515.906,52670,52670,52670,223,223,223,1123474,1123474,1123474,7704,7704,7704,2.8946002,2.8946002,2.8946002,167.9077,7854.3999,46.77808,10431.512,,,,,,,,,,,,,,,,,,,,34.547085,21.330435,,,189.64331,338.83481,,,,,143.12885,311.93347,143.12885,311.93347,143.12885,311.93347,34.547085,21.330435,,,1,,2.3890646,2.3890646,2.3890646,.66892374,.66892374,.66892374,1,,1,,13.114569,,,2.7713563,2.7713563,2.7713563,1,,1,,2.3890648,2.3890648,2.3890648,.8390581,.8390581,.8390581,1,,1,,37.95039,,,12.270276,12.270276,12.270276,1,
16Dec2020,Iran,213,52883,426,1065,105766,264415,7603,1131077,15206,38015,2262154,5655385,844430,11154,2.8015258,233764,213.04465,7405.0269,168.70255,6686.9453,39.637489,8442.7852,,,,,,,,,,,,,,,,,,,,,,,,29519.693,34622.18,24929.039,13052,15308.042,11022.263,2139.4343,2518.1472,1804.4421,771.28339,894.1153,665.32367,508.87076,,,126340.91,,,512.50879,512.50879,512.50879,126265.45,126265.45,126265.45,213,,,52883,,,214.5228,214.5228,214.5228,52851.414,52851.414,52851.414,61.215679,98580.68,83417.281,115624.52,42734856,48995264,36962440,508.87076,,,126340.91,,,512.50879,512.50879,512.50879,126265.45,126265.45,126265.45,61.215679,,,,,,,508.87076,,,126340.91,,,512.50879,512.50879,512.50879,126265.45,126265.45,126265.45,61.215679,,,,,,,.60365784,,,149.87436,,,.60797352,.60797352,.60797352,149.78484,149.78484,149.78484,.25267538,,,62.733486,,,.25448182,.25448182,.25448182,62.696018,62.696018,62.696018,9.019206,116.94324,98.955376,137.16183,.51619726,,,,,,,,,366.98276,119074.13,324.4679,165112.22,44335.922,42263.461,46925.27,44335.922,42263.461,46925.27,44335.922,42263.461,46925.27,43978.012,42782.512,45597.52,43978.012,42782.512,45597.52,43978.012,42782.512,45597.52,142.74001,125.92,156.22,142.74001,125.92,156.22,142.74001,125.92,156.22,143.41,135.39,152.2,143.41,135.39,152.2,143.41,135.39,152.2,13806019,13259433,14458335,13806019,13259433,14458335,13806019,13259433,14458335,13823372,13455432,14314697,13823372,13455432,14314697,13823372,13455432,14314697,20683.449,18166.789,22733.66,20683.449,18166.789,22733.66,20683.449,18166.789,22733.66,20936.5,19701.49,22466.699,20936.5,19701.49,22466.699,20936.5,19701.49,22466.699,3965.96,4533.77,4945.8398,3965.96,4533.77,4945.8398,3965.96,4533.77,4945.8398,4323.27,4560.2402,4853.4302,4323.27,4560.2402,4853.4302,4323.27,4560.2402,4853.4302,290.13,331.92999,364.39999,290.13,331.92999,364.39999,290.13,331.92999,364.39999,318.34,335.44,359.10001,318.34,335.44,359.10001,318.34,335.44,359.10001,1812.48,2046.1,2225.1799,1812.48,2046.1,2225.1799,1812.48,2046.1,2225.1799,1949.71,2061.49,2184.29,1949.71,2061.49,2184.29,1949.71,2061.49,2184.29,82.779999,94.699997,103.97,82.779999,94.699997,103.97,82.779999,94.699997,103.97,90.830002,95.699997,102.45,90.830002,95.699997,102.45,90.830002,95.699997,102.45,128355.48,146152.13,160276.3,128355.48,146152.13,160276.3,128355.48,146152.13,160276.3,139461.88,147885.94,158482.39,139461.88,147885.94,158482.39,139461.88,147885.94,158482.39,.77999997,.79000002,.80000001,.77999997,.79000002,.80000001,.77999997,.79000002,.80000001,.77999997,.79000002,.80000001,.77999997,.79000002,.80000001,.77999997,.79000002,.80000001,.93000001,.94,.95999998,.93000001,.94,.95999998,.93000001,.94,.95999998,.93000001,.94,.95999998,.93000001,.94,.95999998,.93000001,.94,.95999998,.690117,.69313294,.68717486,.690117,.69313294,.68717486,.690117,.69313294,.68717486,.68497604,.68720692,.67744708,.68497604,.68720692,.67744708,.68497604,.68720692,.67744708,189.98169,68157.422,358.75784,51209.098,52883,52883,52883,213,213,213,1131077,1131077,1131077,7603,7603,7603,2.8015258,2.8015258,2.8015258,167.9077,7854.3999,46.77808,9963.7314,,,,,,,,,,,,,,,,,,,,35.694836,21.38829,,,193.7244,338.25037,,,,,144.90295,311.39578,144.90295,311.39578,144.90295,311.39578,35.694836,21.38829,,,1,,2.3890646,2.3890646,2.3890646,.67014086,.67014086,.67014086,1,,1,,12.966023,,,2.7204325,2.7204325,2.7204325,1,,1,,2.3890646,2.3890646,2.3890646,.83837759,.83837759,.83837759,1,,1,,37.782448,,,12.206082,12.206082,12.206082,1,
17Dec2020,Iran,212,53095,424,1060,106190,265475,7453,1138530,14906,37265,2277060,5692650,856513,12083,2.8444922,228922,204.91071,7169.4375,168.70255,6686.9453,39.637489,8403.1475,,,,,,,,,,,,,,,,,,,,,,,,28059.029,32947.637,23647.299,12394.743,14554.228,10445.913,2062.1541,2424.4973,1736.0535,741.8764,860.08466,636.64166,506.48172,,,126847.39,,,490.06964,490.06964,490.06964,126755.52,126755.52,126755.52,212,,,53095,,,205.13034,205.13034,205.13034,53056.543,53056.543,53056.543,62.772999,96358.523,81988.352,112466.95,42831216,49107728,37044432,506.48172,,,126847.39,,,490.06964,490.06964,490.06964,126755.52,126755.52,126755.52,62.772999,,,,,,,506.48172,,,126847.39,,,490.06964,490.06964,490.06964,126755.52,126755.52,126755.52,62.772999,,,,,,,.60082376,,,150.47517,,,.58135462,.58135462,.58135462,150.3662,150.3662,150.3662,.2514891,,,62.984974,,,.24333985,.24333985,.24333985,62.939358,62.939358,62.939358,8.8412657,114.30717,97.260277,133.41609,.52562213,,,,,,,,,366.98276,119074.13,324.4679,164337.06,44472.5,42387.16,47061.18,44472.5,42387.16,47061.18,44472.5,42387.16,47061.18,44115.27,42915.801,45739.859,44115.27,42915.801,45739.859,44115.27,42915.801,45739.859,136.57001,120.39,149.33,136.57001,120.39,149.33,136.57001,120.39,149.33,137.25999,129.72,145.77,137.25999,129.72,145.77,137.25999,129.72,145.77,13826048,13277802,14478368,13826048,13277802,14478368,13826048,13277802,14478368,13843647,13475513,14334729,13843647,13475513,14334729,13843647,13475513,14334729,20028.93,17611.109,21984.57,20028.93,17611.109,21984.57,20028.93,17611.109,21984.57,20275.76,19060.1,21763.24,20275.76,19060.1,21763.24,20275.76,19060.1,21763.24,3787.6499,4337.5098,4724.8901,3787.6499,4337.5098,4724.8901,3787.6499,4337.5098,4724.8901,4143.0698,4365.04,4647.54,4143.0698,4365.04,4647.54,4143.0698,4365.04,4647.54,279.17001,319.14001,350.54001,279.17001,319.14001,350.54001,279.17001,319.14001,350.54001,305.98001,322.64001,345.51001,305.98001,322.64001,345.51001,305.98001,322.64001,345.51001,1735.52,1962.08,2132.5701,1735.52,1962.08,2132.5701,1735.52,1962.08,2132.5701,1871.54,1977.12,2096.3701,1871.54,1977.12,2096.3701,1871.54,1977.12,2096.3701,79.650002,91.050003,100.01,79.650002,91.050003,100.01,79.650002,91.050003,100.01,87.290001,92.050003,98.580002,87.290001,92.050003,98.580002,87.290001,92.050003,98.580002,124208.32,141288.2,154786.63,124208.32,141288.2,154786.63,124208.32,141288.2,154786.63,134667.77,142986.17,153279,134667.77,142986.17,153279,134667.77,142986.17,153279,.77999997,.79000002,.80000001,.77999997,.79000002,.80000001,.77999997,.79000002,.80000001,.77999997,.79000002,.80000001,.77999997,.79000002,.80000001,.77999997,.79000002,.80000001,.93000001,.94,.95999998,.93000001,.94,.95999998,.93000001,.94,.95999998,.93000001,.94,.95999998,.93000001,.94,.95999998,.93000001,.94,.95999998,.68186373,.68360257,.67924911,.68186373,.68360257,.67924911,.68186373,.68360257,.67924911,.67696595,.68058407,.66979915,.67696595,.68058407,.66979915,.67696595,.68058407,.66979915,189.98169,68157.422,358.75784,48995.563,53095,53095,53095,212,212,212,1138530,1138530,1138530,7453,7453,7453,2.8444922,2.8444922,2.8444922,167.9077,7854.3999,46.77808,9916.9531,,,,,,,,,,,,,,,,,,,,35.155659,21.443262,,,190.25075,337.65942,,,,,146.65688,310.88983,146.65688,310.88983,146.65688,310.88983,35.155659,21.443262,,,1,,2.3890648,2.3890648,2.3890648,.64419812,.64419812,.64419812,1,,1,,12.928823,,,2.6873648,2.6873648,2.6873648,1,,1,,2.3890648,2.3890648,2.3890648,.83760244,.83760244,.83760244,1,,1,,37.619751,,,12.143771,12.143771,12.143771,1,
18Dec2020,Iran,178,53273,356,890,106546,266365,7121,1145651,14242,35605,2291302,5728255,865474,8961,2.4996488,226904,197.00893,6959.5537,168.70255,6686.9453,39.637489,7055.4731,,,,,,,,,,,,,,,,,,,,,,,,26686.594,31368.748,22492.986,11795.972,13865.571,9942.3193,1988.8879,2335.7419,1669.3967,713.79102,827.26831,612.41992,425.25351,,,127272.64,,,467.86304,467.86304,467.86304,127223.38,127223.38,127223.38,178,,,53273,,,195.83524,195.83524,195.83524,53252.379,53252.379,53252.379,63.898277,94359.563,80790.547,109494.48,42925576,49217224,37125220,425.25351,,,127272.64,,,467.86304,467.86304,467.86304,127223.38,127223.38,127223.38,63.898277,,,,,,,425.25351,,,127272.64,,,467.86304,467.86304,467.86304,127223.38,127223.38,127223.38,63.898277,,,,,,,.50446522,,,150.97964,,,.55501163,.55501163,.55501163,150.9212,150.9212,150.9212,.21115595,,,63.196133,,,.23231335,.23231335,.23231335,63.171669,63.171669,63.171669,8.4474249,111.93586,95.839355,129.88997,.45067346,,,,,,,,,366.98276,119074.13,324.4679,137981.11,44603.172,42505.531,47191.27,44603.172,42505.531,47191.27,44603.172,42505.531,47191.27,44246.66,43043.512,45875.672,44246.66,43043.512,45875.672,44246.66,43043.512,45875.672,130.67,114.97,142.73,130.67,114.97,142.73,130.67,114.97,142.73,131.38,124.3,139.61,131.38,124.3,139.61,131.38,124.3,139.61,13845434,13295601,14497737,13845434,13295601,14497737,13845434,13295601,14497737,13863275,13494968,14354126,13863275,13494968,14354126,13863275,13494968,14354126,19386.369,17064.49,21253.99,19386.369,17064.49,21253.99,19386.369,17064.49,21253.99,19627.381,18430.449,21074.07,19627.381,18430.449,21074.07,19627.381,18430.449,21074.07,3626.1299,4151.7598,4515.9399,3626.1299,4151.7598,4515.9399,3626.1299,4151.7598,4515.9399,3972.27,4180.1602,4453.2202,3972.27,4180.1602,4453.2202,3972.27,4180.1602,4453.2202,269.09,307.35001,337.60001,269.09,307.35001,337.60001,269.09,307.35001,337.60001,294.29001,310.81,332.92001,294.29001,310.81,332.92001,294.29001,310.81,332.92001,1660.47,1881.6899,2043.85,1660.47,1881.6899,2043.85,1660.47,1881.6899,2043.85,1796.76,1896.4301,2012.16,1796.76,1896.4301,2012.16,1796.76,1896.4301,2012.16,76.779999,87.690002,96.32,76.779999,87.690002,96.32,76.779999,87.690002,96.32,83.959999,88.68,94.989998,83.959999,88.68,94.989998,83.959999,88.68,94.989998,120202.5,136593.48,149531.61,120202.5,136593.48,149531.61,120202.5,136593.48,149531.61,130046.52,138255.88,148256.45,130046.52,138255.88,148256.45,130046.52,138255.88,148256.45,.77999997,.79000002,.80000001,.77999997,.79000002,.80000001,.77999997,.79000002,.80000001,.77999997,.79000002,.80000001,.77999997,.79000002,.80000001,.77999997,.79000002,.80000001,.93000001,.94,.95999998,.93000001,.94,.95999998,.93000001,.94,.95999998,.93000001,.94,.95999998,.93000001,.94,.95999998,.93000001,.94,.95999998,.6740303,.67373824,.67154449,.6740303,.67373824,.67154449,.6740303,.67373824,.67154449,.66937107,.67442739,.6624729,.66937107,.67442739,.6624729,.66937107,.67442739,.6624729,189.98169,68157.422,358.75784,46878.887,53273,53273,53273,178,178,178,1145651,1145651,1145651,7121,7121,7121,2.4996488,2.4996488,2.4996488,167.9077,7854.3999,46.77808,8326.498,,,,,,,,,,,,,,,,,,,,40.005619,21.505283,,,221.89014,337.27261,,,,,148.36128,310.41367,148.36128,310.41367,148.36128,310.41367,40.005619,21.505283,,,1,,2.3890646,2.3890646,2.3890646,.73410112,.73410112,.73410112,1,,1,,13.250887,,,2.7224224,2.7224224,2.7224224,1,,1,,2.3890646,2.3890646,2.3890646,.83725661,.83725661,.83725661,1,,1,,37.468285,,,12.085211,12.085211,12.085211,1,
19Dec2020,Iran,175,53448,350,875,106896,267240,6421,1152072,12842,32105,2304144,5760360,875943,10469,2.7254322,222681,189.35715,6763.3213,168.70255,6686.9453,39.637489,6936.5605,,,,,,,,,,,,,,,,,,,,,,,,25663.752,30221.074,21647.568,11021.529,12978.712,9296.7432,1919.6923,2261.8811,1608.6395,687.40662,796.05829,588.02966,418.0863,,,127690.73,,,446.37479,446.37479,446.37479,127669.75,127669.75,127669.75,175,,,53448,,,186.84081,186.84081,186.84081,53439.219,53439.219,53439.219,64.528488,92575.07,79617.359,107055.19,43018152,49324280,37204840,418.0863,,,127690.73,,,446.37479,446.37479,446.37479,127669.75,127669.75,127669.75,64.528488,,,,,,,418.0863,,,127690.73,,,446.37479,446.37479,446.37479,127669.75,127669.75,127669.75,64.528488,,,,,,,.49596301,,,151.4756,,,.52952075,.52952075,.52952075,151.45073,151.45073,151.45073,.20759715,,,63.403728,,,.22164354,.22164354,.22164354,63.393314,63.393314,63.393314,7.6170359,109.81898,94.447639,126.9963,.45161867,,,,,,,,,366.98276,119074.13,324.4679,135655.58,44728.219,42618.82,47315.809,44728.219,42618.82,47315.809,44728.219,42618.82,47315.809,44372.441,43165.898,46005.289,44372.441,43165.898,46005.289,44372.441,43165.898,46005.289,125.05,109.74,136.44,125.05,109.74,136.44,125.05,109.74,136.44,125.78,119.12,133.73,125.78,119.12,133.73,125.78,119.12,133.73,13864193,13312844,14516458,13864193,13312844,14516458,13864193,13312844,14516458,13882268,13513811,14372902,13882268,13513811,14372902,13882268,13513811,14372902,18758.18,16529.199,20543.27,18758.18,16529.199,20543.27,18758.18,16529.199,20543.27,18993.66,17815.07,20401.211,18993.66,17815.07,20401.211,18993.66,17815.07,20401.211,3473.79,3976.3,4318.7002,3473.79,3976.3,4318.7002,3473.79,3976.3,4318.7002,3810.6799,4005.4099,4269.3599,3810.6799,4005.4099,4269.3599,3810.6799,4005.4099,4269.3599,259.72,296.38,325.44,259.72,296.38,325.44,259.72,296.38,325.44,283.38,299.79001,321.28,283.38,299.79001,321.28,283.38,299.79001,321.28,1589.12,1804.9301,1959.04,1589.12,1804.9301,1959.04,1589.12,1804.9301,1959.04,1725.36,1819.4,1931.6801,1725.36,1819.4,1931.6801,1725.36,1819.4,1931.6801,74.099998,84.559998,92.849998,74.099998,84.559998,92.849998,74.099998,84.559998,92.849998,80.849998,85.529999,91.660004,80.849998,85.529999,91.660004,80.849998,85.529999,91.660004,116331.57,132060.27,144458.48,116331.57,132060.27,144458.48,116331.57,132060.27,144458.48,125589.9,133687.5,143431.09,125589.9,133687.5,143431.09,125589.9,133687.5,143431.09,.77999997,.79000002,.80000001,.77999997,.79000002,.80000001,.77999997,.79000002,.80000001,.77999997,.79000002,.80000001,.77999997,.79000002,.80000001,.77999997,.79000002,.80000001,.93000001,.94,.95999998,.93000001,.94,.95999998,.93000001,.94,.95999998,.93000001,.94,.95999998,.93000001,.94,.95999998,.93000001,.94,.95999998,.66664255,.66391599,.66415912,.66664255,.66391599,.66415912,.66664255,.66391599,.66415912,.66222095,.66864741,.65550029,.66222095,.66864741,.65550029,.66222095,.66864741,.65550029,189.98169,68157.422,358.75784,44862.668,53448,53448,53448,175,175,175,1152072,1152072,1152072,6421,6421,6421,2.7254322,2.7254322,2.7254322,167.9077,7854.3999,46.77808,8186.1641,,,,,,,,,,,,,,,,,,,,36.691429,21.555006,,,221.42574,336.89331,,,,,150.00543,309.96524,150.00543,309.96524,150.00543,309.96524,36.691429,21.555006,,,1,,2.3890646,2.3890646,2.3890646,.71457142,.71457142,.71457142,1,,1,,14.417547,,,2.9213798,2.9213798,2.9213798,1,,1,,2.3890646,2.3890646,2.3890646,.83685488,.83685488,.83685488,1,,1,,37.339813,,,12.034138,12.034138,12.034138,1,
20Dec2020,Iran,177,53625,354,885,107250,268125,6312,1158384,12624,31560,2316768,5791920,885054,9111,2.8041825,219705,181.75893,6581.3481,168.70255,6686.9453,39.637489,7015.8354,,,,,,,,,,,,,,,,,,,,,,,,24331.111,28733.531,20552.615,10416.104,12300.771,8798.5361,1854.5872,2190.6152,1550.3821,662.98126,768.03149,566.73706,422.86444,,,128113.59,,,426.00653,426.00653,426.00653,128095.76,128095.76,128095.76,177,,,53625,,,178.31519,178.31519,178.31519,53617.535,53617.535,53617.535,64.692657,90996.953,78671.977,104826.56,43109148,49429104,37283512,422.86444,,,128113.59,,,426.00653,426.00653,426.00653,128095.76,128095.76,128095.76,64.692657,,,,,,,422.86444,,,128113.59,,,426.00653,426.00653,426.00653,128095.76,128095.76,128095.76,64.692657,,,,,,,.50163114,,,151.97723,,,.50535852,.50535852,.50535852,151.95609,151.95609,151.95609,.20996968,,,63.613697,,,.21152987,.21152987,.21152987,63.604843,63.604843,63.604843,7.4877324,107.9469,93.326157,124.35255,.46470177,,,,,,,,,366.98276,119074.13,324.4679,137205.94,44847.91,42727.301,47435.07,44847.91,42727.301,47435.07,44847.91,42727.301,47435.07,44492.871,43283.211,46129.031,44492.871,43283.211,46129.031,44492.871,43283.211,46129.031,119.69,104.79,130.45,119.69,104.79,130.45,119.69,104.79,130.45,120.44,114.19,128.14,120.44,114.19,128.14,120.44,114.19,128.14,13882339,13329543,14534552,13882339,13329543,14534552,13882339,13329543,14534552,13900645,13532058,14391070,13900645,13532058,14391070,13900645,13532058,14391070,18146.68,16007.4,19853.76,18146.68,16007.4,19853.76,18146.68,16007.4,19853.76,18376.85,17216.4,19746.539,18376.85,17216.4,19746.539,18376.85,17216.4,19746.539,3330.26,3810.75,4133.8101,3330.26,3810.75,4133.8101,3330.26,3810.75,4133.8101,3657.96,3840.4099,4095.5901,3657.96,3840.4099,4095.5901,3657.96,3840.4099,4095.5901,250.92999,286.06,313.92999,250.92999,286.06,313.92999,250.92999,286.06,313.92999,273.17001,289.42999,310.29999,273.17001,289.42999,310.29999,273.17001,289.42999,310.29999,1521.41,1731.73,1878.1,1521.41,1731.73,1878.1,1521.41,1731.73,1878.1,1657.26,1745.95,1854.87,1657.26,1745.95,1854.87,1657.26,1745.95,1854.87,71.599998,81.620003,89.57,71.599998,81.620003,89.57,71.599998,81.620003,89.57,77.93,82.580002,88.529999,77.93,82.580002,88.529999,77.93,82.580002,88.529999,112590.35,127682.41,139560.59,112590.35,127682.41,139560.59,112590.35,127682.41,139560.59,121291.3,129274.88,138766.55,121291.3,129274.88,138766.55,121291.3,129274.88,138766.55,.77999997,.79000002,.80000001,.77999997,.79000002,.80000001,.77999997,.79000002,.80000001,.77999997,.79000002,.80000001,.77999997,.79000002,.80000001,.77999997,.79000002,.80000001,.93000001,.94,.95999998,.93000001,.94,.95999998,.93000001,.94,.95999998,.93000001,.94,.95999998,.93000001,.94,.95999998,.93000001,.94,.95999998,.65956968,.65463471,.65705436,.65956968,.65463471,.65705436,.65956968,.65463471,.65705436,.65538985,.66326296,.64892381,.65538985,.66326296,.64892381,.65538985,.66326296,.64892381,189.98169,68157.422,358.75784,42939.727,53625,53625,53625,177,177,177,1158384,1158384,1158384,6312,6312,6312,2.8041825,2.8041825,2.8041825,167.9077,7854.3999,46.77808,8279.7197,,,,,,,,,,,,,,,,,,,,35.661018,21.601566,,,215.19179,336.49161,,,,,151.614,309.5426,151.614,309.5426,151.614,309.5426,35.661018,21.601566,,,1,,2.3890646,2.3890646,2.3890646,.67621469,.67621469,.67621469,1,,1,,14.416501,,,2.8749492,2.8749492,2.8749492,1,,1,,2.3890648,2.3890648,2.3890648,.83632469,.83632469,.83632469,1,,1,,37.214901,,,11.984229,11.984229,11.984229,1,
21Dec2020,Iran,191,53816,382,955,107632,269080,6151,1164535,12302,30755,2329070,5822675,894366,9312,3.1051862,216353,174.34822,6412.5981,168.70255,6686.9453,39.637489,7570.7603,,,,,,,,,,,,,,,,,,,,,,,,23054.023,27239.846,19513.744,9785.9863,11562.786,8283.2061,1793.5698,2124.5178,1498.0244,640.53003,743.90558,546.09686,456.31134,,,128569.91,,,407.08432,407.08432,407.08432,128502.84,128502.84,128502.84,191,,,53816,,,170.39485,170.39485,170.39485,53787.93,53787.93,53787.93,64.494492,89616.883,77458.031,102822.32,43198764,49531928,37360968,456.31134,,,128569.91,,,407.08432,407.08432,407.08432,128502.84,128502.84,128502.84,64.494492,,,,,,,456.31134,,,128569.91,,,407.08432,407.08432,407.08432,128502.84,128502.84,128502.84,64.494492,,,,,,,.54130822,,,152.51854,,,.48291168,.48291168,.48291168,152.439,152.439,152.439,.22657746,,,63.840275,,,.20213421,.20213421,.20213421,63.806976,63.806976,63.806976,7.2967434,106.30976,91.886093,121.97498,.50918013,,,,,,,,,366.98276,119074.13,324.4679,148058.38,44962.512,42831.199,47549.309,44962.512,42831.199,47549.309,44962.512,42831.199,47549.309,44608.238,43395.699,46247.211,44608.238,43395.699,46247.211,44608.238,43395.699,46247.211,114.61,100.14,124.75,114.61,100.14,124.75,114.61,100.14,124.75,115.36,109.51,122.82,115.36,109.51,122.82,115.36,109.51,122.82,13899892,13345715,14552037,13899892,13345715,14552037,13899892,13345715,14552037,13918424,13549726,14408649,13918424,13549726,14408649,13918424,13549726,14408649,17553.301,15500.46,19186.09,17553.301,15500.46,19186.09,17553.301,15500.46,19186.09,17778.301,16635.93,19111.27,17778.301,16635.93,19111.27,17778.301,16635.93,19111.27,3195.0901,3654.6399,3968.1599,3195.0901,3654.6399,3968.1599,3195.0901,3654.6399,3968.1599,3513.6799,3684.6899,3931.4199,3513.6799,3684.6899,3931.4199,3513.6799,3684.6899,3931.4199,242.60001,276.29999,302.98001,242.60001,276.29999,302.98001,242.60001,276.29999,302.98001,263.51001,279.60001,299.87,263.51001,279.60001,299.87,263.51001,279.60001,299.87,1457.9399,1662.01,1800.9399,1457.9399,1662.01,1800.9399,1457.9399,1662.01,1800.9399,1592.37,1676,1781.63,1592.37,1676,1781.63,1592.37,1676,1781.63,69.220001,78.830002,86.449997,69.220001,78.830002,86.449997,69.220001,78.830002,86.449997,75.18,79.769997,85.559998,75.18,79.769997,85.559998,75.18,79.769997,85.559998,108974.3,123454.41,134831.91,108974.3,123454.41,134831.91,108974.3,123454.41,134831.91,117144.91,125012.55,134257.42,117144.91,125012.55,134257.42,117144.91,125012.55,134257.42,.77999997,.79000002,.80000001,.77999997,.79000002,.80000001,.77999997,.79000002,.80000001,.77999997,.79000002,.80000001,.77999997,.79000002,.80000001,.77999997,.79000002,.80000001,.93000001,.94,.95999998,.93000001,.94,.95999998,.93000001,.94,.95999998,.93000001,.94,.95999998,.93000001,.94,.95999998,.93000001,.94,.95999998,.65292561,.64604533,.65021068,.65292561,.64604533,.65021068,.65292561,.64604533,.65021068,.6488809,.65827399,.64265746,.6488809,.65827399,.64265746,.6488809,.65827399,.64265746,189.98169,68157.422,358.75784,41117.238,53816,53816,53816,191,191,191,1164535,1164535,1164535,6151,6151,6151,3.1051862,3.1051862,3.1051862,167.9077,7854.3999,46.77808,8934.6133,,,,,,,,,,,,,,,,,,,,32.204189,21.639196,,,196.39417,335.99435,,,,,153.1568,309.14404,153.1568,309.14404,153.1568,309.14404,32.204189,21.639196,,,1,,2.3890646,2.3890646,2.3890646,.60005236,.60005236,.60005236,1,,1,,14.569482,,,2.8537312,2.8537312,2.8537312,1,,1,,2.3890648,2.3890648,2.3890648,.83548594,.83548594,.83548594,1,,1,,37.095291,,,11.936002,11.936002,11.936002,1,
22Dec2020,Iran,187,54003,374,935,108006,270015,6208,1170743,12416,31040,2341486,5853715,903998,9632,3.0122423,212742,166.94643,6267.5,168.70255,6686.9453,39.637489,7412.2104,,,,,,,,,,,,,,,,,,,,,,,,22006.135,26014.293,18665.246,9227.9229,10908.681,7826.9746,1736.6157,2069.7751,1450.3118,620.01147,721.4245,527.85205,446.7551,,,129016.66,,,389.87024,389.87024,389.87024,128892.71,128892.71,128892.71,187,,,54003,,,163.18948,163.18948,163.18948,53951.121,53951.121,53951.121,64.075539,88426.078,76098.031,100981.22,43287192,49632908,37437068,446.7551,,,129016.66,,,389.87024,389.87024,389.87024,128892.71,128892.71,128892.71,64.075539,,,,,,,446.7551,,,129016.66,,,389.87024,389.87024,389.87024,128892.71,128892.71,128892.71,64.075539,,,,,,,.5299719,,,153.04852,,,.46249112,.46249112,.46249112,152.90149,152.90149,152.90149,.22183238,,,64.062111,,,.19358669,.19358669,.19358669,64.000565,64.000565,64.000565,7.3643608,104.89715,90.272766,119.79093,.50523001,,,,,,,,,366.98276,119074.13,324.4679,144957.69,45072.301,42930.77,47658.789,45072.301,42930.77,47658.789,45072.301,42930.77,47658.789,44718.789,43503.602,46360.141,44718.789,43503.602,46360.141,44718.789,43503.602,46360.141,109.78,95.93,119.35,109.78,95.93,119.35,109.78,95.93,119.35,110.55,105.06,117.76,110.55,105.06,117.76,110.55,105.06,117.76,13916871,13361375,14568934,13916871,13361375,14568934,13916871,13361375,14568934,13935622,13566833,14425657,13935622,13566833,14425657,13935622,13566833,14425657,16978.619,15008.98,18540.391,16978.619,15008.98,18540.391,16978.619,15008.98,18540.391,17198.57,16074.3,18495.77,17198.57,16074.3,18495.77,17198.57,16074.3,18495.77,3067.77,3507.3899,3812.3999,3067.77,3507.3899,3812.3999,3067.77,3507.3899,3812.3999,3376.9299,3537.6899,3776.3,3376.9299,3537.6899,3776.3,3376.9299,3537.6899,3776.3,234.66,266.98001,292.54001,234.66,266.98001,292.54001,234.66,266.98001,292.54001,254.33,270.22,289.92001,254.33,270.22,289.92001,254.33,270.22,289.92001,1399.6899,1595.64,1727.45,1399.6899,1595.64,1727.45,1399.6899,1595.64,1727.45,1530.5601,1609.41,1711.8199,1530.5601,1609.41,1711.8199,1530.5601,1609.41,1711.8199,66.959999,76.18,83.470001,66.959999,76.18,83.470001,66.959999,76.18,83.470001,72.559998,77.099998,82.720001,72.559998,77.099998,82.720001,72.559998,77.099998,82.720001,105479.16,119371.12,130266.63,105479.16,119371.12,130266.63,105479.16,119371.12,130266.63,113145.31,120895.39,129898.56,113145.31,120895.39,129898.56,113145.31,120895.39,129898.56,.77999997,.79000002,.80000001,.77999997,.79000002,.80000001,.77999997,.79000002,.80000001,.77999997,.79000002,.80000001,.77999997,.79000002,.80000001,.77999997,.79000002,.80000001,.93000001,.94,.95999998,.93000001,.94,.95999998,.93000001,.94,.95999998,.93000001,.94,.95999998,.93000001,.94,.95999998,.93000001,.94,.95999998,.64657789,.63915068,.64372969,.64657789,.63915068,.64372969,.64657789,.63915068,.64372969,.64278603,.6535899,.63668615,.64278603,.6535899,.63668615,.64278603,.6535899,.63668615,189.98169,68157.422,358.75784,39384.438,54003,54003,54003,187,187,187,1170743,1170743,1170743,6208,6208,6208,3.0122423,3.0122423,3.0122423,167.9077,7854.3999,46.77808,8747.501,,,,,,,,,,,,,,,,,,,,33.197861,21.679222,,,197.92964,335.5163,,,,,154.6604,308.7677,154.6604,308.7677,154.6604,308.7677,33.197861,21.679222,,,1,,2.3890648,2.3890648,2.3890648,.58705884,.58705884,.58705884,1,,1,,14.243892,,,2.7349579,2.7349579,2.7349579,1,,1,,2.3890646,2.3890646,2.3890646,.83462584,.83462584,.83462584,1,,1,,36.974121,,,11.887213,11.887213,11.887213,1,
23Dec2020,Iran,153,54156,306,765,108312,270780,6261,1177004,12522,31305,2354008,5885020,914194,10196,2.4436991,208654,159.34822,6152.75,168.70255,6686.9453,39.637489,6064.5356,,,,,,,,,,,,,,,,,,,,,,,,21078.285,24934.051,17863.611,8585.29,10155.763,7275.937,1683.6841,2004.5751,1407.1707,601.39453,702.37384,512.04498,365.52689,,,129382.19,,,374.57568,374.57568,374.57568,129267.29,129267.29,129267.29,153,,,54156,,,156.78758,156.78758,156.78758,54107.906,54107.906,54107.906,63.576008,87415.664,75040.664,99513.117,43374608,49732424,37512108,365.52689,,,129382.19,,,374.57568,374.57568,374.57568,129267.29,129267.29,129267.29,63.576008,,,,,,,365.52689,,,129382.19,,,374.57568,374.57568,374.57568,129267.29,129267.29,129267.29,63.576008,,,,,,,.43361339,,,153.48213,,,.44434768,.44434768,.44434768,153.34583,153.34583,153.34583,.18149923,,,64.243607,,,.18599232,.18599232,.18599232,64.186554,64.186554,64.186554,7.4272327,103.69853,89.018448,118.04937,.41814804,,,,,,,,,366.98276,119074.13,324.4679,118601.74,45177.512,43026.25,47763.75,45177.512,43026.25,47763.75,45177.512,43026.25,47763.75,44824.781,43607.16,46468.121,44824.781,43607.16,46468.121,44824.781,43607.16,46468.121,105.21,91.959999,114.24,105.21,91.959999,114.24,105.21,91.959999,114.24,105.99,100.84,112.97,105.99,100.84,112.97,105.99,100.84,112.97,13933294,13376540,14585262,13933294,13376540,14585262,13933294,13376540,14585262,13952260,13583397,14442111,13952260,13583397,14442111,13952260,13583397,14442111,16422.641,14533.01,17916.359,16422.641,14533.01,17916.359,16422.641,14533.01,17916.359,16637.641,15531.49,17899.98,16637.641,15531.49,17899.98,16637.641,15531.49,17899.98,2947.74,3368.4199,3664.5901,2947.74,3368.4199,3664.5901,2947.74,3368.4199,3664.5901,3239.3999,3398.8401,3629.6499,3239.3999,3398.8401,3629.6499,3239.3999,3398.8401,3629.6499,227.05,258.06,282.57999,227.05,258.06,282.57999,227.05,258.06,282.57999,245.55,261.23999,280.35999,245.55,261.23999,280.35999,245.55,261.23999,280.35999,1344.34,1532.47,1657.77,1344.34,1532.47,1657.77,1344.34,1532.47,1657.77,1471.71,1546.03,1645.3199,1471.71,1546.03,1645.3199,1471.71,1546.03,1645.3199,64.790001,73.629997,80.629997,64.790001,73.629997,80.629997,64.790001,73.629997,80.629997,70.059998,74.540001,79.989998,70.059998,74.540001,79.989998,70.059998,74.540001,79.989998,102100.81,115427.57,125859.19,102100.81,115427.57,125859.19,102100.81,115427.57,125859.19,109287.23,116918.43,125685.02,109287.23,116918.43,125685.02,109287.23,116918.43,125685.02,.77999997,.79000002,.80000001,.77999997,.79000002,.80000001,.77999997,.79000002,.80000001,.77999997,.79000002,.80000001,.77999997,.79000002,.80000001,.77999997,.79000002,.80000001,.93000001,.94,.95999998,.93000001,.94,.95999998,.93000001,.94,.95999998,.93000001,.94,.95999998,.93000001,.94,.95999998,.93000001,.94,.95999998,.64063996,.63276637,.63762951,.64063996,.63276637,.63762951,.64063996,.63276637,.63762951,.63704944,.64926153,.631118,.63704944,.64926153,.631118,.63704944,.64926153,.631118,189.98169,68157.422,358.75784,37744.914,54156,54156,54156,153,153,153,1177004,1177004,1177004,6261,6261,6261,2.4436991,2.4436991,2.4436991,167.9077,7854.3999,46.77808,7157.0464,,,,,,,,,,,,,,,,,,,,40.92157,21.733585,,,239.14975,335.24405,,,,,156.09392,308.41217,156.09392,308.41217,156.09392,308.41217,40.92157,21.733585,,,1,,2.3890646,2.3890646,2.3890646,.68764704,.68764704,.68764704,1,,1,,13.961933,,,2.6230061,2.6230061,2.6230061,1,,1,,2.3890648,2.3890648,2.3890648,.83421063,.83421063,.83421063,1,,1,,36.851707,,,11.837933,11.837933,11.837933,1,
24Dec2020,Iran,152,54308,304,760,108616,271540,6178,1183182,12356,30890,2366364,5915910,924685,10491,2.4603431,204189,151.92857,6066.8926,168.70255,6686.9453,39.637489,6024.8984,,,,,,,,,,,,,,,,,,,,,,,,20004.563,23668.404,16889.57,8044.9063,9518.333,6792.2012,1634.7191,1941.141,1368.5254,584.60583,683.98718,498.27805,363.13782,,,129745.32,,,361.2843,361.2843,361.2843,129628.57,129628.57,129628.57,152,,,54308,,,151.22417,151.22417,151.22417,54259.133,54259.133,54259.133,63.107487,86576.734,73881.883,98458.711,43461184,49830880,37585988,363.13782,,,129745.32,,,361.2843,361.2843,361.2843,129628.57,129628.57,129628.57,63.107487,,,,,,,363.13782,,,129745.32,,,361.2843,361.2843,361.2843,129628.57,129628.57,129628.57,63.107487,,,,,,,.43077931,,,153.9129,,,.42858052,.42858052,.42858052,153.77441,153.77441,153.77441,.18031295,,,64.42392,,,.17939261,.17939261,.17939261,64.365952,64.365952,64.365952,7.3287725,102.70333,87.643814,116.79855,.41944042,,,,,,,,,366.98276,119074.13,324.4679,117826.56,45278.391,43117.852,47864.441,45278.391,43117.852,47864.441,45278.391,43117.852,47864.441,44926.449,43706.602,46571.441,44926.449,43706.602,46571.441,44926.449,43706.602,46571.441,100.88,88.199997,109.4,100.88,88.199997,109.4,100.88,88.199997,109.4,101.67,96.839996,108.42,101.67,96.839996,108.42,101.67,96.839996,108.42,13949179,13391226,14601041,13949179,13391226,14601041,13949179,13391226,14601041,13968355,13599435,14458031,13968355,13599435,14458031,13968355,13599435,14458031,15885.02,14072.3,17313.461,15885.02,14072.3,17313.461,15885.02,14072.3,17313.461,16095.16,15007.18,17323.48,16095.16,15007.18,17323.48,16095.16,15007.18,17323.48,2834.47,3237.1201,3524.2,2834.47,3237.1201,3524.2,2834.47,3237.1201,3524.2,3107.8401,3267.5601,3490.8601,3107.8401,3267.5601,3490.8601,3107.8401,3267.5601,3490.8601,219.74001,249.49001,272.98999,219.74001,249.49001,272.98999,219.74001,249.49001,272.98999,237.13,252.60001,271.20001,237.13,252.60001,271.20001,237.13,252.60001,271.20001,1291.76,1472.35,1591.59,1291.76,1472.35,1591.59,1291.76,1472.35,1591.59,1415.66,1485.71,1581.95,1415.66,1485.71,1581.95,1415.66,1485.71,1581.95,62.700001,71.190002,77.889999,62.700001,71.190002,77.889999,62.700001,71.190002,77.889999,67.660004,72.080002,77.379997,67.660004,72.080002,77.379997,67.660004,72.080002,77.379997,98835.219,111618.9,121604.16,98835.219,111618.9,121604.16,98835.219,111618.9,121604.16,105565.58,113076.81,121611.94,105565.58,113076.81,121611.94,105565.58,113076.81,121611.94,.77999997,.79000002,.80000001,.77999997,.79000002,.80000001,.77999997,.79000002,.80000001,.77999997,.79000002,.80000001,.77999997,.79000002,.80000001,.77999997,.79000002,.80000001,.93000001,.94,.95999998,.93000001,.94,.95999998,.93000001,.94,.95999998,.93000001,.94,.95999998,.93000001,.94,.95999998,.93000001,.94,.95999998,.63506371,.62676322,.63187832,.63506371,.62676322,.63187832,.63506371,.62676322,.63187832,.63168055,.64529109,.62585574,.63168055,.64529109,.62585574,.63168055,.64529109,.62585574,189.98169,68157.422,358.75784,36191.488,54308,54308,54308,152,152,152,1183182,1183182,1183182,6178,6178,6178,2.4603431,2.4603431,2.4603431,167.9077,7854.3999,46.77808,7110.2681,,,,,,,,,,,,,,,,,,,,40.644737,21.786514,,,238.41289,334.97302,,,,,157.46451,308.07587,157.46451,308.07587,157.46451,308.07587,40.644737,21.786514,,,1,,2.3890646,2.3890646,2.3890646,.66368419,.66368419,.66368419,1,,1,,14.013716,,,2.5712237,2.5712237,2.5712237,1,,1,,2.3890646,2.3890646,2.3890646,.83373332,.83373332,.83373332,1,,1,,36.73246,,,11.789546,11.789546,11.789546,1,
25Dec2020,Iran,132,54440,264,660,108880,272200,6021,1189203,12042,30105,2378406,5946015,933736,9051,2.1923268,201027,144.97321,6014.2944,168.70255,6686.9453,39.637489,5232.1484,,,,,,,,,,,,,,,,,,,,,,,,18925.896,22384.186,15898.96,7522.2886,8896.8193,6319.2017,1589.642,1880.9037,1334.1418,569.27087,664.35785,486.20123,315.35654,,,130060.68,,,349.56616,349.56616,349.56616,129978.14,129978.14,129978.14,132,,,54440,,,146.31926,146.31926,146.31926,54405.449,54405.449,54405.449,62.740993,85900.469,73230.805,98343.57,43547084,49929224,37659220,315.35654,,,130060.68,,,349.56616,349.56616,349.56616,129978.14,129978.14,129978.14,62.740993,,,,,,,315.35654,,,130060.68,,,349.56616,349.56616,349.56616,129978.14,129978.14,129978.14,62.740993,,,,,,,.37409782,,,154.287,,,.41467965,.41467965,.41467965,154.18909,154.18909,154.18909,.15658757,,,64.580505,,,.17357406,.17357406,.17357406,64.53952,64.53952,64.53952,7.1425281,101.9011,86.871468,116.66196,.36711854,,,,,,,,,366.98276,119074.13,324.4679,102323.07,45375.18,43205.789,47961.059,45375.18,43205.789,47961.059,45375.18,43205.789,47961.059,45024.031,43802.141,46670.371,45024.031,43802.141,46670.371,45024.031,43802.141,46670.371,96.790001,84.650002,104.97,96.790001,84.650002,104.97,96.790001,84.650002,104.97,97.580002,93.050003,104.11,97.580002,93.050003,104.11,97.580002,93.050003,104.11,13964544,13405447,14616290,13964544,13405447,14616290,13964544,13405447,14616290,13983926,13614963,14473434,13983926,13614963,14473434,13983926,13614963,14473434,15365.27,13626.47,16731.08,15365.27,13626.47,16731.08,15365.27,13626.47,16731.08,15570.63,14500.86,16767.289,15570.63,14500.86,16767.289,15570.63,14500.86,16767.289,2727.4299,3112.9199,3390.74,2727.4299,3112.9199,3390.74,2727.4299,3112.9199,3390.74,2982.8799,3143.28,3359.3601,2982.8799,3143.28,3359.3601,2982.8799,3143.28,3359.3601,212.69,241.24001,263.73999,212.69,241.24001,263.73999,212.69,241.24001,263.73999,229.03999,244.28999,262.39999,229.03999,244.28999,262.39999,229.03999,244.28999,262.39999,1241.79,1415.13,1529.89,1241.79,1415.13,1529.89,1241.79,1415.13,1529.89,1362.26,1428.27,1521.5699,1362.26,1428.27,1521.5699,1362.26,1428.27,1521.5699,60.689999,68.830002,75.260002,60.689999,68.830002,75.260002,60.689999,68.830002,75.260002,65.349998,69.699997,74.870003,65.349998,69.699997,74.870003,65.349998,69.699997,74.870003,95678.469,107940.38,117496.24,95678.469,107940.38,117496.24,95678.469,107940.38,117496.24,101975.38,109365.83,117674.57,101975.38,109365.83,117674.57,101975.38,109365.83,117674.57,.77999997,.79000002,.80000001,.77999997,.79000002,.80000001,.77999997,.79000002,.80000001,.77999997,.79000002,.80000001,.77999997,.79000002,.80000001,.77999997,.79000002,.80000001,.93000001,.94,.95999998,.93000001,.94,.95999998,.93000001,.94,.95999998,.93000001,.94,.95999998,.93000001,.94,.95999998,.93000001,.94,.95999998,.6299271,.62121743,.62739527,.6299271,.62121743,.62739527,.6299271,.62121743,.62739527,.62669271,.64168608,.62091136,.62669271,.64168608,.62091136,.62669271,.64168608,.62091136,189.98169,68157.422,358.75784,34724.172,54440,54440,54440,132,132,132,1189203,1189203,1189203,6021,6021,6021,2.1923268,2.1923268,2.1923268,167.9077,7854.3999,46.77808,6174.7065,,,,,,,,,,,,,,,,,,,,45.613636,21.844288,,,272.3916,334.82129,,,,,158.74852,307.75732,158.74852,307.75732,158.74852,307.75732,45.613636,21.844288,,,1,,2.3890648,2.3890648,2.3890648,.73325759,.73325759,.73325759,1,,1,,14.266811,,,2.5519464,2.5519464,2.5519464,1,,1,,2.3890646,2.3890646,2.3890646,.83348972,.83348972,.83348972,1,,1,,36.618713,,,11.742776,11.742776,11.742776,1,
26Dec2020,Iran,134,54574,268,670,109148,272870,5760,1194963,11520,28800,2389926,5974815,942548,8812,2.3263888,197841,139.03571,5990.2856,168.70255,6686.9453,39.637489,5311.4233,,,,,,,,,,,,,,,,,,,,,,,,18161.129,21458.889,15194.778,7053.1147,8333.8438,5901.0933,1548.3538,1823.6255,1304.1451,554.94733,645.54889,475.39505,320.13467,,,130380.81,,,338.8757,338.8757,338.8757,130317.02,130317.02,130317.02,134,,,54574,,,141.84451,141.84451,141.84451,54547.297,54547.297,54547.297,62.507252,85378.5,72558.227,98043.375,43632460,50027268,37731776,320.13467,,,130380.81,,,338.8757,338.8757,338.8757,130317.02,130317.02,130317.02,62.507252,,,,,,,320.13467,,,130380.81,,,338.8757,338.8757,338.8757,130317.02,130317.02,130317.02,62.507252,,,,,,,.37976596,,,154.66678,,,.40199789,.40199789,.40199789,154.59109,154.59109,154.59109,.1589601,,,64.739464,,,.1682658,.1682658,.1682658,64.707787,64.707787,64.707787,6.832912,101.2819,86.073608,116.30585,.37495935,,,,,,,,,366.98276,119074.13,324.4679,103873.42,45468.102,43290.27,48053.84,45468.102,43290.27,48053.84,45468.102,43290.27,48053.84,45117.738,43893.98,46765.16,45117.738,43893.98,46765.16,45117.738,43893.98,46765.16,92.910004,81.290001,100.87,92.910004,81.290001,100.87,92.910004,81.290001,100.87,93.709999,89.43,100.03,93.709999,89.43,100.03,93.709999,89.43,100.03,13979407,13419219,14631026,13979407,13419219,14631026,13979407,13419219,14631026,13998989,13629999,14488336,13998989,13629999,14488336,13998989,13629999,14488336,14862.85,13186.83,16168.55,14862.85,13186.83,16168.55,14862.85,13186.83,16168.55,15063.51,14011.92,16231.02,15063.51,14011.92,16231.02,15063.51,14011.92,16231.02,2626.1101,2995.26,3263.71,2626.1101,2995.26,3263.71,2626.1101,2995.26,3263.71,2864.6299,3025.46,3234.6001,2864.6299,3025.46,3234.6001,2864.6299,3025.46,3234.6001,205.89,233.28999,254.83,205.89,233.28999,254.83,205.89,233.28999,254.83,221.24001,236.25999,253.89999,221.24001,236.25999,253.89999,221.24001,236.25999,253.89999,1194.27,1360.63,1472.2,1194.27,1360.63,1472.2,1194.27,1360.63,1472.2,1311,1373.5699,1464,1311,1373.5699,1464,1311,1373.5699,1464,58.75,66.57,72.709999,58.75,66.57,72.709999,58.75,66.57,72.709999,63.130001,67.419998,72.449997,63.130001,67.419998,72.449997,63.130001,67.419998,72.449997,92645.43,104394.71,113530.74,92645.43,104394.71,113530.74,92645.43,104394.71,113530.74,98512.43,105792.09,113894.15,98512.43,105792.09,113894.15,98512.43,105792.09,113894.15,1.17,1.2,1.24,1.17,1.2,1.24,1.17,1.2,1.24,1.17,1.2,1.23,1.17,1.2,1.23,1.17,1.2,1.23,1.38,1.4299999,1.47,1.38,1.4299999,1.47,1.38,1.4299999,1.47,1.39,1.4299999,1.46,1.39,1.4299999,1.46,1.39,1.4299999,1.46,.62511569,.6164484,.62386549,.62511569,.6164484,.62386549,.62511569,.6164484,.62386549,.62209934,.6382423,.61628908,.62209934,.6382423,.61628908,.62209934,.6382423,.61628908,189.98169,68157.422,358.75784,33332.191,54574,54574,54574,134,134,134,1194963,1194963,1194963,5760,5760,5760,2.3263888,2.3263888,2.3263888,167.9077,7854.3999,46.77808,6268.2627,,,,,,,,,,,,,,,,,,,,42.985073,21.896196,,,266.69559,334.65399,,,,,159.9704,307.45526,159.9704,307.45526,159.9704,307.45526,42.985073,21.896196,,,1,,2.3890648,2.3890648,2.3890648,.69335824,.69335824,.69335824,1,,1,,14.822657,,,2.5803559,2.5803559,2.5803559,1,,1,,2.3890646,2.3890646,2.3890646,.83314586,.83314586,.83314586,1,,1,,36.513649,,,11.69861,11.69861,11.69861,1,
27Dec2020,Iran,119,54693,238,595,109386,273465,5502,1200465,11004,27510,2400930,6002325,951860,9312,2.1628499,193912,134.39285,5989.375,168.70255,6686.9453,39.637489,4716.8613,,,,,,,,,,,,,,,,,,,,,,,,17259.783,20359.201,14453.711,6635.4526,7827.0112,5556.6694,1510.7468,1771.9432,1278.368,541.26825,627.0296,465.49789,284.29871,,,130665.11,,,328.73181,328.73181,328.73181,130645.75,130645.75,130645.75,119,,,54693,,,137.59854,137.59854,137.59854,54684.895,54684.895,54684.895,62.404228,85002.352,71606.523,98056.102,43717464,50125324,37803384,284.29871,,,130665.11,,,328.73181,328.73181,328.73181,130645.75,130645.75,130645.75,62.404228,,,,,,,284.29871,,,130665.11,,,328.73181,328.73181,328.73181,130645.75,130645.75,130645.75,62.404228,,,,,,,.33725485,,,155.00403,,,.38996449,.38996449,.38996449,154.98105,154.98105,154.98105,.14116606,,,64.88063,,,.16322894,.16322894,.16322894,64.871017,64.871017,64.871017,6.5268545,100.83569,84.944626,116.32095,.33445981,,,,,,,,,366.98276,119074.13,324.4679,92245.805,45557.34,43371.469,48142.961,45557.34,43371.469,48142.961,45557.34,43371.469,48142.961,45207.781,43982.309,46856.051,45207.781,43982.309,46856.051,45207.781,43982.309,46856.051,89.239998,78.110001,96.970001,89.239998,78.110001,96.970001,89.239998,78.110001,96.970001,90.040001,85.830002,96.150002,90.040001,85.830002,96.150002,90.040001,85.830002,96.150002,13994244,13432969,14645712,13994244,13432969,14645712,13994244,13432969,14645712,14014027,13645038,14503228,14014027,13645038,14503228,14014027,13645038,14503228,14836.75,13169.72,16098.78,14836.75,13169.72,16098.78,14836.75,13169.72,16098.78,15037.91,13969.75,16206.36,15037.91,13969.75,16206.36,15037.91,13969.75,16206.36,2530.0801,2883.6599,3142.7,2530.0801,2883.6599,3142.7,2530.0801,2883.6599,3142.7,2756.1399,2913.6201,3116.0801,2756.1399,2913.6201,3116.0801,2756.1399,2913.6201,3116.0801,199.41,225.71001,246.33,199.41,225.71001,246.33,199.41,225.71001,246.33,213.82001,228.62,245.8,213.82001,228.62,245.8,213.82001,228.62,245.8,1149.0699,1308.73,1417.03,1149.0699,1308.73,1417.03,1149.0699,1308.73,1417.03,1261.11,1321.46,1409.11,1261.11,1321.46,1409.11,1261.11,1321.46,1409.11,56.900002,64.400002,70.290001,56.900002,64.400002,70.290001,56.900002,64.400002,70.290001,61.009998,65.230003,70.139999,61.009998,65.230003,70.139999,61.009998,65.230003,70.139999,95324.438,107380.5,116324.38,95324.438,107380.5,116324.38,95324.438,107380.5,116324.38,101184.21,108809.47,117146.23,101184.21,108809.47,117146.23,101184.21,108809.47,117146.23,1.17,1.2,1.24,1.17,1.2,1.24,1.17,1.2,1.24,1.17,1.2,1.23,1.17,1.2,1.23,1.17,1.2,1.23,1.38,1.4299999,1.47,1.38,1.4299999,1.47,1.38,1.4299999,1.47,1.39,1.4299999,1.46,1.39,1.4299999,1.46,1.39,1.4299999,1.46,.60147941,.59310299,.6023438,.60147941,.59310299,.6023438,.60147941,.59310299,.6023438,.59875339,.61439896,.59328562,.59875339,.61439896,.59328562,.59875339,.61439896,.59328562,189.98169,68157.422,358.75784,32015.549,54693,54693,54693,119,119,119,1200465,1200465,1200465,5502,5502,5502,2.1628499,2.1628499,2.1628499,167.9077,7854.3999,46.77808,5566.5913,,,,,,,,,,,,,,,,,,,,46.235294,21.949152,,,298.98959,334.57642,,,,,166.25673,307.17868,166.25673,307.17868,166.25673,307.17868,46.235294,21.949152,,,1,,2.3890648,2.3890648,2.3890648,.74991596,.74991596,.74991596,1,,1,,15.449355,,,2.6966102,2.6966102,2.6966102,1,,1,,2.3890646,2.3890646,2.3890646,.83296472,.83296472,.83296472,1,,1,,36.417107,,,11.657352,11.657352,11.657352,1,
28Dec2020,Iran,121,54814,242,605,109628,274070,5908,1206373,11816,29540,2412746,6031865,960751,8891,2.0480704,190808,130.59821,6009.5537,168.70255,6686.9453,39.637489,4796.1362,,,,,,,,,,,,,,,,,,,,,,,,16418.477,19377.234,13730.527,6299.7529,7435.0259,5268.3896,1476.6923,1723.5535,1256.4697,528.10699,609.44037,456.2392,289.07681,,,130954.19,,,318.70773,318.70773,318.70773,130964.45,130964.45,130964.45,121,,,54814,,,133.40273,133.40273,133.40273,54818.297,54818.297,54818.297,62.408566,84763.563,71088.828,98917.727,43802228,50224240,37874472,289.07681,,,130954.19,,,318.70773,318.70773,318.70773,130964.45,130964.45,130964.45,62.408566,,,,,,,289.07681,,,130954.19,,,318.70773,318.70773,318.70773,130964.45,130964.45,130964.45,62.408566,,,,,,,.34292299,,,155.34695,,,.37807325,.37807325,.37807325,155.35913,155.35913,155.35913,.14353859,,,65.02417,,,.15825158,.15825158,.15825158,65.029266,65.029266,65.029266,7.0084796,100.55242,84.330505,117.34307,.341039,,,,,,,,,366.98276,119074.13,324.4679,93796.148,45643.109,43449.57,48228.621,45643.109,43449.57,48228.621,45643.109,43449.57,48228.621,45294.34,44067.309,46943.262,45294.34,44067.309,46943.262,45294.34,44067.309,46943.262,85.769997,75.110001,93.260002,85.769997,75.110001,93.260002,85.769997,75.110001,93.260002,86.559998,82.349998,92.480003,86.559998,82.349998,92.480003,86.559998,82.349998,92.480003,14009545,13447137,14660828,14009545,13447137,14660828,14009545,13447137,14660828,14029534,13660823,14518615,14029534,13660823,14518615,14029534,13660823,14518615,15301.65,13586.03,16536.971,15301.65,13586.03,16536.971,15301.65,13586.03,16536.971,15507.4,14378.9,16709.449,15507.4,14378.9,16709.449,15507.4,14378.9,16709.449,2439.28,2778.0701,3027.74,2439.28,2778.0701,3027.74,2439.28,2778.0701,3027.74,2655.2,2807.74,3003.8101,2655.2,2807.74,3003.8101,2655.2,2807.74,3003.8101,193.94,219.28,239.03999,193.94,219.28,239.03999,193.94,219.28,239.03999,207.5,222.13,238.92999,207.5,222.13,238.92999,207.5,222.13,238.92999,1106.16,1259.38,1364.39,1106.16,1259.38,1364.39,1106.16,1259.38,1364.39,1211.79,1271.91,1356.87,1211.79,1271.91,1356.87,1211.79,1271.91,1356.87,55.34,62.57,68.209999,55.34,62.57,68.209999,55.34,62.57,68.209999,59.209999,63.389999,68.18,59.209999,63.389999,68.18,59.209999,63.389999,68.18,97949.422,110317.48,119071.39,97949.422,110317.48,119071.39,97949.422,110317.48,119071.39,103765.05,111775.14,120362.65,103765.05,111775.14,120362.65,103765.05,111775.14,120362.65,1.17,1.2,1.24,1.17,1.2,1.24,1.17,1.2,1.24,1.17,1.2,1.23,1.17,1.2,1.23,1.17,1.2,1.23,1.38,1.4299999,1.47,1.38,1.4299999,1.47,1.38,1.4299999,1.47,1.39,1.4299999,1.46,1.39,1.4299999,1.46,1.39,1.4299999,1.46,.56052774,.55284727,.56394851,.56052774,.55284727,.56394851,.56052774,.55284727,.56394851,.5581851,.57271415,.55345929,.5581851,.57271415,.55345929,.5581851,.57271415,.55345929,189.98169,68157.422,358.75784,30770.658,54814,54814,54814,121,121,121,1206373,1206373,1206373,5908,5908,5908,2.0480704,2.0480704,2.0480704,167.9077,7854.3999,46.77808,5660.1475,,,,,,,,,,,,,,,,,,,,48.826447,22.008484,,,293.22159,334.48514,,,,,178.40331,306.93671,178.40331,306.93671,178.40331,306.93671,48.826447,22.008484,,,1,,2.3890646,2.3890646,2.3890646,.70884293,.70884293,.70884293,1,,1,,14.347252,,,2.5899882,2.5899882,2.5899882,1,,1,,2.3890646,2.3890646,2.3890646,.83269072,.83269072,.83269072,1,,1,,36.309025,,,11.612947,11.612947,11.612947,1,
29Dec2020,Iran,132,54946,264,660,109892,274730,6108,1212481,12216,30540,2424962,6062405,969408,8657,2.1611001,188127,127.46428,6041.2944,168.70255,6686.9453,39.637489,5232.1484,,,,,,,,,,,,,,,,,,,,,,,,15600.698,18498.709,13022.598,5993.5664,7106.9414,5003.0967,1446.0582,1678.0006,1238.1134,515.40259,592.22754,447.552,315.35654,,,131269.55,,,308.42688,308.42688,308.42688,131272.88,131272.88,131272.88,132,,,54946,,,129.09943,129.09943,129.09943,54947.395,54947.395,54947.395,62.487988,84654.039,70975.711,99885.852,43886880,50324128,37945448,315.35654,,,131269.55,,,308.42688,308.42688,308.42688,131272.88,131272.88,131272.88,62.487988,,,,,,,315.35654,,,131269.55,,,308.42688,308.42688,308.42688,131272.88,131272.88,131272.88,62.487988,,,,,,,.37409782,,,155.72105,,,.36587739,.36587739,.36587739,155.72501,155.72501,155.72501,.15658757,,,65.180763,,,.15314671,.15314671,.15314671,65.182419,65.182419,65.182419,7.2457337,100.42249,84.196312,118.49153,.3725239,,,,,,,,,366.98276,119074.13,324.4679,102323.07,45725.578,43524.73,48310.988,45725.578,43524.73,48310.988,45725.578,43524.73,48310.988,45377.609,44149.16,47027,45377.609,44149.16,47027,45377.609,44149.16,47027,82.480003,72.269997,89.730003,82.480003,72.269997,89.730003,82.480003,72.269997,89.730003,83.269997,79.040001,88.989998,83.269997,79.040001,88.989998,83.269997,79.040001,88.989998,14025436,13462351,14676493,14025436,13462351,14676493,14025436,13462351,14676493,14045637,13677273,14534623,14045637,13677273,14534623,14045637,13677273,14534623,15890.87,14111.96,17110.42,15890.87,14111.96,17110.42,15890.87,14111.96,17110.42,16102.18,14901.69,17351.289,16102.18,14901.69,17351.289,16102.18,14901.69,17351.289,2354.5701,2679.4399,2919.8799,2354.5701,2679.4399,2919.8799,2354.5701,2679.4399,2919.8799,2560.8301,2708.79,2898.8401,2560.8301,2708.79,2898.8401,2560.8301,2708.79,2898.8401,190.32001,214.92999,233.92,190.32001,214.92999,233.92,190.32001,214.92999,233.92,203.14,217.75,234.3,203.14,217.75,234.3,203.14,217.75,234.3,1065.75,1212.84,1314.55,1065.75,1212.84,1314.55,1065.75,1212.84,1314.55,1164.7,1225.17,1307.58,1164.7,1225.17,1307.58,1164.7,1225.17,1307.58,54.310001,61.330002,66.75,54.310001,61.330002,66.75,54.310001,61.330002,66.75,57.959999,62.139999,66.860001,57.959999,62.139999,66.860001,57.959999,62.139999,66.860001,100579.01,113257.85,121875.25,100579.01,113257.85,121875.25,100579.01,113257.85,121875.25,106304.19,114743.94,123603.43,106304.19,114743.94,123603.43,106304.19,114743.94,123603.43,1.17,1.2,1.24,1.17,1.2,1.24,1.17,1.2,1.24,1.17,1.2,1.23,1.17,1.2,1.23,1.17,1.2,1.23,1.38,1.4299999,1.47,1.38,1.4299999,1.47,1.38,1.4299999,1.47,1.39,1.4299999,1.46,1.39,1.4299999,1.46,1.39,1.4299999,1.46,.51904017,.51211876,.52441728,.51904017,.51211876,.52441728,.51904017,.51211876,.52441728,.51713496,.53040963,.51287252,.51713496,.53040963,.51287252,.51713496,.53040963,.51287252,189.98169,68157.422,358.75784,29590.348,54946,54946,54946,132,132,132,1212481,1212481,1212481,6108,6108,6108,2.1611001,2.1611001,2.1611001,167.9077,7854.3999,46.77808,6174.7065,,,,,,,,,,,,,,,,,,,,46.272728,22.066774,,,268.43915,334.32645,,,,,192.6633,306.73065,192.6633,306.73065,192.6633,306.73065,46.272728,22.066774,,,1,,2.3890648,2.3890648,2.3890648,.62484848,.62484848,.62484848,1,,1,,13.859535,,,2.6016486,2.6016486,2.6016486,1,,1,,2.3890646,2.3890646,2.3890646,.83219123,.83219123,.83219123,1,,1,,36.19593,,,11.567552,11.567552,11.567552,1,
30Dec2020,Iran,149,55095,298,745,110190,275475,6272,1218753,12544,31360,2437506,6093765,978714,9306,2.3756378,184944,124.38393,6077.7231,168.70255,6686.9453,39.637489,5905.9858,,,,,,,,,,,,,,,,,,,,,,,,15044.116,17918.082,12545.848,5788.731,6894.5864,4827.438,1418.7109,1640.6185,1220.1343,503.08286,575.21295,439.31784,355.97064,,,131625.52,,,297.56335,297.56335,297.56335,131570.44,131570.44,131570.44,149,,,55095,,,124.55225,124.55225,124.55225,55071.949,55071.949,55071.949,62.611755,84665.672,71080.938,100948.16,43971548,50425076,38016528,355.97064,,,131625.52,,,297.56335,297.56335,297.56335,131570.44,131570.44,131570.44,62.611755,,,,,,,355.97064,,,131625.52,,,297.56335,297.56335,297.56335,131570.44,131570.44,131570.44,62.611755,,,,,,,.42227709,,,156.14333,,,.35299033,.35299033,.35299033,156.078,156.078,156.078,.17675415,,,65.357513,,,.14775252,.14775252,.14775252,65.33017,65.33017,65.33017,7.4402819,100.4363,84.321136,119.75172,.4204427,,,,,,,,,366.98276,119074.13,324.4679,115501.05,45804.961,43597.129,48390.25,45804.961,43597.129,48390.25,45804.961,43597.129,48390.25,45457.77,44228.039,47107.5,45457.77,44228.039,47107.5,45457.77,44228.039,47107.5,79.370003,69.589996,86.379997,79.370003,69.589996,86.379997,79.370003,69.589996,86.379997,80.160004,75.910004,85.699997,80.160004,75.910004,85.699997,80.160004,75.910004,85.699997,14041910,13479374,14692701,14041910,13479374,14692701,14041910,13479374,14692701,14062328,13694334,14551249,14062328,13694334,14551249,14062328,13694334,14551249,16474.32,14632.79,17693.4,16474.32,14632.79,17693.4,16474.32,14632.79,17693.4,16691.039,15417.86,17995.449,16691.039,15417.86,17995.449,16691.039,15417.86,17995.449,2277.3401,2589.3401,2820.8501,2277.3401,2589.3401,2820.8501,2277.3401,2589.3401,2820.8501,2474.6799,2618.3601,2802.96,2474.6799,2618.3601,2802.96,2474.6799,2618.3601,2802.96,188.84,213,231.32001,188.84,213,231.32001,188.84,213,231.32001,201.07001,215.82001,232.28999,201.07001,215.82001,232.28999,201.07001,215.82001,232.28999,1028.22,1169.5601,1268.02,1028.22,1169.5601,1268.02,1028.22,1169.5601,1268.02,1120.89,1181.7,1261.72,1120.89,1181.7,1261.72,1120.89,1181.7,1261.72,53.889999,60.779999,66.010002,53.889999,60.779999,66.010002,53.889999,60.779999,66.010002,57.369999,61.580002,66.290001,57.369999,61.580002,66.290001,57.369999,61.580002,66.290001,103256.19,116249.89,124829.44,103256.19,116249.89,124829.44,103256.19,116249.89,124829.44,108884.35,117764.41,126953.48,108884.35,117764.41,126953.48,108884.35,117764.41,126953.48,1.17,1.2,1.24,1.17,1.2,1.24,1.17,1.2,1.24,1.17,1.2,1.23,1.17,1.2,1.23,1.17,1.2,1.23,1.38,1.4299999,1.47,1.38,1.4299999,1.47,1.38,1.4299999,1.47,1.39,1.4299999,1.46,1.39,1.4299999,1.46,1.39,1.4299999,1.46,.48178014,.47557572,.48820463,.48178014,.47557572,.48820463,.48178014,.47557572,.48820463,.48025772,.49235108,.47623149,.48025772,.49235108,.47623149,.48025772,.49235108,.47623149,189.98169,68157.422,358.75784,28474.611,55095,55095,55095,149,149,149,1218753,1218753,1218753,6272,6272,6272,2.3756378,2.3756378,2.3756378,167.9077,7854.3999,46.77808,6969.9341,,,,,,,,,,,,,,,,,,,,42.09396,22.120937,,,237.84453,334.06552,,,,,207.56355,306.55872,207.56355,306.55872,207.56355,306.55872,42.09396,22.120937,,,1,,2.3890648,2.3890648,2.3890648,.53268456,.53268456,.53268456,1,,1,,13.498991,,,2.6266456,2.6266456,2.6266456,1,,1,,2.3890646,2.3890646,2.3890646,.83138144,.83138144,.83138144,1,,1,,36.079128,,,11.521539,11.521539,11.521539,1,
31Dec2020,Iran,128,55223,256,640,110446,276115,6389,1225142,12778,31945,2450284,6125710,988833,10119,2.0034435,181086,120.85714,6112.9556,168.70255,6686.9453,39.637489,5073.5986,,,,,,,,,,,,,,,,,,,,,,,,14278.149,16987.396,11906.035,5555.1768,6609.2593,4632.2622,1394.5262,1606.4648,1205.6462,491.12811,558.96857,430.76788,305.80026,,,131931.31,,,285.92361,285.92361,285.92361,131856.38,131856.38,131856.38,128,,,55223,,,119.68015,119.68015,119.68015,55191.629,55191.629,55191.629,62.756752,84789.969,70896.992,102091.91,44056336,50527168,38087428,305.80026,,,131931.31,,,285.92361,285.92361,285.92361,131856.38,131856.38,131856.38,62.756752,,,,,,,305.80026,,,131931.31,,,285.92361,285.92361,285.92361,131856.38,131856.38,131856.38,62.756752,,,,,,,.36276153,,,156.50609,,,.33918244,.33918244,.33918244,156.41718,156.41718,156.41718,.15184249,,,65.509354,,,.1419729,.1419729,.1419729,65.472145,65.472145,65.472145,7.5790753,100.58374,84.102936,121.10852,.36065617,,,,,,,,,366.98276,119074.13,324.4679,99222.367,45881.422,43666.941,48466.602,45881.422,43666.941,48466.602,45881.422,43666.941,48466.602,45535.02,44304.121,47184.961,45535.02,44304.121,47184.961,45535.02,44304.121,47184.961,76.470001,67.089996,83.239998,76.470001,67.089996,83.239998,76.470001,67.089996,83.239998,77.25,73.029999,82.620003,77.25,73.029999,82.620003,77.25,73.029999,82.620003,14058936,13496889,14709418,14058936,13496889,14709418,14058936,13496889,14709418,14079574,13711971,14568458,14079574,13711971,14568458,14079574,13711971,14568458,17025.131,15124.92,18262.641,17025.131,15124.92,18262.641,17025.131,15124.92,18262.641,17246.869,15901.83,18608.961,17246.869,15901.83,18608.961,17246.869,15901.83,18608.961,2209,2509.3501,2732.3401,2209,2509.3501,2732.3401,2209,2509.3501,2732.3401,2396.1499,2538.0701,2718.21,2396.1499,2538.0701,2718.21,2396.1499,2538.0701,2718.21,189.23,213.32001,231.03999,189.23,213.32001,231.03999,189.23,213.32001,231.03999,201.11,216.13,232.7,201.11,216.13,232.7,201.11,216.13,232.7,993.98999,1129.98,1225.26,993.98999,1129.98,1225.26,993.98999,1129.98,1225.26,1080.77,1141.9399,1219.79,1080.77,1141.9399,1219.79,1080.77,1141.9399,1219.79,54,60.869999,65.93,54,60.869999,65.93,54,60.869999,65.93,57.389999,61.68,66.400002,57.389999,61.68,66.400002,57.389999,61.68,66.400002,106008.64,119324.69,127984.26,106008.64,119324.69,127984.26,106008.64,119324.69,127984.26,111532.36,120867.75,130396.14,111532.36,120867.75,130396.14,111532.36,120867.75,130396.14,1.17,1.2,1.24,1.17,1.2,1.24,1.17,1.2,1.24,1.17,1.2,1.23,1.17,1.2,1.23,1.17,1.2,1.23,1.38,1.4299999,1.47,1.38,1.4299999,1.47,1.38,1.4299999,1.47,1.39,1.4299999,1.46,1.39,1.4299999,1.46,1.39,1.4299999,1.46,.44915956,.44357258,.45579389,.44915956,.44357258,.45579389,.44915956,.44357258,.45579389,.44790739,.45925531,.44397968,.44790739,.45925531,.44397968,.44790739,.45925531,.44397968,189.98169,68157.422,358.75784,27434.213,55223,55223,55223,128,128,128,1225142,1225142,1225142,6389,6389,6389,2.0034435,2.0034435,2.0034435,167.9077,7854.3999,46.77808,5987.5942,,,,,,,,,,,,,,,,,,,,49.914063,22.185358,,,277.2724,333.9339,,,,,222.63803,306.41891,222.63803,306.41891,222.63803,306.41891,49.914063,22.185358,,,1,,2.3890646,2.3890646,2.3890646,.59742188,.59742188,.59742188,1,,1,,13.271242,,,2.6647568,2.6647568,2.6647568,1,,1,,2.3890646,2.3890646,2.3890646,.83083898,.83083898,.83083898,1,,1,,35.960186,,,11.475352,11.475352,11.475352,1,
01Jan2021,Iran,114,55337,228,570,110674,276685,6287,1231429,12574,31435,2462858,6157145,995570,6737,1.8132654,180522,116.92857,6138.6519,168.70255,6686.9453,39.637489,4518.6738,,,,,,,,,,,,,,,,,,,,,,,,13609.73,16137.378,11357.551,5333.7583,6324.3628,4451.1118,1373.3767,1575.7499,1187.0426,479.90146,544.46704,422.17542,272.35336,,,132203.67,,,273.88867,273.88867,273.88867,132130.25,132130.25,132130.25,114,,,55337,,,114.64263,114.64263,114.64263,55306.27,55306.27,55306.27,62.908772,85017.883,70836.438,103303.84,44141356,50630472,38158264,272.35336,,,132203.67,,,273.88867,273.88867,273.88867,132130.25,132130.25,132130.25,62.908772,,,,,,,272.35336,,,132203.67,,,273.88867,273.88867,273.88867,132130.25,132130.25,132130.25,62.908772,,,,,,,.32308447,,,156.82918,,,.32490575,.32490575,.32490575,156.74208,156.74208,156.74208,.13523471,,,65.644592,,,.13599706,.13599706,.13599706,65.608139,65.608139,65.608139,7.458076,100.85411,84.031105,122.54618,.32034832,,,,,,,,,366.98276,119074.13,324.4679,88369.922,45955.211,43734.359,48540.25,45955.211,43734.359,48540.25,45955.211,43734.359,48540.25,45609.578,44377.641,47259.629,45609.578,44377.641,47259.629,45609.578,44377.641,47259.629,73.790001,64.790001,80.32,73.790001,64.790001,80.32,73.790001,64.790001,80.32,74.559998,70.480003,79.779999,74.559998,70.480003,79.779999,74.559998,70.480003,79.779999,14076487,13514870,14726621,14076487,13514870,14726621,14076487,13514870,14726621,14097353,13730161,14586228,14097353,13730161,14586228,14097353,13730161,14586228,17551.721,15595.91,18886.609,17551.721,15595.91,18886.609,17551.721,15595.91,18886.609,17778.18,16361.25,19196.381,17778.18,16361.25,19196.381,17778.18,16361.25,19196.381,2150.5701,2440.6201,2655.5901,2150.5701,2440.6201,2655.5901,2150.5701,2440.6201,2655.5901,2327.6899,2469.0701,2645.8501,2327.6899,2469.0701,2645.8501,2327.6899,2469.0701,2645.8501,191.17,215.45,232.67999,191.17,215.45,232.67999,191.17,215.45,232.67999,202.78999,218.28999,235.08,202.78999,218.28999,235.08,202.78999,218.28999,235.08,963.33002,1094.4301,1186.66,963.33002,1094.4301,1186.66,963.33002,1094.4301,1186.66,1044.8,1106.23,1182.1801,1044.8,1106.23,1182.1801,1044.8,1106.23,1182.1801,54.560001,61.48,66.400002,54.560001,61.48,66.400002,54.560001,61.48,66.400002,57.869999,62.290001,67.080002,57.869999,62.290001,67.080002,57.869999,62.290001,67.080002,108851.95,122499.73,131779.27,108851.95,122499.73,131779.27,108851.95,122499.73,131779.27,114263.2,124071.52,133950.98,114263.2,124071.52,133950.98,114263.2,124071.52,133950.98,1.17,1.2,1.24,1.17,1.2,1.24,1.17,1.2,1.24,1.17,1.2,1.23,1.17,1.2,1.23,1.17,1.2,1.23,1.38,1.4299999,1.47,1.38,1.4299999,1.47,1.38,1.4299999,1.47,1.39,1.4299999,1.46,1.39,1.4299999,1.46,1.39,1.4299999,1.46,.42041463,.41542944,.42527485,.42041463,.41542944,.42527485,.42041463,.41542944,.42527485,.4193905,.43077394,.41559917,.4193905,.43077394,.41559917,.4193905,.43077394,.41559917,189.98169,68157.422,358.75784,26472.742,55337,55337,55337,114,114,114,1231429,1231429,1231429,6287,6287,6287,1.8132654,1.8132654,1.8132654,167.9077,7854.3999,46.77808,5332.7012,,,,,,,,,,,,,,,,,,,,55.149124,22.253267,,,312.16022,333.88904,,,,,237.86043,306.30884,237.86043,306.30884,237.86043,306.30884,55.149124,22.253267,,,1,,2.3890646,2.3890646,2.3890646,.64728069,.64728069,.64728069,1,,1,,13.522806,,,2.791748,2.791748,2.791748,1,,1,,2.3890648,2.3890648,2.3890648,.83046085,.83046085,.83046085,1,,1,,35.845634,,,11.431018,11.431018,11.431018,1,
02Jan2021,Iran,101,55438,202,505,110876,277190,6045,1237474,12090,30225,2474948,6187370,1004326,8756,1.6708024,177710,112.32143,6153.4287,168.70255,6686.9453,39.637489,4003.3865,,,,,,,,,,,,,,,,,,,,,,,,13201.995,15612.391,11035.277,5237.5029,6193.7568,4377.9219,1355.1277,1547.535,1166.2007,469.89975,531.36346,412.80847,241.29553,,,132444.97,,,262.01367,262.01367,262.01367,132392.27,132392.27,132392.27,101,,,55438,,,109.67207,109.67207,109.67207,55415.941,55415.941,55415.941,63.060406,85339.898,70789.047,104569.97,44226696,50735040,38229052,241.29553,,,132444.97,,,262.01367,262.01367,262.01367,132392.27,132392.27,132392.27,63.060406,,,,,,,241.29553,,,132444.97,,,262.01367,262.01367,262.01367,132392.27,132392.27,132392.27,63.060406,,,,,,,.2862415,,,157.11542,,,.31081879,.31081879,.31081879,157.0529,157.0529,157.0529,.11981321,,,65.764404,,,.13010062,.13010062,.13010062,65.738235,65.738235,65.738235,7.1709986,101.23611,83.974884,124.04816,.28274643,,,,,,,,,366.98276,119074.13,324.4679,78292.656,46026.559,43799.609,48611.441,46026.559,43799.609,48611.441,46026.559,43799.609,48611.441,45681.699,44448.84,47331.781,45681.699,44448.84,47331.781,45681.699,44448.84,47331.781,71.349998,62.700001,77.660004,71.349998,62.700001,77.660004,71.349998,62.700001,77.660004,72.120003,68.160004,77.190002,72.120003,68.160004,77.190002,72.120003,68.160004,77.190002,14094556,13533302,14744297,14094556,13533302,14744297,14094556,13533302,14744297,14115653,13748893,14604551,14115653,13748893,14604551,14115653,13748893,14604551,18068.939,16058.93,19525.289,18068.939,16058.93,19525.289,18068.939,16058.93,19525.289,18299.93,16809.91,19773.99,18299.93,16809.91,19773.99,18299.93,16809.91,19773.99,2102.5801,2383.73,2591.23,2102.5801,2383.73,2591.23,2102.5801,2383.73,2591.23,2269.95,2411.98,2586.23,2269.95,2411.98,2586.23,2269.95,2411.98,2586.23,194.33,218.95,235.78999,194.33,218.95,235.78999,194.33,218.95,235.78999,205.66,221.83,239.05,205.66,221.83,239.05,205.66,221.83,239.05,936.41998,1063.11,1152.42,936.41998,1063.11,1152.42,936.41998,1063.11,1152.42,1015.44,1074.78,1149.11,1015.44,1074.78,1149.11,1015.44,1074.78,1149.11,55.459999,62.48,67.290001,55.459999,62.48,67.290001,55.459999,62.48,67.290001,58.689999,63.299999,68.220001,58.689999,63.299999,68.220001,58.689999,63.299999,68.220001,111794.27,125784.1,135883.23,111794.27,125784.1,135883.23,111794.27,125784.1,135883.23,117084.51,127384.85,137628.23,117084.51,127384.85,137628.23,117084.51,127384.85,137628.23,1.17,1.2,1.24,1.17,1.2,1.24,1.17,1.2,1.24,1.17,1.2,1.23,1.17,1.2,1.23,1.17,1.2,1.23,1.38,1.4299999,1.47,1.38,1.4299999,1.47,1.38,1.4299999,1.47,1.39,1.4299999,1.46,1.39,1.4299999,1.46,1.39,1.4299999,1.46,.39487651,.39043698,.3977406,.39487651,.39043698,.3977406,.39487651,.39043698,.3977406,.39409989,.40547511,.39036128,.39409989,.40547511,.39036128,.39409989,.40547511,.39036128,189.98169,68157.422,358.75784,25597.371,55438,55438,55438,101,101,101,1237474,1237474,1237474,6045,6045,6045,1.6708024,1.6708024,1.6708024,167.9077,7854.3999,46.77808,4724.5859,,,,,,,,,,,,,,,,,,,,59.851486,22.321764,,,353.67377,333.92508,,,,,253.24373,306.22659,253.24373,306.22659,253.24373,306.22659,59.851486,22.321764,,,1,,2.3890648,2.3890648,2.3890648,.70643562,.70643562,.70643562,1,,1,,14.117435,,,2.9890718,2.9890718,2.9890718,1,,1,,2.3890648,2.3890648,2.3890648,.83023483,.83023483,.83023483,1,,1,,35.739494,,,11.389779,11.389779,11.389779,1,
03Jan2021,Iran,102,55540,204,510,111080,277700,5960,1243434,11920,29800,2486868,6217170,1013018,8692,1.7114094,174876,107.3125,6158.4912,168.70255,6686.9453,39.637489,4043.0239,,,,,,,,,,,,,,,,,,,,,,,,12688.639,14955.549,10632.173,5074.3354,5980.8994,4251.9307,1339.6432,1525.0364,1149.9966,461.53946,519.96808,404.04681,243.6846,,,132688.66,,,250.76909,250.76909,250.76909,132643.05,132643.05,132643.05,102,,,55540,,,104.96539,104.96539,104.96539,55520.91,55520.91,55520.91,63.207626,85746.477,70682.141,105875.69,44312440,50840916,38299736,243.6846,,,132688.66,,,250.76909,250.76909,250.76909,132643.05,132643.05,132643.05,63.207626,,,,,,,243.6846,,,132688.66,,,250.76909,250.76909,250.76909,132643.05,132643.05,132643.05,63.207626,,,,,,,.28907558,,,157.4045,,,.29747969,.29747969,.29747969,157.35039,157.35039,157.35039,.12099948,,,65.885406,,,.12451722,.12451722,.12451722,65.862755,65.862755,65.862755,7.0701656,101.71842,83.848068,125.59709,.28419197,,,,,,,,,366.98276,119074.13,324.4679,79067.828,46095.75,43862.941,48680.43,46095.75,43862.941,48680.43,46095.75,43862.941,48680.43,45751.641,44517.969,47401.691,45751.641,44517.969,47401.691,45751.641,44517.969,47401.691,69.18,60.849998,75.269997,69.18,60.849998,75.269997,69.18,60.849998,75.269997,69.940002,66.099998,74.889999,69.940002,66.099998,74.889999,69.940002,66.099998,74.889999,14113145,13552186,14762447,14113145,13552186,14762447,14113145,13552186,14762447,14134477,13768172,14623429,14134477,13768172,14623429,14134477,13768172,14623429,18588.529,16480.301,20185.971,18588.529,16480.301,20185.971,18588.529,16480.301,20185.971,18823.939,17258.721,20291.35,18823.939,17258.721,20291.35,18823.939,17258.721,20291.35,2065.1399,2338.79,2539.3601,2065.1399,2338.79,2539.3601,2065.1399,2338.79,2539.3601,2223.6899,2366.8899,2539.48,2223.6899,2366.8899,2539.48,2223.6899,2366.8899,2539.48,198.37,223.45,240.06,198.37,223.45,240.06,198.37,223.45,240.06,209.44,226.37,244.12,209.44,226.37,244.12,209.44,226.37,244.12,913.31,1036.0699,1122.62,913.31,1036.0699,1122.62,913.31,1036.0699,1122.62,990.03998,1047.63,1120.64,990.03998,1047.63,1120.64,990.03998,1047.63,1120.64,56.610001,63.77,68.510002,56.610001,63.77,68.510002,56.610001,63.77,68.510002,59.77,64.599998,69.669998,59.77,64.599998,69.669998,59.77,64.599998,69.669998,114582.4,129182.48,140235.59,114582.4,129182.48,140235.59,114582.4,129182.48,140235.59,119999.99,130812.39,140993.11,119999.99,130812.39,140993.11,119999.99,130812.39,140993.11,1.17,1.2,1.24,1.17,1.2,1.24,1.17,1.2,1.24,1.17,1.2,1.23,1.17,1.2,1.23,1.17,1.2,1.23,1.38,1.4299999,1.47,1.38,1.4299999,1.47,1.38,1.4299999,1.47,1.39,1.4299999,1.46,1.39,1.4299999,1.46,1.39,1.4299999,1.46,.37216499,.36922869,.37288272,.37216499,.36922869,.37288272,.37216499,.36922869,.37288272,.37154818,.38299477,.36907354,.37154818,.38299477,.36907354,.37154818,.38299477,.36907354,189.98169,68157.422,358.75784,24818.867,55540,55540,55540,102,102,102,1243434,1243434,1243434,5960,5960,5960,1.7114094,1.7114094,1.7114094,167.9077,7854.3999,46.77808,4771.3643,,,,,,,,,,,,,,,,,,,,58.431374,22.388081,,,351.87482,333.95801,,,,,268.69803,306.1702,268.69803,306.1702,268.69803,306.1702,58.431374,22.388081,,,1,,2.3890648,2.3890648,2.3890648,.67823529,.67823529,.67823529,1,,1,,14.386992,,,3.1188807,3.1188807,3.1188807,1,,1,,2.3890648,2.3890648,2.3890648,.82995588,.82995588,.82995588,1,,1,,35.637146,,,11.350136,11.350136,11.350136,1,
04Jan2021,Iran,110,55650,220,550,111300,278250,6073,1249507,12146,30365,2499014,6247535,1020737,7719,1.8112959,173120,102.52679,6156.2588,168.70255,6686.9453,39.637489,4360.124,,,,,,,,,,,,,,,,,,,,,,,,12204.775,14340.274,10264.88,4903.8452,5761.8828,4124.4004,1326.7866,1508.8776,1132.2383,454.92368,510.32175,397.02393,262.79712,,,132951.45,,,240.54652,240.54652,240.54652,132883.59,132883.59,132883.59,110,,,55650,,,100.68649,100.68649,100.68649,55621.594,55621.594,55621.594,63.346718,86228.039,70712.031,107205.63,44398668,50948124,38370448,262.79712,,,132951.45,,,240.54652,240.54652,240.54652,132883.59,132883.59,132883.59,63.346718,,,,,,,262.79712,,,132951.45,,,240.54652,240.54652,240.54652,132883.59,132883.59,132883.59,63.346718,,,,,,,.31174818,,,157.71623,,,.285353,.285353,.285353,157.63574,157.63574,157.63574,.13048963,,,66.015892,,,.1194413,.1194413,.1194413,65.982201,65.982201,65.982201,7.2042141,102.28969,83.883522,127.17475,.3047699,,,,,,,,,366.98276,119074.13,324.4679,85269.227,46163.039,43925.609,48747.5,46163.039,43925.609,48747.5,46163.039,43925.609,48747.5,45819.691,44585.32,47469.66,45819.691,44585.32,47469.66,45819.691,44585.32,47469.66,67.300003,59.240002,73.18,67.300003,59.240002,73.18,67.300003,59.240002,73.18,68.050003,64.260002,72.900002,68.050003,64.260002,72.900002,68.050003,64.260002,72.900002,14132262,13571526,14781079,14132262,13571526,14781079,14132262,13571526,14781079,14153834,13788006,14642876,14153834,13788006,14642876,14153834,13788006,14642876,19117.689,16907.061,20868.119,19117.689,16907.061,20868.119,19117.689,16907.061,20868.119,19357.5,17714.4,20832.26,19357.5,17714.4,20832.26,19357.5,17714.4,20832.26,2037.98,2305.48,2499.6499,2037.98,2305.48,2499.6499,2037.98,2305.48,2499.6499,2188.5801,2333.51,2505.3,2188.5801,2333.51,2505.3,2188.5801,2333.51,2505.3,203.05,228.67,245.38,203.05,228.67,245.38,203.05,228.67,245.38,213.89,231.63,249.98,213.89,231.63,249.98,213.89,231.63,249.98,893.95001,1013.27,1097.1899,893.95001,1013.27,1097.1899,893.95001,1013.27,1097.1899,968.78003,1024.74,1096.74,968.78003,1024.74,1096.74,968.78003,1024.74,1096.74,57.950001,65.260002,70.029999,57.950001,65.260002,70.029999,57.950001,65.260002,70.029999,61.040001,66.110001,71.339996,61.040001,66.110001,71.339996,61.040001,66.110001,71.339996,117401.43,132697.5,144799.09,117401.43,132697.5,144799.09,117401.43,132697.5,144799.09,123011.53,134356.75,144562.25,123011.53,134356.75,144562.25,123011.53,134356.75,144562.25,1.17,1.2,1.24,1.17,1.2,1.24,1.17,1.2,1.24,1.17,1.2,1.23,1.17,1.2,1.23,1.17,1.2,1.23,1.38,1.4299999,1.47,1.38,1.4299999,1.47,1.38,1.4299999,1.47,1.39,1.4299999,1.46,1.39,1.4299999,1.46,1.39,1.4299999,1.46,.35203001,.35038617,.35067847,.35203001,.35038617,.35067847,.35203001,.35038617,.35067847,.35154334,.36275572,.34993804,.35154334,.36275572,.34993804,.35154334,.36275572,.34993804,189.98169,68157.422,358.75784,24144.404,55650,55650,55650,110,110,110,1249507,1249507,1249507,6073,6073,6073,1.8112959,1.8112959,1.8112959,167.9077,7854.3999,46.77808,5145.5889,,,,,,,,,,,,,,,,,,,,55.209091,22.452955,,,328.11636,333.94647,,,,,284.06668,306.13803,284.06668,306.13803,284.06668,306.13803,55.209091,22.452955,,,1,,2.3890648,2.3890648,2.3890648,.61181819,.61181819,.61181819,1,,1,,14.19859,,,3.1479812,3.1479812,3.1479812,1,,1,,2.3890648,2.3890648,2.3890648,.82952452,.82952452,.82952452,1,,1,,35.532948,,,11.31027,11.31027,11.31027,1,
05Jan2021,Iran,98,55748,196,490,111496,278740,6113,1255620,12226,30565,2511240,6278100,1029028,8291,1.6031408,170844,98.089287,6152.5449,168.70255,6686.9453,39.637489,3884.4739,,,,,,,,,,,,,,,,,,,,,,,,11667.197,13653.808,9857.4199,4721.8779,5525.8872,3989.436,1316.4229,1507.113,1122.2606,450.02924,503.80334,391.715,234.12834,,,133185.58,,,231.67256,231.67256,231.67256,133115.27,133115.27,133115.27,98,,,55748,,,96.972076,96.972076,96.972076,55718.566,55718.566,55718.566,63.472324,86774.648,70862.469,108521.36,44485444,51056644,38441308,234.12834,,,133185.58,,,231.67256,231.67256,231.67256,133115.27,133115.27,133115.27,63.472324,,,,,,,234.12834,,,133185.58,,,231.67256,231.67256,231.67256,133115.27,133115.27,133115.27,63.472324,,,,,,,.27773929,,,157.99397,,,.27482608,.27482608,.27482608,157.91057,157.91057,157.91057,.1162544,,,66.132149,,,.115035,.115035,.115035,66.097229,66.097229,66.097229,7.2516651,102.93812,84.061974,128.73557,.26981193,,,,,,,,,366.98276,119074.13,324.4679,75967.133,46228.738,43994.059,48812.922,46228.738,43994.059,48812.922,46228.738,43994.059,48812.922,45886.141,44651.18,47535.988,45886.141,44651.18,47535.988,45886.141,44651.18,47535.988,65.699997,57.889999,71.379997,65.699997,57.889999,71.379997,65.699997,57.889999,71.379997,66.449997,62.66,71.230003,66.449997,62.66,71.230003,66.449997,62.66,71.230003,14151923,13591330,14800203,14151923,13591330,14800203,14151923,13591330,14800203,14173739,13808411,14662905,14173739,13808411,14662905,14173739,13808411,14662905,19660.289,17343.48,21571.51,19660.289,17343.48,21571.51,19660.289,17343.48,21571.51,19904.49,18177.369,21417.34,19904.49,18177.369,21417.34,19904.49,18177.369,21417.34,2020.61,2283.24,2471.5,2020.61,2283.24,2471.5,2020.61,2283.24,2471.5,2164.05,2311.26,2483.1001,2164.05,2311.26,2483.1001,2164.05,2311.26,2483.1001,208.19,234.41,251.92999,208.19,234.41,251.92999,208.19,234.41,251.92999,218.81,237.42999,256.42001,218.81,237.42999,256.42001,218.81,237.42999,256.42001,878.23999,994.56,1076,878.23999,994.56,1076,878.23999,994.56,1076,949.96997,1005.98,1077.28,949.96997,1005.98,1077.28,949.96997,1005.98,1077.28,59.419998,66.900002,71.910004,59.419998,66.900002,71.910004,59.419998,66.900002,71.910004,62.450001,67.769997,73.18,62.450001,67.769997,73.18,62.450001,67.769997,73.18,120310.8,136331.02,149535.88,120310.8,136331.02,149535.88,120310.8,136331.02,149535.88,126120.27,138019.77,148482.89,126120.27,138019.77,148482.89,126120.27,138019.77,148482.89,1.17,1.2,1.24,1.17,1.2,1.24,1.17,1.2,1.24,1.17,1.2,1.23,1.17,1.2,1.23,1.17,1.2,1.23,1.38,1.4299999,1.47,1.38,1.4299999,1.47,1.38,1.4299999,1.47,1.39,1.4299999,1.46,1.39,1.4299999,1.46,1.39,1.4299999,1.46,.33417615,.33378536,.33089942,.33417615,.33378536,.33089942,.33417615,.33378536,.33089942,.33384424,.34471434,.33258101,.33384424,.34471434,.33258101,.33384424,.34471434,.33258101,189.98169,68157.422,358.75784,23570.389,55748,55748,55748,98,98,98,1255620,1255620,1255620,6113,6113,6113,1.6031408,1.6031408,1.6031408,167.9077,7854.3999,46.77808,4584.252,,,,,,,,,,,,,,,,,,,,62.377552,22.52314,,,370.62854,334.01096,,,,,299.24338,306.12827,299.24338,306.12827,299.24338,306.12827,62.377552,22.52314,,,1,,2.3890648,2.3890648,2.3890648,.67040813,.67040813,.67040813,1,,1,,14.195101,,,3.2161441,3.2161441,3.2161441,1,,1,,2.3890648,2.3890648,2.3890648,.82924479,.82924479,.82924479,1,,1,,35.429066,,,11.270864,11.270864,11.270864,1,
06Jan2021,Iran,82,55830,164,410,111660,279150,6283,1261903,12566,31415,2523806,6309515,1040521,11493,1.305109,165552,94.419647,6152.0981,168.70255,6686.9453,39.637489,3250.2742,,,,,,,,,,,,,,,,,,,,,,,,11432.375,13314.136,9709.8525,4669.2397,5437.7935,3965.7227,1308.4236,1502.5126,1111.9532,446.84778,504.55215,387.84335,195.90331,,,133381.48,,,224.42764,224.42764,224.42764,133339.69,133339.69,133339.69,82,,,55830,,,93.939545,93.939545,93.939545,55812.508,55812.508,55812.508,63.577103,87376.273,71345.047,109538.03,44572820,51166184,38512652,195.90331,,,133381.48,,,224.42764,224.42764,224.42764,133339.69,133339.69,133339.69,63.577103,,,,,,,195.90331,,,133381.48,,,224.42764,224.42764,224.42764,133339.69,133339.69,133339.69,63.577103,,,,,,,.2323941,,,158.22636,,,.26623166,.26623166,.26623166,158.17679,158.17679,158.17679,.097274095,,,66.229424,,,.11143761,.11143761,.11143761,66.208672,66.208672,66.208672,7.453331,103.65179,84.634453,129.94162,.22420652,,,,,,,,,366.98276,119074.13,324.4679,63564.332,46293.121,44061.109,48876.98,46293.121,44061.109,48876.98,46293.121,44061.109,48876.98,45951.281,44715.828,47601,45951.281,44715.828,47601,45951.281,44715.828,47601,64.389999,56.799999,69.889999,64.389999,56.799999,69.889999,64.389999,56.799999,69.889999,65.139999,61.310001,69.870003,65.139999,61.310001,69.870003,65.139999,61.310001,69.870003,14172141,13611612,14819832,14172141,13611612,14819832,14172141,13611612,14819832,14194205,13829402,14683534,14194205,13829402,14683534,14194205,13829402,14683534,20218.189,17791.131,22298.4,20218.189,17791.131,22298.4,20218.189,17791.131,22298.4,20466.779,18642.029,22018.471,20466.779,18642.029,22018.471,20466.779,18642.029,22018.471,2012.42,2271.3501,2454.1299,2012.42,2271.3501,2454.1299,2012.42,2271.3501,2454.1299,2149.3899,2299.4199,2472.1299,2149.3899,2299.4199,2472.1299,2149.3899,2299.4199,2472.1299,213.69,240.55,259.63,213.69,240.55,259.63,213.69,240.55,259.63,224.08,243.62,263.29999,224.08,243.62,263.29999,224.08,243.62,263.29999,866.01001,979.78998,1058.88,866.01001,979.78998,1058.88,866.01001,979.78998,1058.88,934.33002,991.15997,1062.23,934.33002,991.15997,1062.23,934.33002,991.15997,1062.23,61,68.660004,74.110001,61,68.660004,74.110001,61,68.660004,74.110001,63.959999,69.540001,75.150002,63.959999,69.540001,75.150002,63.959999,69.540001,75.150002,123311.38,140084.7,154449.69,123311.38,140084.7,154449.69,123311.38,140084.7,154449.69,129231.73,141803.06,152529.7,129231.73,141803.06,152529.7,129231.73,141803.06,152529.7,1.17,1.2,1.24,1.17,1.2,1.24,1.17,1.2,1.24,1.17,1.2,1.23,1.17,1.2,1.23,1.17,1.2,1.23,1.38,1.4299999,1.47,1.38,1.4299999,1.47,1.38,1.4299999,1.47,1.39,1.4299999,1.46,1.39,1.4299999,1.46,1.39,1.4299999,1.46,.3184756,.31926021,.31343055,.3184756,.31926021,.31343055,.3184756,.31926021,.31343055,.31827188,.32888052,.31732449,.31827188,.32888052,.31732449,.31827188,.32888052,.31732449,189.98169,68157.422,358.75784,23100.418,55830,55830,55830,82,82,82,1261903,1261903,1261903,6283,6283,6283,1.305109,1.305109,1.305109,167.9077,7854.3999,46.77808,3835.8025,,,,,,,,,,,,,,,,,,,,76.621948,22.602596,,,446.01736,334.17548,,,,,313.99579,306.13925,313.99579,306.13925,313.99579,306.13925,76.621948,22.602596,,,1,,2.3890648,2.3890648,2.3890648,.78524387,.78524387,.78524387,1,,1,,13.906776,,,3.2179196,3.2179196,3.2179196,1,,1,,2.3890648,2.3890648,2.3890648,.82918,.82918,.82918,1,,1,,35.321907,,,11.230769,11.230769,11.230769,1,
07Jan2021,Iran,103,55933,206,515,111866,279665,6360,1268263,12720,31800,2536526,6341315,1050553,10032,1.6194968,161777,91.6875,6157.4287,168.70255,6686.9453,39.637489,4082.6614,,,,,,,,,,,,,,,,,,,,,,,,11103.921,12858.404,9486.6416,4458.146,5162.5586,3808.8198,1302.6593,1502.7076,1097.3684,445.36227,504.0842,385.76395,246.07365,,,133627.55,,,219.02299,219.02299,219.02299,133558.7,133558.7,133558.7,103,,,55933,,,91.677299,91.677299,91.677299,55904.184,55904.184,55904.184,63.652996,88022.813,72156.836,110500.51,44660844,51276684,38584812,246.07365,,,133627.55,,,219.02299,219.02299,219.02299,133558.7,133558.7,133558.7,63.652996,,,,,,,246.07365,,,133627.55,,,219.02299,219.02299,219.02299,133558.7,133558.7,133558.7,63.652996,,,,,,,.29190966,,,158.51828,,,.25982028,.25982028,.25982028,158.43661,158.43661,158.43661,.12218575,,,66.351608,,,.10875398,.10875398,.10875398,66.317421,66.317421,66.317421,7.5446734,104.41877,85.59745,131.08337,.27955669,,,,,,,,,366.98276,119074.13,324.4679,79843,46356.488,44127.02,48939.949,46356.488,44127.02,48939.949,46356.488,44127.02,48939.949,46015.391,44779.578,47664.969,46015.391,44779.578,47664.969,46015.391,44779.578,47664.969,63.360001,55.950001,68.690002,63.360001,55.950001,68.690002,63.360001,55.950001,68.690002,64.110001,60.23,68.82,64.110001,60.23,68.82,64.110001,60.23,68.82,14192933,13632381,14839981,14192933,13632381,14839981,14192933,13632381,14839981,14215251,13850997,14704782,14215251,13850997,14704782,14215251,13850997,14704782,20792.27,18250.74,23057.18,20792.27,18250.74,23057.18,20792.27,18250.74,23057.18,21045.25,19118.881,22636.58,21045.25,19118.881,22636.58,21045.25,19118.881,22636.58,2012.73,2269.02,2446.7,2012.73,2269.02,2446.7,2012.73,2269.02,2446.7,2143.8,2297.21,2471.54,2143.8,2297.21,2471.54,2143.8,2297.21,2471.54,219.19,247.03,267.87,219.19,247.03,267.87,219.19,247.03,267.87,229.64,250.14999,269.82999,229.64,250.14999,269.82999,229.64,250.14999,269.82999,857.09998,968.73999,1045.59,857.09998,968.73999,1045.59,857.09998,968.73999,1045.59,922.09998,980.09998,1051.2,922.09998,980.09998,1051.2,922.09998,980.09998,1051.2,62.57,70.510002,76.459999,62.57,70.510002,76.459999,62.57,70.510002,76.459999,65.550003,71.400002,77.019997,65.550003,71.400002,77.019997,65.550003,71.400002,77.019997,126404.04,143960.23,159589.31,126404.04,143960.23,159589.31,126404.04,143960.23,159589.31,132436.91,145708.3,156704.34,132436.91,145708.3,156704.34,132436.91,145708.3,156704.34,1.17,1.2,1.24,1.17,1.2,1.24,1.17,1.2,1.24,1.17,1.2,1.23,1.17,1.2,1.23,1.17,1.2,1.23,1.38,1.4299999,1.47,1.38,1.4299999,1.47,1.38,1.4299999,1.47,1.39,1.4299999,1.46,1.39,1.4299999,1.46,1.39,1.4299999,1.46,.30472866,.3065629,.29791155,.30472866,.3065629,.29791155,.30472866,.3065629,.29791155,.30462933,.31502891,.30402118,.30462933,.31502891,.30402118,.30462933,.31502891,.30402118,189.98169,68157.422,358.75784,22730.896,55933,55933,55933,103,103,103,1268263,1268263,1268263,6360,6360,6360,1.6194968,1.6194968,1.6194968,167.9077,7854.3999,46.77808,4818.1421,,,,,,,,,,,,,,,,,,,,61.747574,22.674683,,,357.7092,334.21884,,,,,328.16083,306.16928,328.16083,306.16928,328.16083,306.16928,61.747574,22.674683,,,1,,2.3890646,2.3890646,2.3890646,.61514562,.61514562,.61514562,1,,1,,13.840065,,,3.2692249,3.2692249,3.2692249,1,,1,,2.3890646,2.3890646,2.3890646,.82878602,.82878602,.82878602,1,,1,,35.214184,,,11.190844,11.190844,11.190844,1,
08Jan2021,Iran,85,56018,170,425,112036,280090,6251,1274514,12502,31255,2549028,6372570,1058654,8101,1.3597825,159842,89.651787,6169.4824,168.70255,6686.9453,39.637489,3369.1865,,,,,,,,,,,,,,,,,,,,,,,,10831.019,12495.698,9281.8857,4263.3545,4918.6133,3653.5779,1298.9998,1515.912,1089.4347,445.25562,505.53519,382.98795,203.0705,,,133830.63,,,215.2683,215.2683,215.2683,133773.98,133773.98,133773.98,85,,,56018,,,90.105682,90.105682,90.105682,55994.289,55994.289,55994.289,63.693771,88704.25,73075.477,111390,44749548,51388072,38657888,203.0705,,,133830.63,,,215.2683,215.2683,215.2683,133773.98,133773.98,133773.98,63.693771,,,,,,,203.0705,,,133830.63,,,215.2683,215.2683,215.2683,133773.98,133773.98,133773.98,63.693771,,,,,,,.24089631,,,158.75917,,,.25536621,.25536621,.25536621,158.69199,158.69199,158.69199,.1008329,,,66.452438,,,.10688961,.10688961,.10688961,66.424316,66.424316,66.424316,7.41537,105.22714,86.68721,132.13855,.22892983,,,,,,,,,366.98276,119074.13,324.4679,65889.859,46419.102,44192.051,49002.09,46419.102,44192.051,49002.09,46419.102,44192.051,49002.09,46078.75,44842.699,47728.199,46078.75,44842.699,47728.199,46078.75,44842.699,47728.199,62.610001,55.349998,67.769997,62.610001,55.349998,67.769997,62.610001,55.349998,67.769997,63.360001,59.419998,68.059998,63.360001,59.419998,68.059998,63.360001,59.419998,68.059998,14214316,13653649,14860662,14214316,13653649,14860662,14214316,13653649,14860662,14236891,13873213,14726667,14236891,13873213,14726667,14236891,13873213,14726667,21383.039,18722.66,23842.311,21383.039,18722.66,23842.311,21383.039,18722.66,23842.311,21640.41,19608.289,23273.189,21640.41,19608.289,23273.189,21640.41,19608.289,23273.189,2020.3199,2275.47,2448.79,2020.3199,2275.47,2448.79,2020.3199,2275.47,2448.79,2146.52,2303.8201,2480.48,2146.52,2303.8201,2480.48,2146.52,2303.8201,2480.48,224.62,253.78,276.62,224.62,253.78,276.62,224.62,253.78,276.62,235.44,256.95999,276.48001,235.44,256.95999,276.48001,235.44,256.95999,276.48001,851.31,961.20001,1035.92,851.31,961.20001,1035.92,851.31,961.20001,1035.92,913.25,972.57001,1043.97,913.25,972.57001,1043.97,913.25,972.57001,1043.97,64.120003,72.440002,78.970001,64.120003,72.440002,78.970001,64.120003,72.440002,78.970001,67.209999,73.349998,78.93,67.209999,73.349998,78.93,67.209999,73.349998,78.93,129589.75,147959.47,164965.92,129589.75,147959.47,164965.92,129589.75,147959.47,164965.92,135737.45,149737.23,161017.7,135737.45,149737.23,161017.7,135737.45,149737.23,161017.7,1.17,1.2,1.24,1.17,1.2,1.24,1.17,1.2,1.24,1.17,1.2,1.23,1.17,1.2,1.23,1.17,1.2,1.23,1.38,1.4299999,1.47,1.38,1.4299999,1.47,1.38,1.4299999,1.47,1.39,1.4299999,1.46,1.39,1.4299999,1.46,1.39,1.4299999,1.46,.29280216,.29563105,.28424257,.29280216,.29563105,.28424257,.29280216,.29563105,.28424257,.29278558,.30303511,.29243949,.29278558,.30303511,.29243949,.29278558,.30303511,.29243949,189.98169,68157.422,358.75784,22461.828,56018,56018,56018,85,85,85,1274514,1274514,1274514,6251,6251,6251,1.3597825,1.3597825,1.3597825,167.9077,7854.3999,46.77808,3976.1367,,,,,,,,,,,,,,,,,,,,73.541176,22.751865,,,436.81506,334.37451,,,,,341.52753,306.21695,341.52753,306.21695,341.52753,306.21695,73.541176,22.751865,,,1,,2.3890646,2.3890646,2.3890646,.73658824,.73658824,.73658824,1,,1,,14.19041,,,3.4207389,3.4207389,3.4207389,1,,1,,2.3890648,2.3890648,2.3890648,.82864618,.82864618,.82864618,1,,1,,35.111069,,,11.152735,11.152735,11.152735,1,
09Jan2021,Iran,82,56100,164,410,112200,280500,5924,1280438,11848,29620,2560876,6402190,1067466,8812,1.3841999,156872,88.410713,6187.6787,168.70255,6686.9453,39.637489,3250.2742,,,,,,,,,,,,,,,,,,,,,,,,10736.242,12340.006,9242.0771,4218.0107,4848.0908,3630.9893,1297.3213,1530.7485,1087.7012,446.06131,511.4657,382.66599,195.90331,,,134026.53,,,212.80289,212.80289,212.80289,133986.78,133986.78,133986.78,82,,,56100,,,89.073723,89.073723,89.073723,56083.363,56083.363,56083.363,63.697716,89410.617,74100.156,112187.27,44838960,51500260,38731988,195.90331,,,134026.53,,,212.80289,212.80289,212.80289,133986.78,133986.78,133986.78,63.697716,,,,,,,195.90331,,,134026.53,,,212.80289,212.80289,212.80289,133986.78,133986.78,133986.78,63.697716,,,,,,,.2323941,,,158.99158,,,.25244156,.25244156,.25244156,158.94443,158.94443,158.94443,.097274095,,,66.549713,,,.10566543,.10566543,.10566543,66.529976,66.529976,66.529976,7.0274601,106.06508,87.902756,133.08434,.2191052,,,,,,,,,366.98276,119074.13,324.4679,63564.332,46481.219,44256.461,49063.68,46481.219,44256.461,49063.68,46481.219,44256.461,49063.68,46141.629,44905.441,47790.969,46141.629,44905.441,47790.969,46141.629,44905.441,47790.969,62.119999,54.98,67.129997,62.119999,54.98,67.129997,62.119999,54.98,67.129997,62.869999,58.860001,67.580002,62.869999,58.860001,67.580002,62.869999,58.860001,67.580002,14236307,13675430,14881892,14236307,13675430,14881892,14236307,13675430,14881892,14259144,13896068,14749208,14259144,13896068,14749208,14259144,13896068,14749208,21990.881,19207.18,24491.82,21990.881,19207.18,24491.82,21990.881,19207.18,24491.82,22252.609,20110.52,23939.619,22252.609,20110.52,23939.619,22252.609,20110.52,23939.619,2033.4399,2289.8999,2459.24,2033.4399,2289.8999,2459.24,2033.4399,2289.8999,2459.24,2155.1299,2318.48,2498.1299,2155.1299,2318.48,2498.1299,2155.1299,2318.48,2498.1299,230.24001,260.79001,285.73001,230.24001,260.79001,285.73001,230.24001,260.79001,285.73001,241.39999,264.03,284.06,241.39999,264.03,284.06,241.39999,264.03,284.06,848.46997,956.95001,1029.67,848.46997,956.95001,1029.67,848.46997,956.95001,1029.67,907.56,968.34998,1040.3,907.56,968.34998,1040.3,907.56,968.34998,1040.3,65.730003,74.449997,81.57,65.730003,74.449997,81.57,65.730003,74.449997,81.57,68.910004,75.370003,81.089996,68.910004,75.370003,81.089996,68.910004,75.370003,81.089996,132865.73,152076.84,169376.13,132865.73,152076.84,169376.13,132865.73,152076.84,169376.13,139136.67,153877.08,165526.44,139136.67,153877.08,165526.44,139136.67,153877.08,165526.44,1.0700001,1.1,1.13,1.0700001,1.1,1.13,1.0700001,1.1,1.13,1.08,1.1,1.12,1.08,1.1,1.12,1.08,1.1,1.12,1.27,1.3099999,1.35,1.27,1.3099999,1.35,1.27,1.3099999,1.35,1.29,1.3099999,1.33,1.29,1.3099999,1.33,1.29,1.3099999,1.33,.28248072,.28624713,.27409151,.28248072,.28624713,.27409151,.28248072,.28624713,.27409151,.28252867,.29268265,.28229356,.28252867,.29268265,.28229356,.28252867,.29268265,.28229356,189.98169,68157.422,358.75784,22286.037,56100,56100,56100,82,82,82,1280438,1280438,1280438,5924,5924,5924,1.3841999,1.3841999,1.3841999,167.9077,7854.3999,46.77808,3835.8025,,,,,,,,,,,,,,,,,,,,72.243904,22.824207,,,456.40179,334.55286,,,,,354.00647,306.28085,354.00647,306.28085,354.00647,306.28085,72.243904,22.824207,,,1,,2.3890648,2.3890648,2.3890648,.75756097,.75756097,.75756097,1,,1,,15.092947,,,3.7121675,3.7121675,3.7121675,1,,1,,2.3890648,2.3890648,2.3890648,.82854223,.82854223,.82854223,1,,1,,35.018456,,,11.11831,11.11831,11.11831,1,
10Jan2021,Iran,71,56171,142,355,112342,280855,5968,1286406,11936,29840,2572812,6432030,1074887,7421,1.1896783,155348,87.83036,6208,168.70255,6686.9453,39.637489,2814.2617,,,,,,,,,,,,,,,,,,,,,,,,10572.667,12112.144,9081.2813,4058.0237,4648.9092,3485.5972,1297.4996,1547.0283,1089.3137,447.34244,517.66132,384.12054,169.6236,,,134196.16,,,211.304,211.304,211.304,134198.08,134198.08,134198.08,71,,,56171,,,88.446327,88.446327,88.446327,56171.809,56171.809,56171.809,63.669292,90131.922,75223.102,112872.81,44929092,51613132,38807208,169.6236,,,134196.16,,,211.304,211.304,211.304,134198.08,134198.08,134198.08,63.669292,,,,,,,169.6236,,,134196.16,,,211.304,211.304,211.304,134198.08,134198.08,134198.08,63.669292,,,,,,,.20121928,,,159.19279,,,.25066346,.25066346,.25066346,159.19508,159.19508,159.19508,.084225126,,,66.633942,,,.10492118,.10492118,.10492118,66.634903,66.634903,66.634903,7.0796561,106.92074,89.234871,133.89757,.18819481,,,,,,,,,366.98276,119074.13,324.4679,55037.41,46543.102,44320.488,49124.93,46543.102,44320.488,49124.93,46543.102,44320.488,49124.93,46204.262,44968.078,47853.52,46204.262,44968.078,47853.52,46204.262,44968.078,47853.52,61.880001,54.830002,66.739998,61.880001,54.830002,66.739998,61.880001,54.830002,66.739998,62.630001,58.529999,67.370003,62.630001,58.529999,67.370003,62.630001,58.529999,67.370003,14258775,13697600,14903559,14258775,13697600,14903559,14258775,13697600,14903559,14281872,13919412,14772278,14281872,13919412,14772278,14281872,13919412,14772278,22468.1,19601.77,24981.859,22468.1,19601.77,24981.859,22468.1,19601.77,24981.859,22728.74,20481.02,24522.539,22728.74,20481.02,24522.539,22728.74,20481.02,24522.539,2053.05,2311.6101,2479.1101,2053.05,2311.6101,2479.1101,2053.05,2311.6101,2479.1101,2170.3401,2340.4399,2523.7,2170.3401,2340.4399,2523.7,2170.3401,2340.4399,2523.7,236.03,268.01001,295.14999,236.03,268.01001,295.14999,236.03,268.01001,295.14999,247.39999,271.31,291.88,247.39999,271.31,291.88,247.39999,271.31,291.88,848.37,955.78998,1026.75,848.37,955.78998,1026.75,848.37,955.78998,1026.75,904.82001,967.23999,1039.98,904.82001,967.23999,1039.98,904.82001,967.23999,1039.98,67.379997,76.510002,84.269997,67.379997,76.510002,84.269997,67.379997,76.510002,84.269997,70.629997,77.459999,83.330002,70.629997,77.459999,83.330002,70.629997,77.459999,83.330002,134793.41,154244.67,171399.91,134793.41,154244.67,171399.91,134793.41,154244.67,171399.91,140575.41,156012.05,168095.88,140575.41,156012.05,168095.88,140575.41,156012.05,168095.88,1.0700001,1.1,1.13,1.0700001,1.1,1.13,1.0700001,1.1,1.13,1.08,1.1,1.12,1.08,1.1,1.12,1.08,1.1,1.12,1.27,1.3099999,1.35,1.27,1.3099999,1.35,1.27,1.3099999,1.35,1.29,1.3099999,1.33,1.29,1.3099999,1.33,1.29,1.3099999,1.33,.27541271,.27971965,.26715386,.27541271,.27971965,.26715386,.27541271,.27971965,.26715386,.27555421,.28577679,.27472687,.27555421,.28577679,.27472687,.27555421,.28577679,.27472687,189.98169,68157.422,358.75784,22199.936,56171,56171,56171,71,71,71,1286406,1286406,1286406,5968,5968,5968,1.1896783,1.1896783,1.1896783,167.9077,7854.3999,46.77808,3321.2437,,,,,,,,,,,,,,,,,,,,84.056335,22.901604,,,531.36432,334.80164,,,,,363.09146,306.35635,363.09146,306.35635,363.09146,306.35635,84.056335,22.901604,,,1,,2.3890648,2.3890648,2.3890648,.87154931,.87154931,.87154931,1,,1,,15.102534,,,3.7647619,3.7647619,3.7647619,1,,1,,2.3890648,2.3890648,2.3890648,.82859665,.82859665,.82859665,1,,1,,34.92606,,,11.084195,11.084195,11.084195,1,
11Jan2021,Iran,91,56262,182,455,112524,281310,6208,1292614,12416,31040,2585228,6463070,1081736,6849,1.4658505,154616,87.607147,6229.1875,168.70255,6686.9453,39.637489,3607.0115,,,,,,,,,,,,,,,,,,,,,,,,10444.072,11920.492,8950.8936,3905.2356,4457.2969,3346.908,1299.4044,1564.5564,1086.4949,448.8844,523.88977,385.677,217.40488,,,134413.56,,,210.4729,210.4729,210.4729,134408.56,134408.56,134408.56,91,,,56262,,,88.098457,88.098457,88.098457,56259.906,56259.906,56259.906,63.619068,90858.242,76434.102,113427,45019948,51726560,38883644,217.40488,,,134413.56,,,210.4729,210.4729,210.4729,134408.56,134408.56,134408.56,63.619068,,,,,,,217.40488,,,134413.56,,,210.4729,210.4729,210.4729,134408.56,134408.56,134408.56,63.619068,,,,,,,.25790077,,,159.45068,,,.24967757,.24967757,.24967757,159.44476,159.44476,159.44476,.10795052,,,66.74189,,,.1045085,.1045085,.1045085,66.73941,66.73941,66.73941,7.3643608,107.78236,90.67144,134.55498,.2392792,,,,,,,,,366.98276,119074.13,324.4679,70540.906,46604.961,44384.34,49186.07,46604.961,44384.34,49186.07,46604.961,44384.34,49186.07,46266.879,45030.84,47916.109,46266.879,45030.84,47916.109,46266.879,45030.84,47916.109,61.860001,54.889999,66.599998,61.860001,54.889999,66.599998,61.860001,54.889999,66.599998,62.619999,58.419998,67.419998,62.619999,58.419998,67.419998,62.619999,58.419998,67.419998,14281573,13720021,14925539,14281573,13720021,14925539,14281573,13720021,14925539,14304926,13943080,14795730,14304926,13943080,14795730,14304926,13943080,14795730,22797.99,19895.051,25289.859,22797.99,19895.051,25289.859,22797.99,19895.051,25289.859,23053.68,20749.1,24914.18,23053.68,20749.1,24914.18,23053.68,20749.1,24914.18,2078.45,2339.78,2511.1001,2078.45,2339.78,2511.1001,2078.45,2339.78,2511.1001,2191.5901,2368.9099,2556.3,2191.5901,2368.9099,2556.3,2191.5901,2368.9099,2556.3,241.81,275.19,304.51999,241.81,275.19,304.51999,241.81,275.19,304.51999,253.31,278.53,299.66,253.31,278.53,299.66,253.31,278.53,299.66,850.82001,957.46997,1026.74,850.82001,957.46997,1026.74,850.82001,957.46997,1026.74,904.73999,968.97998,1042.73,904.73999,968.97998,1042.73,904.73999,968.97998,1042.73,69.029999,78.57,86.949997,69.029999,78.57,86.949997,69.029999,78.57,86.949997,72.32,79.519997,85.550003,72.32,79.519997,85.550003,72.32,79.519997,85.550003,136767.34,156463.66,173461.48,136767.34,156463.66,173461.48,136767.34,156463.66,173461.48,142488.45,158199.58,170726.98,142488.45,158199.58,170726.98,142488.45,158199.58,170726.98,1.0700001,1.1,1.13,1.0700001,1.1,1.13,1.0700001,1.1,1.13,1.08,1.1,1.12,1.08,1.1,1.12,1.08,1.1,1.12,1.27,1.3099999,1.35,1.27,1.3099999,1.35,1.27,1.3099999,1.35,1.29,1.3099999,1.33,1.29,1.3099999,1.33,1.29,1.3099999,1.33,.27133971,.27589777,.26334664,.27133971,.27589777,.26334664,.27133971,.27589777,.26334664,.27162692,.28155437,.27060893,.27162692,.28155437,.27060893,.27162692,.28155437,.27060893,189.98169,68157.422,358.75784,22192.76,56262,56262,56262,91,91,91,1292614,1292614,1292614,6208,6208,6208,1.4658505,1.4658505,1.4658505,167.9077,7854.3999,46.77808,4256.8052,,,,,,,,,,,,,,,,,,,,68.21978,22.974903,,,417.92181,334.93607,,,,,368.54172,306.4389,368.54172,306.4389,368.54172,306.4389,68.21978,22.974903,,,1,,2.3890646,2.3890646,2.3890646,.67978024,.67978024,.67978024,1,,1,,14.635671,,,3.6723566,3.6723566,3.6723566,1,,1,,2.3890648,2.3890648,2.3890648,.82835591,.82835591,.82835591,1,,1,,34.828609,,,11.048598,11.048598,11.048598,1,
12Jan2021,Iran,98,56360,196,490,112720,281800,6408,1299022,12816,32040,2598044,6495110,1088465,6729,1.5293384,154197,87.785713,6245.7412,168.70255,6686.9453,39.637489,3884.4739,,,,,,,,,,,,,,,,,,,,,,,,10400.037,11849.253,8874.1758,3791.6724,4320.0308,3235.3699,1302.8972,1583.129,1085.5669,450.5737,530.03052,386.04285,234.12834,,,134647.69,,,210.02373,210.02373,210.02373,134618.58,134618.58,134618.58,98,,,56360,,,87.910446,87.910446,87.910446,56347.82,56347.82,56347.82,63.562023,91579.93,77722.406,113830.28,45111528,51840392,38961368,234.12834,,,134647.69,,,210.02373,210.02373,210.02373,134618.58,134618.58,134618.58,63.562023,,,,,,,234.12834,,,134647.69,,,210.02373,210.02373,210.02373,134618.58,134618.58,134618.58,63.562023,,,,,,,.27773929,,,159.72842,,,.24914473,.24914473,.24914473,159.69391,159.69391,159.69391,.1162544,,,66.858147,,,.10428547,.10428547,.10428547,66.843697,66.843697,66.843697,7.6016145,108.63847,92.199715,135.03339,.25565463,,,,,,,,,366.98276,119074.13,324.4679,75967.133,46667.031,44448.23,49247.32,46667.031,44448.23,49247.32,46667.031,44448.23,49247.32,46329.711,45093.941,47978.949,46329.711,45093.941,47978.949,46329.711,45093.941,47978.949,62.060001,55.099998,66.690002,62.060001,55.099998,66.690002,62.060001,55.099998,66.690002,62.830002,58.5,67.690002,62.830002,58.5,67.690002,62.830002,58.5,67.690002,14304666,13742661,14947803,14304666,13742661,14947803,14304666,13742661,14947803,14328268,13967035,14819531,14328268,13967035,14819531,14328268,13967035,14819531,23092.789,20165.18,25552.33,23092.789,20165.18,25552.33,23092.789,20165.18,25552.33,23342.439,21006.93,25259.92,23342.439,21006.93,25259.92,23342.439,21006.93,25259.92,2108.75,2373.3799,2557.3501,2108.75,2373.3799,2557.3501,2108.75,2373.3799,2557.3501,2217.8999,2402.8101,2594.73,2217.8999,2402.8101,2594.73,2217.8999,2402.8101,2594.73,247.33,281.98001,313.51001,247.33,281.98001,313.51001,247.33,281.98001,313.51001,258.79001,285.35001,307.06,258.79001,285.35001,307.06,258.79001,285.35001,307.06,855,961.67999,1029.54,855,961.67999,1029.54,855,961.67999,1029.54,906.45001,973.26001,1048.2,906.45001,973.26001,1048.2,906.45001,973.26001,1048.2,70.610001,80.510002,89.519997,70.610001,80.510002,89.519997,70.610001,80.510002,89.519997,73.889999,81.470001,87.669998,73.889999,81.470001,87.669998,73.889999,81.470001,87.669998,138789.28,158738.02,175571.13,138789.28,158738.02,175571.13,138789.28,158738.02,175571.13,144473.56,160440.91,173427.88,144473.56,160440.91,173427.88,144473.56,160440.91,173427.88,1.0700001,1.1,1.13,1.0700001,1.1,1.13,1.0700001,1.1,1.13,1.08,1.1,1.12,1.08,1.1,1.12,1.08,1.1,1.12,1.27,1.3099999,1.35,1.27,1.3099999,1.35,1.27,1.3099999,1.35,1.29,1.3099999,1.33,1.29,1.3099999,1.33,1.29,1.3099999,1.33,.26874191,.27324328,.26099381,.26874191,.27324328,.26099381,.26874191,.27324328,.26099381,.26916638,.27847955,.26797393,.26916638,.27847955,.26797393,.26916638,.27847955,.26797393,189.98169,68157.422,358.75784,22264.512,56360,56360,56360,98,98,98,1299022,1299022,1299022,6408,6408,6408,1.5293384,1.5293384,1.5293384,167.9077,7854.3999,46.77808,4584.252,,,,,,,,,,,,,,,,,,,,65.387756,23.048651,,,391.15268,335.03381,,,,,372.10422,306.52615,372.10422,306.52615,372.10422,306.52615,65.387756,23.048651,,,1,,2.3890648,2.3890648,2.3890648,.63326532,.63326532,.63326532,1,,1,,14.2915,,,3.6037436,3.6037436,3.6037436,1,,1,,2.3890648,2.3890648,2.3890648,.82801688,.82801688,.82801688,1,,1,,34.727303,,,11.011873,11.011873,11.011873,1,
13Jan2021,Iran,97,56457,194,485,112914,282285,6317,1305339,12634,31585,2610678,6526695,1094388,5923,1.535539,154494,88.133926,6250.3037,168.70255,6686.9453,39.637489,3844.8364,,,,,,,,,,,,,,,,,,,,,,,,10443.964,11999.989,8921.8359,3803.2627,4369.9033,3248.9663,1307.8322,1602.5325,1084.8407,452.26965,535.91193,386.47012,231.73927,,,134879.42,,,209.67639,209.67639,209.67639,134828.27,134828.27,134828.27,97,,,56457,,,87.76506,87.76506,87.76506,56435.582,56435.582,56435.582,63.514771,92287.563,78996.539,114063.38,45203816,51954452,39040364,231.73927,,,134879.42,,,209.67639,209.67639,209.67639,134828.27,134828.27,134828.27,63.514771,,,,,,,231.73927,,,134879.42,,,209.67639,209.67639,209.67639,134828.27,134828.27,134828.27,63.514771,,,,,,,.2749052,,,160.00334,,,.2487327,.2487327,.2487327,159.94264,159.94264,159.94264,.11506814,,,66.973213,,,.10411301,.10411301,.10411301,66.947807,66.947807,66.947807,7.4936638,109.47791,93.711174,135.30991,.25110564,,,,,,,,,366.98276,119074.13,324.4679,75191.953,46729.48,44512.328,49308.84,46729.48,44512.328,49308.84,46729.48,44512.328,49308.84,46392.93,45157.578,48042.25,46392.93,45157.578,48042.25,46392.93,45157.578,48042.25,62.459999,55.459999,66.989998,62.459999,55.459999,66.989998,62.459999,55.459999,66.989998,63.220001,58.720001,68.169998,63.220001,58.720001,68.169998,63.220001,58.720001,68.169998,14328060,13765522,14970358,14328060,13765522,14970358,14328060,13765522,14970358,14351906,13991282,14843691,14351906,13991282,14843691,14351906,13991282,14843691,23394.449,20441.32,25820.4,23394.449,20441.32,25820.4,23394.449,20441.32,25820.4,23637.92,21271.07,25614.07,23637.92,21271.07,25614.07,23637.92,21271.07,25614.07,2142.9399,2411.2,2608.48,2142.9399,2411.2,2608.48,2142.9399,2411.2,2608.48,2248.1799,2440.9399,2631.2,2248.1799,2440.9399,2631.2,2248.1799,2440.9399,2631.2,252.5,288.25,321.01001,252.5,288.25,321.01001,252.5,288.25,321.01001,263.70001,291.63,313.92001,263.70001,291.63,313.92001,263.70001,291.63,313.92001,860.73999,968.03998,1037.49,860.73999,968.03998,1037.49,860.73999,968.03998,1037.49,910.09998,979.69,1055.97,910.09998,979.69,1055.97,910.09998,979.69,1055.97,72.089996,82.300003,91.650002,72.089996,82.300003,91.650002,72.089996,82.300003,91.650002,75.290001,83.269997,89.629997,75.290001,83.269997,89.629997,75.290001,83.269997,89.629997,140853.56,161059.94,177720.31,140853.56,161059.94,177720.31,140853.56,161059.94,177720.31,146499.44,162728.09,176187.81,146499.44,162728.09,176187.81,146499.44,162728.09,176187.81,1.0700001,1.1,1.13,1.0700001,1.1,1.13,1.0700001,1.1,1.13,1.08,1.1,1.12,1.08,1.1,1.12,1.08,1.1,1.12,1.27,1.3099999,1.35,1.27,1.3099999,1.35,1.27,1.3099999,1.35,1.29,1.3099999,1.33,1.29,1.3099999,1.33,1.29,1.3099999,1.33,.2669864,.27131319,.259446,.2669864,.27131319,.259446,.2669864,.27131319,.259446,.26745161,.27605569,.26614279,.26745161,.27605569,.26614279,.26745161,.27605569,.26614279,189.98169,68157.422,358.75784,22408.014,56457,56457,56457,97,97,97,1305339,1305339,1305339,6317,6317,6317,1.535539,1.535539,1.535539,167.9077,7854.3999,46.77808,4537.4736,,,,,,,,,,,,,,,,,,,,65.123711,23.120941,,,398.23877,335.14243,,,,,374.5509,306.61716,374.5509,306.61716,374.5509,306.61716,65.123711,23.120941,,,1,,2.3890648,2.3890648,2.3890648,.6439175,.6439175,.6439175,1,,1,,14.609397,,,3.7034113,3.7034113,3.7034113,1,,1,,2.3890646,2.3890646,2.3890646,.82770038,.82770038,.82770038,1,,1,,34.629944,,,10.976505,10.976505,10.976505,1,
14Jan2021,Iran,81,56538,162,405,113076,282690,6471,1311810,12942,32355,2623620,6559050,1101599,7211,1.2517385,153673,88.285713,6241.1606,168.70255,6686.9453,39.637489,3210.6367,,,,,,,,,,,,,,,,,,,,,,,,10466.713,12118.9,8944.6963,3741.4966,4332.0977,3197.427,1314.063,1622.5426,1083.2023,453.82925,541.3642,385.6893,193.51424,,,135072.94,,,209.1701,209.1701,209.1701,135037.42,135037.42,135037.42,81,,,56538,,,87.553139,87.553139,87.553139,56523.137,56523.137,56523.137,63.492416,92971.703,79814.648,114107.63,45296788,52068560,39120176,193.51424,,,135072.94,,,209.1701,209.1701,209.1701,135037.42,135037.42,135037.42,63.492416,,,,,,,193.51424,,,135072.94,,,209.1701,209.1701,209.1701,135037.42,135037.42,135037.42,63.492416,,,,,,,.22956002,,,160.23289,,,.24813209,.24813209,.24813209,160.19077,160.19077,160.19077,.096087821,,,67.069298,,,.10386161,.10386161,.10386161,67.051666,67.051666,67.051666,7.6763496,110.28948,94.681679,135.3624,.20814316,,,,,,,,,366.98276,119074.13,324.4679,62789.156,46792.5,44576.801,49370.82,46792.5,44576.801,49370.82,46792.5,44576.801,49370.82,46456.719,45221.941,48106.18,46456.719,45221.941,48106.18,46456.719,45221.941,48106.18,63.009998,55.959999,67.550003,63.009998,55.959999,67.550003,63.009998,55.959999,67.550003,63.790001,59.110001,68.830002,63.790001,59.110001,68.830002,63.790001,59.110001,68.830002,14351774,13788620,14993218,14351774,13788620,14993218,14351774,13788620,14993218,14375857,14015840,14868227,14375857,14015840,14868227,14375857,14015840,14868227,23713.25,20782.92,26106.77,23713.25,20782.92,26106.77,23713.25,20782.92,26106.77,23950.641,21550.01,25948.789,23950.641,21550.01,25948.789,23950.641,21550.01,25948.789,2176.76,2452.1001,2665.24,2176.76,2452.1001,2665.24,2176.76,2452.1001,2665.24,2281.3999,2482.1001,2668.8701,2281.3999,2482.1001,2668.8701,2281.3999,2482.1001,2668.8701,257.32999,294.01999,326.84,257.32999,294.01999,326.84,257.32999,294.01999,326.84,268.17001,297.38,320.35001,268.17001,297.38,320.35001,268.17001,297.38,320.35001,868.13,976.17999,1050.12,868.13,976.17999,1050.12,868.13,976.17999,1050.12,915.46997,987.90002,1065.6,915.46997,987.90002,1065.6,915.46997,987.90002,1065.6,73.480003,83.949997,93.32,73.480003,83.949997,93.32,73.480003,83.949997,93.32,76.57,84.910004,91.470001,76.57,84.910004,91.470001,76.57,84.910004,91.470001,143284.64,163424.06,179903.14,143284.64,163424.06,179903.14,143284.64,163424.06,179903.14,148561.56,165055.77,178791.22,148561.56,165055.77,178791.22,148561.56,165055.77,178791.22,1.0700001,1.1,1.13,1.0700001,1.1,1.13,1.0700001,1.1,1.13,1.08,1.1,1.12,1.08,1.1,1.12,1.08,1.1,1.12,1.27,1.3099999,1.35,1.27,1.3099999,1.35,1.27,1.3099999,1.35,1.29,1.3099999,1.33,1.29,1.3099999,1.33,1.29,1.3099999,1.33,.2657164,.26925957,.25874516,.2657164,.26925957,.25874516,.2657164,.26925957,.25874516,.26633942,.27429223,.26525325,.26633942,.27429223,.26525325,.26633942,.27429223,.26525325,189.98169,68157.422,358.75784,22605.332,56538,56538,56538,81,81,81,1311810,1311810,1311810,6471,6471,6471,1.2517385,1.2517385,1.2517385,167.9077,7854.3999,46.77808,3789.0244,,,,,,,,,,,,,,,,,,,,79.888885,23.202271,,,480.43857,335.35059,,,,,376.34106,306.711,376.34106,306.711,376.34106,306.711,79.888885,23.202271,,,1,,2.3890646,2.3890646,2.3890646,.77790123,.77790123,.77790123,1,,1,,14.36744,,,3.6645417,3.6645417,3.6645417,1,,1,,2.3890646,2.3890646,2.3890646,.82762921,.82762921,.82762921,1,,1,,34.529991,,,10.940436,10.940436,10.940436,1,
15Jan2021,Iran,83,56621,166,415,113242,283105,6485,1318295,12970,32425,2636590,6591475,1107011,5412,1.2798766,154663,88.214287,6215.375,168.70255,6686.9453,39.637489,3289.9116,,,,,,,,,,,,,,,,,,,,,,,,10522.036,12211.083,8914.4453,3744.3923,4345.46,3172.312,1321.4429,1642.9238,1083.6604,455.29022,546.43304,385.17853,198.29237,,,135271.23,,,208.43973,208.43973,208.43973,135245.88,135245.88,135245.88,83,,,56621,,,87.247421,87.247421,87.247421,56610.383,56610.383,56610.383,63.505596,93622.953,80449.477,113949.62,45390412,52182512,39200628,198.29237,,,135271.23,,,208.43973,208.43973,208.43973,135245.88,135245.88,135245.88,63.505596,,,,,,,198.29237,,,135271.23,,,208.43973,208.43973,208.43973,135245.88,135245.88,135245.88,63.505596,,,,,,,.23522817,,,160.46812,,,.24726568,.24726568,.24726568,160.43803,160.43803,160.43803,.098460361,,,67.167763,,,.10349895,.10349895,.10349895,67.155167,67.155167,67.155167,7.6929574,111.06204,95.434753,135.17494,.21179889,,,,,,,,,366.98276,119074.13,324.4679,64339.508,46856.211,44641.781,49433.371,46856.211,44641.781,49433.371,46856.211,44641.781,49433.371,46521.219,45287.148,48170.898,46521.219,45287.148,48170.898,46521.219,45287.148,48170.898,63.720001,56.599998,68.559998,63.720001,56.599998,68.559998,63.720001,56.599998,68.559998,64.5,59.630001,69.639999,64.5,59.630001,69.639999,64.5,59.630001,69.639999,14375822,13811966,15016397,14375822,13811966,15016397,14375822,13811966,15016397,14400136,14040725,14893157,14400136,14040725,14893157,14400136,14040725,14893157,24048.02,21157.26,26410.109,24048.02,21157.26,26410.109,24048.02,21157.26,26410.109,24279.369,21842.6,26317.1,24279.369,21842.6,26317.1,24279.369,21842.6,26317.1,2210.23,2495.0901,2724.1899,2210.23,2495.0901,2724.1899,2210.23,2495.0901,2724.1899,2316.6799,2525.3,2715.1499,2316.6799,2525.3,2715.1499,2316.6799,2525.3,2715.1499,261.89999,299.38,332.14001,261.89999,299.38,332.14001,261.89999,299.38,332.14001,272.84,302.70999,326.54001,272.84,302.70999,326.54001,272.84,302.70999,326.54001,876.90002,985.78003,1064.72,876.90002,985.78003,1064.72,876.90002,985.78003,1064.72,922.27002,997.56,1073.85,922.27002,997.56,1073.85,922.27002,997.56,1073.85,74.779999,85.480003,94.839996,74.779999,85.480003,94.839996,74.779999,85.480003,94.839996,77.900002,86.43,93.239998,77.900002,86.43,93.239998,77.900002,86.43,93.239998,145941.63,165827.31,182115.97,145941.63,165827.31,182115.97,145941.63,165827.31,182115.97,150657.28,167420.75,181470.55,150657.28,167420.75,181470.55,150657.28,167420.75,181470.55,1.0700001,1.1,1.13,1.0700001,1.1,1.13,1.0700001,1.1,1.13,1.08,1.1,1.12,1.08,1.1,1.12,1.08,1.1,1.12,1.27,1.3099999,1.35,1.27,1.3099999,1.35,1.27,1.3099999,1.35,1.29,1.3099999,1.33,1.29,1.3099999,1.33,1.29,1.3099999,1.33,.26496986,.26752046,.25959754,.26496986,.26752046,.25959754,.26496986,.26752046,.25959754,.26565763,.27299863,.26461881,.26565763,.27299863,.26461881,.26565763,.27299863,.26461881,189.98169,68157.422,358.75784,22860.051,56621,56621,56621,83,83,83,1318295,1318295,1318295,6485,6485,6485,1.2798766,1.2798766,1.2798766,167.9077,7854.3999,46.77808,3882.5806,,,,,,,,,,,,,,,,,,,,78.13253,23.282793,,,472.146,335.55112,,,,,377.40143,306.80719,377.40143,306.80719,377.40143,306.80719,78.13253,23.282793,,,1,,2.3890648,2.3890648,2.3890648,.76771086,.76771086,.76771086,1,,1,,14.436847,,,3.7082529,3.7082529,3.7082529,1,,1,,2.3890648,2.3890648,2.3890648,.82754123,.82754123,.82754123,1,,1,,34.431149,,,10.90486,10.90486,10.90486,1,
16Jan2021,Iran,96,56717,192,480,113434,283585,6100,1324395,12200,30500,2648790,6621975,1113224,6213,1.5737705,154454,87.794647,6179.75,168.70255,6686.9453,39.637489,3805.199,,,,,,,,,,,,,,,,,,,,,,,,10622.581,12428.096,8949.8486,3820.9001,4470.3364,3219.2251,1329.8197,1663.0875,1085.9657,456.82437,551.31812,385.09512,229.3502,,,135500.58,,,207.54558,207.54558,207.54558,135453.41,135453.41,135453.41,96,,,56717,,,86.873154,86.873154,86.873154,56697.258,56697.258,56697.258,63.558376,94232.594,80970.719,113597.64,45484644,52296108,39281596,229.3502,,,135500.58,,,207.54558,207.54558,207.54558,135453.41,135453.41,135453.41,63.558376,,,,,,,229.3502,,,135500.58,,,207.54558,207.54558,207.54558,135453.41,135453.41,135453.41,63.558376,,,,,,,.27207112,,,160.74019,,,.24620499,.24620499,.24620499,160.68425,160.68425,160.68425,.11388186,,,67.281639,,,.10305497,.10305497,.10305497,67.258224,67.258224,67.258224,7.2362432,111.78525,96.053085,134.7574,.24338734,,,,,,,,,366.98276,119074.13,324.4679,74416.781,46920.75,44707.359,49496.629,46920.75,44707.359,49496.629,46920.75,44707.359,49496.629,46586.539,45353.352,48236.539,46586.539,45353.352,48236.539,46586.539,45353.352,48236.539,64.540001,57.349998,69.699997,64.540001,57.349998,69.699997,64.540001,57.349998,69.699997,65.330002,60.259998,70.459999,65.330002,60.259998,70.459999,65.330002,60.259998,70.459999,14400217,13835570,15039906,14400217,13835570,15039906,14400217,13835570,15039906,14424757,14066196,14918494,14424757,14066196,14918494,14424757,14066196,14918494,24395,21534.279,26725.85,24395,21534.279,26725.85,24395,21534.279,26725.85,24620.23,22145.57,26709.17,24620.23,22145.57,26709.17,24620.23,22145.57,26709.17,2245.27,2539.4099,2784.3899,2245.27,2539.4099,2784.3899,2245.27,2539.4099,2784.3899,2350.4099,2569.78,2763.97,2350.4099,2569.78,2763.97,2350.4099,2569.78,2763.97,266.29001,304.45999,337.06,266.29001,304.45999,337.06,266.29001,304.45999,337.06,277.26999,307.75,332.42999,277.26999,307.75,332.42999,277.26999,307.75,332.42999,886.81,996.56,1080.7,886.81,996.56,1080.7,886.81,996.56,1080.7,930.23999,1008.39,1083.3199,930.23999,1008.39,1083.3199,930.23999,1008.39,1083.3199,76.040001,86.940002,96.239998,76.040001,86.940002,96.239998,76.040001,86.940002,96.239998,79.169998,87.870003,94.919998,79.169998,87.870003,94.919998,79.169998,87.870003,94.919998,148563.3,168268.08,184356.75,148563.3,168268.08,184356.75,148563.3,168268.08,184356.75,152785.19,169821.34,184224.27,152785.19,169821.34,184224.27,152785.19,169821.34,184224.27,1.0700001,1.1,1.13,1.0700001,1.1,1.13,1.0700001,1.1,1.13,1.08,1.1,1.12,1.08,1.1,1.12,1.08,1.1,1.12,1.27,1.3099999,1.35,1.27,1.3099999,1.35,1.27,1.3099999,1.35,1.29,1.3099999,1.33,1.29,1.3099999,1.33,1.29,1.3099999,1.33,.26456243,.26631957,.26079619,.26456243,.26631957,.26079619,.26456243,.26631957,.26079619,.26535091,.27210858,.26380453,.26535091,.27210858,.26380453,.26535091,.27210858,.26380453,189.98169,68157.422,358.75784,23154.232,56717,56717,56717,96,96,96,1324395,1324395,1324395,6100,6100,6100,1.5737705,1.5737705,1.5737705,167.9077,7854.3999,46.77808,4490.6958,,,,,,,,,,,,,,,,,,,,63.541668,23.350935,,,410.86771,335.67859,,,,,377.98264,306.90509,377.98264,306.90509,377.98264,306.90509,63.541668,23.350935,,,1,,2.3890646,2.3890646,2.3890646,.6722917,.6722917,.6722917,1,,1,,15.447967,,,3.9991803,3.9991803,3.9991803,1,,1,,2.3890646,2.3890646,2.3890646,.82727844,.82727844,.82727844,1,,1,,34.343716,,,10.873053,10.873053,10.873053,1,
17Jan2021,Iran,86,56803,172,430,113606,284015,6016,1330411,12032,30080,2660822,6652055,1119137,5913,1.4295213,154471,86.964287,6145.8569,168.70255,6686.9453,39.637489,3408.824,,,,,,,,,,,,,,,,,,,,,,,,10747.285,12709.407,9037.1895,3871.9373,4578.833,3255.8386,1339.0394,1678.668,1093.3613,458.61417,555.84296,386.01813,205.45956,,,135706.05,,,206.54955,206.54955,206.54955,135659.97,135659.97,135659.97,86,,,56803,,,86.456238,86.456238,86.456238,56783.715,56783.715,56783.715,63.647675,94793.055,81500.625,113066.9,45579436,52409176,39363100,205.45956,,,135706.05,,,206.54955,206.54955,206.54955,135659.97,135659.97,135659.97,63.647675,,,,,,,205.45956,,,135706.05,,,206.54955,206.54955,206.54955,135659.97,135659.97,135659.97,63.647675,,,,,,,.2437304,,,160.98393,,,.24502341,.24502341,.24502341,160.92926,160.92926,160.92926,.10201917,,,67.383659,,,.10256039,.10256039,.10256039,67.360786,67.360786,67.360786,7.1365967,112.4501,96.681702,134.12781,.21674538,,,,,,,,,366.98276,119074.13,324.4679,66665.031,46986.199,44773.641,49560.68,46986.199,44773.641,49560.68,46986.199,44773.641,49560.68,46652.789,45420.621,48303.199,46652.789,45420.621,48303.199,46652.789,45420.621,48303.199,65.449997,58.18,71,65.449997,58.18,71,65.449997,58.18,71,66.25,60.98,71.290001,66.25,60.98,71.290001,66.25,60.98,71.290001,14424968,13859440,15063754,14424968,13859440,15063754,14424968,13859440,15063754,14449727,14092134,14944250,14449727,14092134,14944250,14449727,14092134,14944250,24751,21920.68,27050.07,24751,21920.68,27050.07,24751,21920.68,27050.07,24969.939,22456.221,27120.18,24969.939,22456.221,27120.18,24969.939,22456.221,27120.18,2281.4199,2584.54,2845.22,2281.4199,2584.54,2845.22,2281.4199,2584.54,2845.22,2384.0901,2614.98,2813.72,2384.0901,2614.98,2813.72,2384.0901,2614.98,2813.72,270.57999,309.37,341.73999,270.57999,309.37,341.73999,270.57999,309.37,341.73999,281.54999,312.60001,338.23999,281.54999,312.60001,338.23999,281.54999,312.60001,338.23999,896.54999,1008.33,1098.03,896.54999,1008.33,1098.03,896.54999,1008.33,1098.03,939.17999,1020.18,1095.74,939.17999,1020.18,1095.74,939.17999,1020.18,1095.74,77.260002,88.339996,97.580002,77.260002,88.339996,97.580002,77.260002,88.339996,97.580002,80.389999,89.260002,96.580002,80.389999,89.260002,96.580002,80.389999,89.260002,96.580002,151234.92,170745.59,186624.42,151234.92,170745.59,186624.42,151234.92,170745.59,186624.42,154944.61,172256.73,187067.94,154944.61,172256.73,187067.94,154944.61,172256.73,187067.94,1.0700001,1.1,1.13,1.0700001,1.1,1.13,1.0700001,1.1,1.13,1.08,1.1,1.12,1.08,1.1,1.12,1.08,1.1,1.12,1.27,1.3099999,1.35,1.27,1.3099999,1.35,1.27,1.3099999,1.35,1.29,1.3099999,1.33,1.29,1.3099999,1.33,1.29,1.3099999,1.33,.26443374,.26541147,.26247621,.26443374,.26541147,.26247621,.26443374,.26541147,.26247621,.26531902,.2715506,.262867,.26531902,.2715506,.262867,.26531902,.2715506,.262867,189.98169,68157.422,358.75784,23480.699,56803,56803,56803,86,86,86,1330411,1330411,1330411,6016,6016,6016,1.4295213,1.4295213,1.4295213,167.9077,7854.3999,46.77808,4022.9148,,,,,,,,,,,,,,,,,,,,69.953491,23.421492,,,461.37085,335.86887,,,,,378.16656,307.00436,378.16656,307.00436,378.16656,307.00436,69.953491,23.421492,,,1,,2.3890648,2.3890648,2.3890648,.76104647,.76104647,.76104647,1,,1,,15.756824,,,4.1141953,4.1141953,4.1141953,1,,1,,2.3890648,2.3890648,2.3890648,.82717812,.82717812,.82717812,1,,1,,34.259666,,,10.84249,10.84249,10.84249,1,
18Jan2021,Iran,83,56886,166,415,113772,284430,5806,1336217,11612,29030,2672434,6681085,1125499,6362,1.4295557,153832,86.107147,6117.0444,168.70255,6686.9453,39.637489,3289.9116,,,,,,,,,,,,,,,,,,,,,,,,10872.007,12988.878,9124.4443,3900.1824,4659.5806,3273.2683,1348.9476,1693.4178,1105.802,460.72318,559.4967,389.13748,198.29237,,,135904.33,,,205.51256,205.51256,205.51256,135865.47,135865.47,135865.47,83,,,56886,,,86.022186,86.022186,86.022186,56869.734,56869.734,56869.734,63.76437,95297.609,82016.086,113003.83,45674732,52522180,39445116,198.29237,,,135904.33,,,205.51256,205.51256,205.51256,135865.47,135865.47,135865.47,63.76437,,,,,,,198.29237,,,135904.33,,,205.51256,205.51256,205.51256,135865.47,135865.47,135865.47,63.76437,,,,,,,.23522817,,,161.21915,,,.24379326,.24379326,.24379326,161.17307,161.17307,161.17307,.098460361,,,67.482124,,,.10204549,.10204549,.10204549,67.46283,67.46283,67.46283,6.8874803,113.04865,97.293175,134.05298,.20807697,,,,,,,,,366.98276,119074.13,324.4679,64339.508,47052.641,44840.691,49625.609,47052.641,44840.691,49625.609,47052.641,44840.691,49625.609,46720.031,45489.039,48370.949,46720.031,45489.039,48370.949,46720.031,45489.039,48370.949,66.440002,58.939999,72.389999,66.440002,58.939999,72.389999,66.440002,58.939999,72.389999,67.239998,61.77,72.290001,67.239998,61.77,72.290001,67.239998,61.77,72.290001,14450082,13883578,15087946,14450082,13883578,15087946,14450082,13883578,15087946,14475053,14118463,14970433,14475053,14118463,14970433,14475053,14118463,14970433,25114.01,22315.289,27380.289,25114.01,22315.289,27380.289,25114.01,22315.289,27380.289,25326.43,22764.471,27550.189,25326.43,22764.471,27550.189,25326.43,22764.471,27550.189,2318.3701,2630.1001,2906.24,2318.3701,2630.1001,2906.24,2318.3701,2630.1001,2906.24,2417.8101,2660.55,2864.03,2417.8101,2660.55,2864.03,2417.8101,2660.55,2864.03,275.07001,314.17999,346.26999,275.07001,314.17999,346.26999,275.07001,314.17999,346.26999,285.75,317.35001,343.98001,285.75,317.35001,343.98001,285.75,317.35001,343.98001,906,1020.89,1116.1899,906,1020.89,1116.1899,906,1020.89,1116.1899,947.89001,1032.75,1109.86,947.89001,1032.75,1109.86,947.89001,1032.75,1109.86,78.550003,89.709999,98.870003,78.550003,89.709999,98.870003,78.550003,89.709999,98.870003,81.589996,90.620003,98.230003,81.589996,90.620003,98.230003,81.589996,90.620003,98.230003,153956.78,173259.66,188918.44,153956.78,173259.66,188918.44,153956.78,173259.66,188918.44,157092.52,174726.69,190043.77,157092.52,174726.69,190043.77,157092.52,174726.69,190043.77,1.0700001,1.1,1.13,1.0700001,1.1,1.13,1.0700001,1.1,1.13,1.08,1.1,1.12,1.08,1.1,1.12,1.08,1.1,1.12,1.27,1.3099999,1.35,1.27,1.3099999,1.35,1.27,1.3099999,1.35,1.29,1.3099999,1.33,1.29,1.3099999,1.33,1.29,1.3099999,1.33,.26455355,.26412383,.26438728,.26455355,.26412383,.26438728,.26455355,.26412383,.26438728,.26549339,.27134389,.26239383,.26549339,.27134389,.26239383,.26549339,.27134389,.26239383,189.98169,68157.422,358.75784,23835.871,56886,56886,56886,83,83,83,1336217,1336217,1336217,5806,5806,5806,1.4295557,1.4295557,1.4295557,167.9077,7854.3999,46.77808,3882.5806,,,,,,,,,,,,,,,,,,,,69.951805,23.489382,,,480.5914,336.08005,,,,,377.99533,307.10458,377.99533,307.10458,377.99533,307.10458,69.951805,23.489382,,,1,,2.3890648,2.3890648,2.3890648,.80048198,.80048198,.80048198,1,,1,,16.413643,,,4.3255272,4.3255272,4.3255272,1,,1,,2.3890646,2.3890646,2.3890646,.8271392,.8271392,.8271392,1,,1,,34.182121,,,10.814173,10.814173,10.814173,1,
19Jan2021,Iran,87,56973,174,435,113946,284865,5917,1342134,11834,29585,2684268,6710670,1131883,6384,1.4703397,153278,85.276787,6103,168.70255,6686.9453,39.637489,3448.4617,,,,,,,,,,,,,,,,,,,,,,,,11111.857,13404.337,9291.6602,3947.3545,4761.7305,3300.7512,1359.3907,1707.0493,1119.8801,463.13052,563.07892,392.91336,207.84862,,,136112.19,,,204.49446,204.49446,204.49446,136069.97,136069.97,136069.97,87,,,56973,,,85.596031,85.596031,85.596031,56955.332,56955.332,56955.332,63.895748,95741.023,82512.313,112995.04,45770476,52635176,39527628,207.84862,,,136112.19,,,204.49446,204.49446,204.49446,136069.97,136069.97,136069.97,63.895748,,,,,,,207.84862,,,136112.19,,,204.49446,204.49446,204.49446,136069.97,136069.97,136069.97,63.895748,,,,,,,.24656446,,,161.46571,,,.24258552,.24258552,.24258552,161.41565,161.41565,161.41565,.10320544,,,67.585327,,,.10153995,.10153995,.10153995,67.564369,67.564369,67.564369,7.019156,113.57465,97.881828,134.04256,.21709463,,,,,,,,,366.98276,119074.13,324.4679,67440.203,47120.129,44908.551,49691.461,47120.129,44908.551,49691.461,47120.129,44908.551,49691.461,46788.32,45558.66,48439.879,46788.32,45558.66,48439.879,46788.32,45558.66,48439.879,67.489998,59.75,73.839996,67.489998,59.75,73.839996,67.489998,59.75,73.839996,68.290001,62.540001,73.449997,68.290001,62.540001,73.449997,68.290001,62.540001,73.449997,14475565,13907990,15112488,14475565,13907990,15112488,14475565,13907990,15112488,14500742,14144974,14997049,14500742,14144974,14997049,14500742,14144974,14997049,25482.99,22717.551,27766.449,25482.99,22717.551,27766.449,25482.99,22717.551,27766.449,25688.609,23067.77,27987.369,25688.609,23067.77,27987.369,25688.609,23067.77,27987.369,2355.9099,2675.8701,2967.21,2355.9099,2675.8701,2967.21,2355.9099,2675.8701,2967.21,2451.3501,2706.24,2914.6599,2451.3501,2706.24,2914.6599,2451.3501,2706.24,2914.6599,280.29999,318.97,350.73001,280.29999,318.97,350.73001,280.29999,318.97,350.73001,289.92001,322.07001,349.17001,289.92001,322.07001,349.17001,289.92001,322.07001,349.17001,916.21002,1034.14,1135.01,916.21002,1034.14,1135.01,916.21002,1034.14,1135.01,956.65002,1045.99,1124.72,956.65002,1045.99,1124.72,956.65002,1045.99,1124.72,80.040001,91.080002,100.15,80.040001,91.080002,100.15,80.040001,91.080002,100.15,82.790001,91.970001,99.699997,82.790001,91.970001,99.699997,82.790001,91.970001,99.699997,156729.36,175810.3,191520.19,156729.36,175810.3,191520.19,156729.36,175810.3,191520.19,159188,177231.14,193064.41,159188,177231.14,193064.41,159188,177231.14,193064.41,1.0700001,1.1,1.13,1.0700001,1.1,1.13,1.0700001,1.1,1.13,1.08,1.1,1.12,1.08,1.1,1.12,1.08,1.1,1.12,1.27,1.3099999,1.35,1.27,1.3099999,1.35,1.27,1.3099999,1.35,1.29,1.3099999,1.33,1.29,1.3099999,1.33,1.29,1.3099999,1.33,.26484331,.2630125,.26593244,.26484331,.2630125,.26593244,.26484331,.2630125,.26593244,.26583767,.2711142,.26243982,.26583767,.2711142,.26243982,.26583767,.2711142,.26243982,189.98169,68157.422,358.75784,24212.566,56973,56973,56973,87,87,87,1342134,1342134,1342134,5917,5917,5917,1.4703397,1.4703397,1.4703397,167.9077,7854.3999,46.77808,4069.6929,,,,,,,,,,,,,,,,,,,,68.011497,23.557369,,,460.62863,336.27023,,,,,377.58173,307.20554,377.58173,307.20554,377.58173,307.20554,68.011497,23.557369,,,1,,2.3890646,2.3890646,2.3890646,.77574712,.77574712,.77574712,1,,1,,16.18067,,,4.3067417,4.3067417,4.3067417,1,,1,,2.3890648,2.3890648,2.3890648,.8270607,.8270607,.8270607,1,,1,,34.10276,,,10.785484,10.785484,10.785484,1,
20Jan2021,Iran,84,57057,168,420,114114,285285,6182,1348316,12364,30910,2696632,6741580,1137812,5929,1.3587836,153447,84.473213,6107.3569,168.70255,6686.9453,39.637489,3329.5491,,,,,,,,,,,,,,,,,,,,,,,,11087.789,13497.13,9244.4063,4075.3513,4960.9121,3397.8103,1370.2158,1719.2676,1135.5834,465.81421,566.53491,397.29657,200.68143,,,136312.86,,,203.55389,203.55389,203.55389,136273.53,136273.53,136273.53,84,,,57057,,,85.202339,85.202339,85.202339,57040.535,57040.535,57040.535,64.028374,96119.719,83041.352,113555.3,45866596,52748728,39610668,200.68143,,,136312.86,,,203.55389,203.55389,203.55389,136273.53,136273.53,136273.53,64.028374,,,,,,,200.68143,,,136312.86,,,203.55389,203.55389,203.55389,136273.53,136273.53,136273.53,64.028374,,,,,,,.23806225,,,161.70378,,,.24146976,.24146976,.24146976,161.65712,161.65712,161.65712,.099646628,,,67.684975,,,.10107293,.10107293,.10107293,67.665443,67.665443,67.665443,7.3335176,114.02388,98.509415,134.70718,.20878279,,,,,,,,,366.98276,119074.13,324.4679,65114.68,47188.699,44977.27,49758.281,47188.699,44977.27,49758.281,47188.699,44977.27,49758.281,46857.691,45629.52,48510.012,46857.691,45629.52,48510.012,46857.691,45629.52,48510.012,68.57,60.610001,75.330002,68.57,60.610001,75.330002,68.57,60.610001,75.330002,69.379997,63.330002,74.660004,69.379997,63.330002,74.660004,69.379997,63.330002,74.660004,14501422,13932677,15137385,14501422,13932677,15137385,14501422,13932677,15137385,14526798,14171428,15024108,14526798,14171428,15024108,14526798,14171428,15024108,25857.49,23127.279,28228.131,25857.49,23127.279,28228.131,25857.49,23127.279,28228.131,26056.02,23375.279,28431.27,26056.02,23375.279,28431.27,26056.02,23375.279,28431.27,2393.9099,2721.72,3022.1899,2393.9099,2721.72,3022.1899,2393.9099,2721.72,3022.1899,2488.02,2751.95,2965.46,2488.02,2751.95,2965.46,2488.02,2751.95,2965.46,285.51999,323.75,355.16,285.51999,323.75,355.16,285.51999,323.75,355.16,294.10001,326.78,354.57001,294.10001,326.78,354.57001,294.10001,326.78,354.57001,927.08002,1047.97,1154.4,927.08002,1047.97,1154.4,927.08002,1047.97,1154.4,965.84998,1059.78,1140.23,965.84998,1059.78,1140.23,965.84998,1059.78,1140.23,81.529999,92.449997,101.41,81.529999,92.449997,101.41,81.529999,92.449997,101.41,83.980003,93.309998,101.25,83.980003,93.309998,101.25,83.980003,93.309998,101.25,159553.23,178397.69,194708.81,159553.23,178397.69,194708.81,159553.23,178397.69,194708.81,161311.63,179770.27,196130.06,161311.63,179770.27,196130.06,161311.63,179770.27,196130.06,1.0700001,1.1,1.13,1.0700001,1.1,1.13,1.0700001,1.1,1.13,1.08,1.1,1.12,1.08,1.1,1.12,1.08,1.1,1.12,1.27,1.3099999,1.35,1.27,1.3099999,1.35,1.27,1.3099999,1.35,1.29,1.3099999,1.33,1.29,1.3099999,1.33,1.29,1.3099999,1.33,.26518428,.26207146,.26686147,.26518428,.26207146,.26686147,.26518428,.26207146,.26686147,.26627243,.27092725,.26259822,.26627243,.27092725,.26259822,.26627243,.27092725,.26259822,189.98169,68157.422,358.75784,24600.025,57057,57057,57057,84,84,84,1348316,1348316,1348316,6182,6182,6182,1.3587836,1.3587836,1.3587836,167.9077,7854.3999,46.77808,3929.3586,,,,,,,,,,,,,,,,,,,,73.595238,23.631035,,,478.96667,336.48032,,,,,377.09625,307.3071,377.09625,307.3071,377.09625,307.3071,73.595238,23.631035,,,1,,2.3890646,2.3890646,2.3890646,.81630951,.81630951,.81630951,1,,1,,15.548321,,,4.1827064,4.1827064,4.1827064,1,,1,,2.3890646,2.3890646,2.3890646,.82704484,.82704484,.82704484,1,,1,,34.017689,,,10.75521,10.75521,10.75521,1,
21Jan2021,Iran,93,57150,186,465,114300,285750,6204,1354520,12408,31020,2709040,6772600,1144549,6737,1.4990329,152821,84.142853,6128.1069,168.70255,6686.9453,39.637489,3686.2866,,,,,,,,,,,,,,,,,,,,,,,,11362.733,13948.842,9446.1514,4178.5547,5129.5757,3473.7471,1381.2698,1729.7734,1152.7925,468.74658,569.79852,402.23413,222.18301,,,136535.05,,,202.74309,202.74309,202.74309,136476.27,136476.27,136476.27,93,,,57150,,,84.862961,84.862961,84.862961,57125.398,57125.398,57125.398,64.150703,96431.094,83521.43,113921.06,45963024,52862652,39694188,222.18301,,,136535.05,,,202.74309,202.74309,202.74309,136476.27,136476.27,136476.27,64.150703,,,,,,,222.18301,,,136535.05,,,202.74309,202.74309,202.74309,136476.27,136476.27,136476.27,64.150703,,,,,,,.26356891,,,161.96735,,,.24050793,.24050793,.24050793,161.89763,161.89763,161.89763,.11032306,,,67.795296,,,.10067033,.10067033,.10067033,67.766113,67.766113,67.766113,7.3596153,114.39326,99.078918,135.14107,.23040599,,,,,,,,,366.98276,119074.13,324.4679,72091.258,47258.398,45046.852,49826.121,47258.398,45046.852,49826.121,47258.398,45046.852,49826.121,46928.191,45701.648,48581.41,46928.191,45701.648,48581.41,46928.191,45701.648,48581.41,69.690002,61.509998,76.849998,69.690002,61.509998,76.849998,69.690002,61.509998,76.849998,70.5,64.139999,75.900002,70.5,64.139999,75.900002,70.5,64.139999,75.900002,14527660,13957644,15162643,14527660,13957644,15162643,14527660,13957644,15162643,14553226,14198259,15051614,14553226,14198259,15051614,14553226,14198259,15051614,26237.391,23537.15,28697.039,26237.391,23537.15,28697.039,26237.391,23537.15,28697.039,26428.529,23686.891,28881.77,26428.529,23686.891,28881.77,26428.529,23686.891,28881.77,2432.3,2767.6101,3067.1899,2432.3,2767.6101,3067.1899,2432.3,2767.6101,3067.1899,2527.53,2797.6101,3016.3799,2527.53,2797.6101,3016.3799,2527.53,2797.6101,3016.3799,290.69,328.57001,359.59,290.69,328.57001,359.59,290.69,328.57001,359.59,298.29999,331.51999,360,298.29999,331.51999,360,298.29999,331.51999,360,938.53998,1062.3101,1174.27,938.53998,1062.3101,1174.27,938.53998,1062.3101,1174.27,975.41998,1074.0601,1156.29,975.41998,1074.0601,1156.29,975.41998,1074.0601,1156.29,83.010002,93.82,102.68,83.010002,93.82,102.68,83.010002,93.82,102.68,85.18,94.669998,102.8,85.18,94.669998,102.8,85.18,94.669998,102.8,162378.8,181022.16,197947.16,162378.8,181022.16,197947.16,162378.8,181022.16,197947.16,163463.52,182344.28,199241.09,163463.52,182344.28,199241.09,163463.52,182344.28,199241.09,1.0700001,1.1,1.13,1.0700001,1.1,1.13,1.0700001,1.1,1.13,1.08,1.1,1.12,1.08,1.1,1.12,1.08,1.1,1.12,1.27,1.3099999,1.35,1.27,1.3099999,1.35,1.27,1.3099999,1.35,1.29,1.3099999,1.33,1.29,1.3099999,1.33,1.29,1.3099999,1.33,.26561332,.26133153,.26779765,.26561332,.26133153,.26779765,.26561332,.26133153,.26779765,.26675719,.27078268,.26279554,.26675719,.27078268,.26279554,.26675719,.27078268,.26279554,189.98169,68157.422,358.75784,25001.834,57150,57150,57150,93,93,93,1354520,1354520,1354520,6204,6204,6204,1.4990329,1.4990329,1.4990329,167.9077,7854.3999,46.77808,4350.3613,,,,,,,,,,,,,,,,,,,,66.709679,23.701138,,,434.01651,336.63901,,,,,376.48715,307.40906,376.48715,307.40906,376.48715,307.40906,66.709679,23.701138,,,1,,2.3890646,2.3890646,2.3890646,.74935484,.74935484,.74935484,1,,1,,15.543374,,,4.2291088,4.2291088,4.2291088,1,,1,,2.3890648,2.3890648,2.3890648,.8269186,.8269186,.8269186,1,,1,,33.933071,,,10.72532,10.72532,10.72532,1,
22Jan2021,Iran,75,57225,150,375,114450,286125,6332,1360852,12664,31660,2721704,6804260,1151676,7127,1.1844599,151951,84.04464,6168.1963,168.70255,6686.9453,39.637489,2972.8118,,,,,,,,,,,,,,,,,,,,,,,,11594.798,14344.263,9583.2852,4257.8394,5267.4976,3519.1721,1392.4006,1738.2664,1171.351,471.8114,572.70679,407.58548,179.17986,,,136714.22,,,202.03122,202.03122,202.03122,136678.3,136678.3,136678.3,75,,,57225,,,84.564987,84.564987,84.564987,57209.961,57209.961,57209.961,64.254875,96673.141,83418.773,114403.84,46059700,52977056,39777608,179.17986,,,136714.22,,,202.03122,202.03122,202.03122,136678.3,136678.3,136678.3,64.254875,,,,,,,179.17986,,,136714.22,,,202.03122,202.03122,202.03122,136678.3,136678.3,136678.3,64.254875,,,,,,,.21255557,,,162.1799,,,.23966345,.23966345,.23966345,162.13728,162.13728,162.13728,.088970207,,,67.88427,,,.10031686,.10031686,.10031686,67.866432,67.866432,67.866432,7.5114579,114.6804,98.957138,135.71378,.18534605,,,,,,,,,366.98276,119074.13,324.4679,58138.109,47329.23,45117.34,49894.988,47329.23,45117.34,49894.988,47329.23,45117.34,49894.988,46999.828,45775.07,48654.09,46999.828,45775.07,48654.09,46999.828,45775.07,48654.09,70.839996,62.450001,78.389999,70.839996,62.450001,78.389999,70.839996,62.450001,78.389999,71.639999,64.970001,77.169998,71.639999,64.970001,77.169998,71.639999,64.970001,77.169998,14554282,13982892,15188266,14554282,13982892,15188266,14554282,13982892,15188266,14580032,14225469,15079576,14580032,14225469,15079576,14580032,14225469,15079576,26622.711,23918.141,29175.57,26622.711,23918.141,29175.57,26622.711,23918.141,29175.57,26806.15,24002.609,29338.881,26806.15,24002.609,29338.881,26806.15,24002.609,29338.881,2471.03,2813.51,3112.01,2471.03,2813.51,3112.01,2471.03,2813.51,3112.01,2567.1299,2843.22,3069.7,2567.1299,2843.22,3069.7,2567.1299,2843.22,3069.7,295.92999,333.42999,364.04001,295.92999,333.42999,364.04001,295.92999,333.42999,364.04001,302.53,336.29001,365.66,302.53,336.29001,365.66,302.53,336.29001,365.66,950.53003,1077.1,1194.5699,950.53003,1077.1,1194.5699,950.53003,1077.1,1194.5699,986.71002,1088.77,1172.86,986.71002,1088.77,1172.86,986.71002,1088.77,1172.86,84.510002,95.209999,103.95,84.510002,95.209999,103.95,84.510002,95.209999,103.95,86.389999,96.029999,104.42,86.389999,96.029999,104.42,86.389999,96.029999,104.42,165052.97,183683.97,201248.19,165052.97,183683.97,201248.19,165052.97,183683.97,201248.19,165643.91,184953.45,202397.84,165643.91,184953.45,202397.84,165643.91,184953.45,202397.84,1.0700001,1.1,1.13,1.0700001,1.1,1.13,1.0700001,1.1,1.13,1.08,1.1,1.12,1.08,1.1,1.12,1.08,1.1,1.12,1.27,1.3099999,1.35,1.27,1.3099999,1.35,1.27,1.3099999,1.35,1.29,1.3099999,1.33,1.29,1.3099999,1.33,1.29,1.3099999,1.33,.2660886,.26109889,.2686837,.2660886,.26109889,.2686837,.2660886,.26109889,.2686837,.26725209,.27067891,.26302978,.26725209,.27067891,.26302978,.26725209,.27067891,.26302978,189.98169,68157.422,358.75784,25414.404,57225,57225,57225,75,75,75,1360852,1360852,1360852,6332,6332,6332,1.1844599,1.1844599,1.1844599,167.9077,7854.3999,46.77808,3508.356,,,,,,,,,,,,,,,,,,,,84.426666,23.780725,,,539.53131,336.90497,,,,,375.8147,307.51147,375.8147,307.51147,375.8147,307.51147,84.426666,23.780725,,,1,,2.3890648,2.3890648,2.3890648,.94453329,.94453329,.94453329,1,,1,,15.267394,,,4.2044711,4.2044711,4.2044711,1,,1,,2.3890646,2.3890646,2.3890646,.82707262,.82707262,.82707262,1,,1,,33.846222,,,10.694978,10.694978,10.694978,1,
23Jan2021,Iran,69,57294,138,345,114588,286470,6180,1367032,12360,30900,2734064,6835160,1158475,6799,1.1165049,151263,83.98214,6218.4106,168.70255,6686.9453,39.637489,2734.9868,,,,,,,,,,,,,,,,,,,,,,,,11759.608,14651.245,9669.7676,4362.1343,5434.7642,3586.9243,1403.4604,1744.4465,1191.0942,474.82159,575.02417,412.97455,164.84546,,,136879.08,,,201.32379,201.32379,201.32379,136879.63,136879.63,136879.63,69,,,57294,,,84.268875,84.268875,84.268875,57294.23,57294.23,57294.23,64.337624,96844.609,83384.695,114938.47,46156544,53091992,39860992,164.84546,,,136879.08,,,201.32379,201.32379,201.32379,136879.63,136879.63,136879.63,64.337624,,,,,,,164.84546,,,136879.08,,,201.32379,201.32379,201.32379,136879.63,136879.63,136879.63,64.337624,,,,,,,.19555113,,,162.37546,,,.23882426,.23882426,.23882426,162.37611,162.37611,162.37611,.081852593,,,67.966118,,,.099965595,.099965595,.099965595,67.966393,67.966393,67.966393,7.3311448,114.8838,98.91671,136.34799,.17021646,,,,,,,,,366.98276,119074.13,324.4679,53487.059,47401.238,45188.73,49964.93,47401.238,45188.73,49964.93,47401.238,45188.73,49964.93,47072.629,45849.781,48728.078,47072.629,45849.781,48728.078,47072.629,45849.781,48728.078,72,63.400002,79.940002,72,63.400002,79.940002,72,63.400002,79.940002,72.800003,65.870003,78.459999,72.800003,65.870003,78.459999,72.800003,65.870003,78.459999,14581296,14008425,15214260,14581296,14008425,15214260,14581296,14008425,15214260,14607221,14253065,15108001,14607221,14253065,15108001,14607221,14253065,15108001,27013.48,24216.449,29665.99,27013.48,24216.449,29665.99,27013.48,24216.449,29665.99,27188.891,24322.471,29811.16,27188.891,24322.471,29811.16,27188.891,24322.471,29811.16,2510.1001,2859.45,3156.6599,2510.1001,2859.45,3156.6599,2510.1001,2859.45,3156.6599,2606.8201,2888.8,3123.1499,2606.8201,2888.8,3123.1499,2606.8201,2888.8,3123.1499,301.26999,338.35001,368.54001,301.26999,338.35001,368.54001,301.26999,338.35001,368.54001,306.57001,341.12,371.48999,306.57001,341.12,371.48999,306.57001,341.12,371.48999,962.98999,1092.29,1209.71,962.98999,1092.29,1209.71,962.98999,1092.29,1209.71,999.51001,1103.86,1189.88,999.51001,1103.86,1189.88,999.51001,1103.86,1189.88,86.029999,96.620003,105.23,86.029999,96.620003,105.23,86.029999,96.620003,105.23,87.540001,97.410004,106.08,87.540001,97.410004,106.08,87.540001,97.410004,106.08,167134.97,186363.09,204599.61,167134.97,186363.09,204599.61,167134.97,186363.09,204599.61,167848.14,187581.69,205610,167848.14,187581.69,205610,167848.14,187581.69,205610,.85000002,.88,.89999998,.85000002,.88,.89999998,.85000002,.88,.89999998,.85000002,.87,.89999998,.85000002,.87,.89999998,.85000002,.87,.89999998,1.01,1.04,1.0700001,1.01,1.04,1.0700001,1.01,1.04,1.0700001,1.01,1.04,1.08,1.01,1.04,1.08,1.01,1.04,1.08,.26653358,.26180553,.26946682,.26653358,.26180553,.26946682,.26653358,.26180553,.26946682,.26775643,.27081954,.26319003,.26775643,.27081954,.26319003,.26775643,.27081954,.26319003,189.98169,68157.422,358.75784,25830.564,57294,57294,57294,69,69,69,1367032,1367032,1367032,6180,6180,6180,1.1165049,1.1165049,1.1165049,167.9077,7854.3999,46.77808,3227.6875,,,,,,,,,,,,,,,,,,,,89.565216,23.859951,,,587.4873,337.20673,,,,,375.18723,307.61423,375.18723,307.61423,375.18723,307.61423,89.565216,23.859951,,,1,,2.3890646,2.3890646,2.3890646,1.0434783,1.0434783,1.0434783,1,,1,,15.670649,,,4.3711133,4.3711133,4.3711133,1,,1,,2.3890648,2.3890648,2.3890648,.82733339,.82733339,.82733339,1,,1,,33.764057,,,10.666389,10.666389,10.666389,1,
24Jan2021,Iran,89,57383,178,445,114766,286915,5945,1372977,11890,29725,2745954,6864885,1164794,6319,1.4970564,150800,84.142853,6269.625,168.70255,6686.9453,39.637489,3527.7366,,,,,,,,,,,,,,,,,,,,,,,,12018.102,15071.08,9838.9082,4457.4448,5589.7769,3649.1946,1414.3049,1748.0189,1210.6202,477.59198,576.52179,418.37411,212.62675,,,137091.7,,,200.52602,200.52602,200.52602,137080.14,137080.14,137080.14,89,,,57383,,,83.934944,83.934944,83.934944,57378.164,57378.164,57378.164,64.4002,96945.734,83687.703,115223.94,46253488,53207216,39944680,212.62675,,,137091.7,,,200.52602,200.52602,200.52602,137080.14,137080.14,137080.14,64.4002,,,,,,,212.62675,,,137091.7,,,200.52602,200.52602,200.52602,137080.14,137080.14,137080.14,64.4002,,,,,,,.25223261,,,162.62769,,,.23787788,.23787788,.23787788,162.61398,162.61398,162.61398,.10557798,,,68.071701,,,.099569455,.099569455,.099569455,68.065964,68.065964,68.065964,7.0523715,115.00376,99.276161,136.68663,.21932554,,,,,,,,,366.98276,119074.13,324.4679,68990.555,47474.41,45261.031,50035.949,47474.41,45261.031,50035.949,47474.41,45261.031,50035.949,47146.602,45925.809,48803.41,47146.602,45925.809,48803.41,47146.602,45925.809,48803.41,73.18,64.379997,81.160004,73.18,64.379997,81.160004,73.18,64.379997,81.160004,73.970001,66.879997,79.760002,73.970001,66.879997,79.760002,73.970001,66.879997,79.760002,14608284,14033911,15240229,14608284,14033911,15240229,14608284,14033911,15240229,14634375,14280617,15136431,14634375,14280617,15136431,14634375,14280617,15136431,26987.949,24166.58,29675.65,26987.949,24166.58,29675.65,26987.949,24166.58,29675.65,27153.66,24285.859,29802.85,27153.66,24285.859,29802.85,27153.66,24285.859,29802.85,2549.5,2905.46,3200.98,2549.5,2905.46,3200.98,2549.5,2905.46,3200.98,2646.6201,2934.3701,3174.51,2646.6201,2934.3701,3174.51,2646.6201,2934.3701,3174.51,306.57001,343.23999,374.39999,306.57001,343.23999,374.39999,306.57001,343.23999,374.39999,310.59,345.92001,377.29001,310.59,345.92001,377.29001,310.59,345.92001,377.29001,975.90002,1107.85,1224.62,975.90002,1107.85,1224.62,975.90002,1107.85,1224.62,1012.67,1119.29,1207.77,1012.67,1119.29,1207.77,1012.67,1119.29,1207.77,87.540001,98.010002,106.91,87.540001,98.010002,106.91,87.540001,98.010002,106.91,88.690002,98.779999,107.74,88.690002,98.779999,107.74,88.690002,98.779999,107.74,164279.09,183189.41,201227.34,164279.09,183189.41,201227.34,164279.09,183189.41,201227.34,165015.52,184326.16,202129.05,165015.52,184326.16,202129.05,165015.52,184326.16,202129.05,.85000002,.88,.89999998,.85000002,.88,.89999998,.85000002,.88,.89999998,.85000002,.87,.89999998,.85000002,.87,.89999998,.85000002,.87,.89999998,1.01,1.04,1.0700001,1.01,1.04,1.0700001,1.01,1.04,1.0700001,1.01,1.04,1.08,1.01,1.04,1.08,1.01,1.04,1.08,.27115807,.26640093,.27349022,.27115807,.26640093,.27349022,.27115807,.26640093,.27349022,.27241263,.27538657,.26762542,.27241263,.27538657,.26762542,.27241263,.27538657,.26762542,189.98169,68157.422,358.75784,26253.898,57383,57383,57383,89,89,89,1372977,1372977,1372977,5945,5945,5945,1.4970564,1.4970564,1.4970564,167.9077,7854.3999,46.77808,4163.249,,,,,,,,,,,,,,,,,,,,66.797752,23.926546,,,455.94327,337.39087,,,,,368.7886,307.70859,368.7886,307.70859,368.7886,307.70859,66.797752,23.926546,,,1,,2.3890646,2.3890646,2.3890646,.82224721,.82224721,.82224721,1,,1,,16.307104,,,4.5396047,4.5396047,4.5396047,1,,1,,2.3890648,2.3890648,2.3890648,.82732534,.82732534,.82732534,1,,1,,33.688465,,,10.639861,10.639861,10.639861,1,
25Jan2021,Iran,98,57481,196,490,114962,287405,6309,1379286,12618,31545,2758572,6896430,1171070,6276,1.5533365,150735,83.991074,6317.8301,168.70255,6686.9453,39.637489,3884.4739,,,,,,,,,,,,,,,,,,,,,,,,11924.195,14961.998,9760.5381,4547.4404,5705.9443,3722.3027,1424.7893,1748.697,1223.1577,480.00336,577.0448,421.49966,234.12834,,,137325.83,,,199.54463,199.54463,199.54463,137279.69,137279.69,137279.69,98,,,57481,,,83.524162,83.524162,83.524162,57461.691,57461.691,57461.691,64.447372,96978.125,83834.836,115255.75,46350468,53322472,40028516,234.12834,,,137325.83,,,199.54463,199.54463,199.54463,137279.69,137279.69,137279.69,64.447372,,,,,,,234.12834,,,137325.83,,,199.54463,199.54463,199.54463,137279.69,137279.69,137279.69,64.447372,,,,,,,.27773929,,,162.90543,,,.23671369,.23671369,.23671369,162.85071,162.85071,162.85071,.1162544,,,68.18795,,,.099082157,.099082157,.099082157,68.165047,68.165047,68.165047,7.4841738,115.04219,99.450699,136.72437,.24142388,,,,,,,,,366.98276,119074.13,324.4679,75967.133,47548.781,45334.262,50108.059,47548.781,45334.262,50108.059,47548.781,45334.262,50108.059,47221.75,46003.16,48880.09,47221.75,46003.16,48880.09,47221.75,46003.16,48880.09,74.370003,65.379997,82.309998,74.370003,65.379997,82.309998,74.370003,65.379997,82.309998,75.150002,67.900002,81.120003,75.150002,67.900002,81.120003,75.150002,67.900002,81.120003,14634796,14058982,15265764,14634796,14058982,15265764,14634796,14058982,15265764,14661041,14307661,15164361,14661041,14307661,15164361,14661041,14307661,15164361,26511.891,23739.221,29170.551,26511.891,23739.221,29170.551,26511.891,23739.221,29170.551,26665.721,23862.52,29276.131,26665.721,23862.52,29276.131,26665.721,23862.52,29276.131,2596.7,2951.1799,3244.6201,2596.7,2951.1799,3244.6201,2596.7,2951.1799,3244.6201,2686.21,2979.6101,3223.51,2686.21,2979.6101,3223.51,2686.21,2979.6101,3223.51,311.14001,347.38,379.57999,311.14001,347.38,379.57999,311.14001,347.38,379.57999,313.95001,349.97,382.25,313.95001,349.97,382.25,313.95001,349.97,382.25,989.10999,1123.63,1239.67,989.10999,1123.63,1239.67,989.10999,1123.63,1239.67,1026.0699,1134.9301,1225.6899,1026.0699,1134.9301,1225.6899,1026.0699,1134.9301,1225.6899,88.849998,99.199997,108.39,88.849998,99.199997,108.39,88.849998,99.199997,108.39,89.650002,99.93,109.15,89.650002,99.93,109.15,89.650002,99.93,109.15,161388.91,179975.44,197823.81,161388.91,179975.44,197823.81,161388.91,179975.44,197823.81,162156.11,181031.78,198608.7,162156.11,181031.78,198608.7,162156.11,181031.78,198608.7,.85000002,.88,.89999998,.85000002,.88,.89999998,.85000002,.88,.89999998,.85000002,.87,.89999998,.85000002,.87,.89999998,.85000002,.87,.89999998,1.01,1.04,1.0700001,1.01,1.04,1.0700001,1.01,1.04,1.0700001,1.01,1.04,1.08,1.01,1.04,1.08,1.01,1.04,1.08,.28051564,.27540919,.28216812,.28051564,.27540919,.28216812,.28051564,.27540919,.28216812,.2818225,.28454664,.27708581,.2818225,.28454664,.27708581,.2818225,.28454664,.27708581,189.98169,68157.422,358.75784,26680.822,57481,57481,57481,98,98,98,1379286,1379286,1379286,6309,6309,6309,1.5533365,1.5533365,1.5533365,167.9077,7854.3999,46.77808,4584.252,,,,,,,,,,,,,,,,,,,,64.377548,23.995512,,,414.20926,337.52185,,,,,356.48636,307.78488,356.48636,307.78488,356.48636,307.78488,64.377548,23.995512,,,1,,2.3890648,2.3890648,2.3890648,.75887758,.75887758,.75887758,1,,1,,15.371394,,,4.2022333,4.2022333,4.2022333,1,,1,,2.3890648,2.3890648,2.3890648,.82720864,.82720864,.82720864,1,,1,,33.604683,,,10.610415,10.610415,10.610415,1,
26Jan2021,Iran,79,57560,158,395,115120,287800,6420,1385706,12840,32100,2771412,6928530,1177367,6297,1.2305295,150779,83.526787,6359.1963,168.70255,6686.9453,39.637489,3131.3616,,,,,,,,,,,,,,,,,,,,,,,,12114.451,15191.422,9948.0732,4657.7754,5840.812,3824.8447,1434.7697,1746.2754,1232.8865,481.99231,576.50769,423.06073,188.73611,,,137514.56,,,198.28862,198.28862,198.28862,137477.98,137477.98,137477.98,79,,,57560,,,82.998436,82.998436,82.998436,57544.688,57544.688,57544.688,64.485832,96944.625,83727.625,115031.16,46447412,53437504,40112244,188.73611,,,137514.56,,,198.28862,198.28862,198.28862,137477.98,137477.98,137477.98,64.485832,,,,,,,188.73611,,,137514.56,,,198.28862,198.28862,198.28862,137477.98,137477.98,137477.98,64.485832,,,,,,,.22389187,,,163.12932,,,.23522373,.23522373,.23522373,163.08592,163.08592,163.08592,.093715288,,,68.28167,,,.098458506,.098458506,.098458506,68.263504,68.263504,68.263504,7.6158495,115.00245,99.323524,136.45795,.19468446,,,,,,,,,366.98276,119074.13,324.4679,61238.809,47624.34,45408.41,50181.281,47624.34,45408.41,50181.281,47624.34,45408.41,50181.281,47298.09,46081.82,48958.129,47298.09,46081.82,48958.129,47298.09,46081.82,48958.129,75.559998,66.389999,83.470001,75.559998,66.389999,83.470001,75.559998,66.389999,83.470001,76.339996,68.93,82.510002,76.339996,68.93,82.510002,76.339996,68.93,82.510002,14660709,14083541,15290756,14660709,14083541,15290756,14660709,14083541,15290756,14687096,14334072,15191652,14687096,14334072,15191652,14687096,14334072,15191652,25913.84,23209.99,28525.92,25913.84,23209.99,28525.92,25913.84,23209.99,28525.92,26055.35,23334.75,28586.5,26055.35,23334.75,28586.5,26055.35,23334.75,28586.5,2644.29,2995.4099,3286.3501,2644.29,2995.4099,3286.3501,2644.29,2995.4099,3286.3501,2724.5,3023.28,3275.4299,2724.5,3023.28,3275.4299,2724.5,3023.28,3275.4299,314.26999,349.88,382.89001,314.26999,349.88,382.89001,314.26999,349.88,382.89001,315.89999,352.35001,385.34,315.89999,352.35001,385.34,315.89999,352.35001,385.34,1002.3,1139.25,1254.45,1002.3,1139.25,1254.45,1002.3,1139.25,1254.45,1039.36,1150.38,1242.58,1039.36,1150.38,1242.58,1039.36,1150.38,1242.58,89.75,99.910004,109.34,89.75,99.910004,109.34,89.75,99.910004,109.34,90.209999,100.62,110.04,90.209999,100.62,110.04,90.209999,100.62,110.04,158506.08,176765.89,194456.59,158506.08,176765.89,194456.59,158506.08,176765.89,194456.59,159302.63,177743.05,194722.91,159302.63,177743.05,194722.91,159302.63,177743.05,194722.91,.85000002,.88,.89999998,.85000002,.88,.89999998,.85000002,.88,.89999998,.85000002,.87,.89999998,.85000002,.87,.89999998,.85000002,.87,.89999998,1.01,1.04,1.0700001,1.01,1.04,1.0700001,1.01,1.04,1.0700001,1.01,1.04,1.08,1.01,1.04,1.08,1.01,1.04,1.08,.29158163,.2860406,.29261106,.29158163,.2860406,.29261106,.29158163,.2860406,.29261106,.29299164,.29539636,.28863275,.29299164,.29539636,.28863275,.29299164,.29539636,.28863275,189.98169,68157.422,358.75784,27107.742,57560,57560,57560,79,79,79,1385706,1385706,1385706,6420,6420,6420,1.2305295,1.2305295,1.2305295,167.9077,7854.3999,46.77808,3695.4683,,,,,,,,,,,,,,,,,,,,81.265823,24.074114,,,513.65167,337.76358,,,,,342.95712,307.84067,342.95712,307.84067,342.95712,307.84067,81.265823,24.074114,,,1,,2.3890648,2.3890648,2.3890648,.95645565,.95645565,.95645565,1,,1,,15.100409,,,4.0364237,4.0364237,4.0364237,1,,1,,2.3890648,2.3890648,2.3890648,.82738602,.82738602,.82738602,1,,1,,33.518951,,,10.579956,10.579956,10.579956,1,
27Jan2021,Iran,91,57651,182,455,115302,288255,6608,1392314,13216,33040,2784628,6961570,1183463,6096,1.3771186,151200,82.89286,6397.4819,168.70255,6686.9453,39.637489,3607.0115,,,,,,,,,,,,,,,,,,,,,,,,12269.528,15388.961,10117.577,4683.4326,5874.1592,3862.0059,1444.1125,1740.8813,1240.8745,483.50424,574.87354,424.08035,217.40488,,,137731.97,,,196.67026,196.67026,196.67026,137674.66,137674.66,137674.66,91,,,57651,,,82.32103,82.32103,82.32103,57627.008,57627.008,57627.008,64.522552,96849.102,83631.344,114902.18,46544260,53552404,40195876,217.40488,,,137731.97,,,196.67026,196.67026,196.67026,137674.66,137674.66,137674.66,64.522552,,,,,,,217.40488,,,137731.97,,,196.67026,196.67026,196.67026,137674.66,137674.66,137674.66,64.522552,,,,,,,.25790077,,,163.38722,,,.23330392,.23330392,.23330392,163.31923,163.31923,163.31923,.10795052,,,68.389618,,,.097654916,.097654916,.097654916,68.36116,68.36116,68.36116,7.8388681,114.88912,99.209305,136.30495,.22447795,,,,,,,,,366.98276,119074.13,324.4679,70540.906,47701.09,45483.469,50255.59,47701.09,45483.469,50255.59,47701.09,45483.469,50255.59,47375.602,46161.789,49037.531,47375.602,46161.789,49037.531,47375.602,46161.789,49037.531,76.75,67.389999,84.610001,76.75,67.389999,84.610001,76.75,67.389999,84.610001,77.510002,69.949997,83.830002,77.510002,69.949997,83.830002,77.510002,69.949997,83.830002,14686031,14107277,15315210,14686031,14107277,15315210,14686031,14107277,15315210,14712547,14359857,15218310,14712547,14359857,15218310,14712547,14359857,15218310,25321.449,22686,27894.35,25321.449,22686,27894.35,25321.449,22686,27894.35,25450.9,22812.17,27892.391,25450.9,22812.17,27892.391,25450.9,22812.17,27892.391,2688.99,3036.3201,3324.28,2688.99,3036.3201,3324.28,2688.99,3036.3201,3324.28,2759.8899,3063.5701,3323.23,2759.8899,3063.5701,3323.23,2759.8899,3063.5701,3323.23,314.79001,350.35999,383.97,314.79001,350.35999,383.97,314.79001,350.35999,383.97,316.12,352.70999,386.14999,316.12,352.70999,386.14999,316.12,352.70999,386.14999,1017.05,1154.16,1268.4,1017.05,1154.16,1268.4,1017.05,1154.16,1268.4,1052.05,1165.09,1258.52,1052.05,1165.09,1258.52,1052.05,1165.09,1258.52,89.889999,100.05,109.64,89.889999,100.05,109.64,89.889999,100.05,109.64,90.269997,100.72,110.27,90.269997,100.72,110.27,90.269997,100.72,110.27,155649.88,173583.97,191119.16,155649.88,173583.97,191119.16,155649.88,173583.97,191119.16,156474.55,174483.66,191039.61,156474.55,174483.66,191039.61,156474.55,174483.66,191039.61,.85000002,.88,.89999998,.85000002,.88,.89999998,.85000002,.88,.89999998,.85000002,.87,.89999998,.85000002,.87,.89999998,.85000002,.87,.89999998,1.01,1.04,1.0700001,1.01,1.04,1.0700001,1.01,1.04,1.0700001,1.01,1.04,1.08,1.01,1.04,1.08,1.01,1.04,1.08,.3031027,.29705545,.30332309,.3031027,.29705545,.30332309,.3031027,.29705545,.30332309,.30454719,.30663458,.30054793,.30454719,.30663458,.30054793,.30454719,.30663458,.30054793,189.98169,68157.422,358.75784,27534.664,57651,57651,57651,91,91,91,1392314,1392314,1392314,6608,6608,6608,1.3771186,1.3771186,1.3771186,167.9077,7854.3999,46.77808,4256.8052,,,,,,,,,,,,,,,,,,,,72.615387,24.150734,,,445.47806,337.93359,,,,,329.92117,307.87622,329.92117,307.87622,329.92117,307.87622,72.615387,24.150734,,,1,,2.3890646,2.3890646,2.3890646,.84340662,.84340662,.84340662,1,,1,,14.656341,,,3.8319385,3.8319385,3.8319385,1,,1,,2.3890648,2.3890648,2.3890648,.82741129,.82741129,.82741129,1,,1,,33.429428,,,10.547931,10.547931,10.547931,1,
28Jan2021,Iran,85,57736,170,425,115472,288680,6527,1398841,13054,32635,2797682,6994205,1189975,6512,1.3022828,151130,81.678574,6437.0713,168.70255,6686.9453,39.637489,3369.1865,,,,,,,,,,,,,,,,,,,,,,,,12490.756,15651.807,10352.843,4792.0298,6004.7539,3971.8276,1455.9801,1736.6583,1251.8142,484.49823,572.12872,424.81946,203.0705,,,137935.03,,,194.61092,194.61092,194.61092,137869.27,137869.27,137869.27,85,,,57736,,,81.459045,81.459045,81.459045,57708.469,57708.469,57708.469,64.5634,96696.852,83549.758,115122.11,46640956,53667528,40279424,203.0705,,,137935.03,,,194.61092,194.61092,194.61092,137869.27,137869.27,137869.27,64.5634,,,,,,,203.0705,,,137935.03,,,194.61092,194.61092,194.61092,137869.27,137869.27,137869.27,64.5634,,,,,,,.24089631,,,163.62811,,,.23086099,.23086099,.23086099,163.55009,163.55009,163.55009,.1008329,,,68.490448,,,.096632376,.096632376,.096632376,68.457794,68.457794,68.457794,7.7427807,114.70852,99.112526,136.56584,.21000735,,,,,,,,,366.98276,119074.13,324.4679,65889.859,47778.988,45559.398,50330.98,47778.988,45559.398,50330.98,47778.988,45559.398,50330.98,47454.25,46243.031,49118.262,47454.25,46243.031,49118.262,47454.25,46243.031,49118.262,77.900002,68.5,85.709999,77.900002,68.5,85.709999,77.900002,68.5,85.709999,78.650002,70.949997,85.07,78.650002,70.949997,85.07,78.650002,70.949997,85.07,14710801,14129851,15339164,14710801,14129851,15339164,14710801,14129851,15339164,14737435,14385058,15244378,14737435,14385058,15244378,14737435,14385058,15244378,24770.01,22192.67,27307.859,24770.01,22192.67,27307.859,24770.01,22192.67,27307.859,24887.9,22325,27250.93,24887.9,22325,27250.93,24887.9,22325,27250.93,2727.97,3072.1101,3356.73,2727.97,3072.1101,3356.73,2727.97,3072.1101,3356.73,2790.74,3098.6599,3364.8501,2790.74,3098.6599,3364.8501,2790.74,3098.6599,3364.8501,313.22,348.94,382.89999,313.22,348.94,382.89999,313.22,348.94,382.89999,314.70999,351.16,384.79999,314.70999,351.16,384.79999,314.70999,351.16,384.79999,1032.2,1167.78,1280.9399,1032.2,1167.78,1280.9399,1032.2,1167.78,1280.9399,1063.63,1178.49,1273.6801,1063.63,1178.49,1273.6801,1063.63,1178.49,1273.6801,89.440002,99.639999,109.34,89.440002,99.639999,109.34,89.440002,99.639999,109.34,89.870003,100.28,109.88,89.870003,100.28,109.88,89.870003,100.28,109.88,152794.91,170443.22,187819.91,152794.91,170443.22,187819.91,152794.91,170443.22,187819.91,153683.27,171267.52,187404.22,153683.27,171267.52,187404.22,153683.27,171267.52,187404.22,.85000002,.88,.89999998,.85000002,.88,.89999998,.85000002,.88,.89999998,.85000002,.87,.89999998,.85000002,.87,.89999998,.85000002,.87,.89999998,1.01,1.04,1.0700001,1.01,1.04,1.0700001,1.01,1.04,1.0700001,1.01,1.04,1.08,1.01,1.04,1.08,1.01,1.04,1.08,.31449321,.30866048,.31386569,.31449321,.30866048,.31386569,.31449321,.30866048,.31386569,.31601703,.31780514,.31217283,.31601703,.31780514,.31217283,.31601703,.31780514,.31217283,189.98169,68157.422,358.75784,27947.236,57736,57736,57736,85,85,85,1398841,1398841,1398841,6527,6527,6527,1.3022828,1.3022828,1.3022828,167.9077,7854.3999,46.77808,3976.1367,,,,,,,,,,,,,,,,,,,,76.788239,24.228228,,,476.1738,338.13715,,,,,317.97186,307.8927,317.97186,307.8927,317.97186,307.8927,76.788239,24.228228,,,1,,2.3890646,2.3890646,2.3890646,.91647059,.91647059,.91647059,1,,1,,14.814899,,,3.7950068,3.7950068,3.7950068,1,,1,,2.3890646,2.3890646,2.3890646,.82754242,.82754242,.82754242,1,,1,,33.342571,,,10.516421,10.516421,10.516421,1,
29Jan2021,Iran,71,57807,142,355,115614,289035,6573,1405414,13146,32865,2810828,7027070,1196374,6399,1.0801765,151233,80.125,6480.5801,168.70255,6686.9453,39.637489,2814.2617,,,,,,,,,,,,,,,,,,,,,,,,12716.134,15901.407,10602.933,4819.3599,6026.5645,4018.4658,1463.8853,1735.8739,1259.8651,485.04382,568.37408,425.33911,169.6236,,,138104.66,,,192.12915,192.12915,192.12915,138061.39,138061.39,138061.39,71,,,57807,,,80.420242,80.420242,80.420242,57788.891,57788.891,57788.891,64.612213,96494.313,83294.641,115091.29,46737452,53782620,40362720,169.6236,,,138104.66,,,192.12915,192.12915,192.12915,138061.39,138061.39,138061.39,64.612213,,,,,,,169.6236,,,138104.66,,,192.12915,192.12915,192.12915,138061.39,138061.39,138061.39,64.612213,,,,,,,.20121928,,,163.82933,,,.22791694,.22791694,.22791694,163.77802,163.77802,163.77802,.084225126,,,68.574677,,,.095400073,.095400073,.095400073,68.553192,68.553192,68.553192,7.797349,114.46825,98.809883,136.52928,.17578611,,,,,,,,,366.98276,119074.13,324.4679,55037.41,47857.98,45636.172,50407.391,47857.98,45636.172,50407.391,47857.98,45636.172,50407.391,47533.98,46325.469,49200.262,47533.98,46325.469,49200.262,47533.98,46325.469,49200.262,78.989998,69.68,86.730003,78.989998,69.68,86.730003,78.989998,69.68,86.730003,79.730003,71.889999,86.269997,79.730003,71.889999,86.269997,79.730003,71.889999,86.269997,14735060,14151975,15362654,14735060,14151975,15362654,14735060,14151975,15362654,14761801,14409717,15269532,14761801,14409717,15269532,14761801,14409717,15269532,24259.289,21730.779,26766.02,24259.289,21730.779,26766.02,24259.289,21730.779,26766.02,24366.16,21873.029,26657.76,24366.16,21873.029,26657.76,24366.16,21873.029,26657.76,2761.4299,3101.3501,3382.77,2761.4299,3101.3501,3382.77,2761.4299,3101.3501,3382.77,2815.8101,3127.1299,3400.6101,2815.8101,3127.1299,3400.6101,2815.8101,3127.1299,3400.6101,310.35999,345.98001,380.07999,310.35999,345.98001,380.07999,310.35999,345.98001,380.07999,311.98001,348.07001,381.54001,311.98001,348.07001,381.54001,311.98001,348.07001,381.54001,1045.9399,1179.64,1291.61,1045.9399,1179.64,1291.61,1045.9399,1179.64,1291.61,1073.67,1190.11,1287.6801,1073.67,1190.11,1287.6801,1073.67,1190.11,1287.6801,88.620003,98.800003,108.53,88.620003,98.800003,108.53,88.620003,98.800003,108.53,89.080002,99.389999,108.95,89.080002,99.389999,108.95,89.080002,99.389999,108.95,149974.09,167349.97,184565.63,149974.09,167349.97,184565.63,149974.09,167349.97,184565.63,150934,168101.13,183824.8,150934,168101.13,183824.8,150934,168101.13,183824.8,.85000002,.88,.89999998,.85000002,.88,.89999998,.85000002,.88,.89999998,.85000002,.87,.89999998,.85000002,.87,.89999998,.85000002,.87,.89999998,1.01,1.04,1.0700001,1.01,1.04,1.0700001,1.01,1.04,1.0700001,1.01,1.04,1.08,1.01,1.04,1.08,1.01,1.04,1.08,.32560721,.32065117,.32403025,.32560721,.32065117,.32403025,.32560721,.32065117,.32403025,.32721612,.32866961,.32362059,.32721612,.32866961,.32362059,.32721612,.32866961,.32362059,189.98169,68157.422,358.75784,28338.281,57807,57807,57807,71,71,71,1405414,1405414,1405414,6573,6573,6573,1.0801765,1.0801765,1.0801765,167.9077,7854.3999,46.77808,3321.2437,,,,,,,,,,,,,,,,,,,,92.577461,24.312178,,,568.87317,338.42053,,,,,307.1185,307.89139,307.1185,307.89139,307.1185,307.89139,92.577461,24.312178,,,1,,2.3890648,2.3890648,2.3890648,1.1125352,1.1125352,1.1125352,1,,1,,14.680407,,,3.6907485,3.6907485,3.6907485,1,,1,,2.3890646,2.3890646,2.3890646,.82789248,.82789248,.82789248,1,,1,,33.255291,,,10.484498,10.484498,10.484498,1,
30Jan2021,Iran,82,57889,164,410,115778,289445,6317,1411731,12634,31585,2823462,7058655,1202893,6519,1.2980845,150949,78.580353,6530.0444,168.70255,6686.9453,39.637489,3250.2742,,,,,,,,,,,,,,,,,,,,,,,,12862.6,16033.583,10798.113,4753.4985,5925.3657,3990.5476,1470.8599,1735.9316,1267.6285,485.31073,565.43396,426.12448,195.90331,,,138300.56,,,189.33064,189.33064,189.33064,138250.72,138250.72,138250.72,82,,,57889,,,79.248856,79.248856,79.248856,57868.137,57868.137,57868.137,64.670319,96248.484,82812.672,115146.7,46833700,53897768,40445532,195.90331,,,138300.56,,,189.33064,189.33064,189.33064,138250.72,138250.72,138250.72,64.670319,,,,,,,195.90331,,,138300.56,,,189.33064,189.33064,189.33064,138250.72,138250.72,138250.72,64.670319,,,,,,,.2323941,,,164.06174,,,.22459716,.22459716,.22459716,164.00261,164.00261,164.00261,.097274095,,,68.671951,,,.094010495,.094010495,.094010495,68.647202,68.647202,68.647202,7.4936638,114.17664,98.238136,136.59502,.2035391,,,,,,,,,366.98276,119074.13,324.4679,63564.332,47937.961,45713.672,50484.719,47937.961,45713.672,50484.719,47937.961,45713.672,50484.719,47614.691,46409,49283.41,47614.691,46409,49283.41,47614.691,46409,49283.41,79.980003,70.779999,87.650002,79.980003,70.779999,87.650002,79.980003,70.779999,87.650002,80.709999,72.739998,87.440002,80.709999,72.739998,87.440002,80.709999,72.739998,87.440002,14758840,14173673,15385710,14758840,14173673,15385710,14758840,14173673,15385710,14785677,14433867,15293279,14785677,14433867,15293279,14785677,14433867,15293279,23779.619,21295.91,26257.869,23779.619,21295.91,26257.869,23779.619,21295.91,26257.869,23875.949,21447.891,26101.471,23875.949,21447.891,26101.471,23875.949,21447.891,26101.471,2788.52,3123.1499,3400.9399,2788.52,3123.1499,3400.9399,2788.52,3123.1499,3400.9399,2833.1399,3148.0901,3427.3101,2833.1399,3148.0901,3427.3101,2833.1399,3148.0901,3427.3101,306.57001,341.91,375.98999,306.57001,341.91,375.98999,306.57001,341.91,375.98999,308.28,343.85001,376.60999,308.28,343.85001,376.60999,308.28,343.85001,376.60999,1057.52,1189.4301,1300.08,1057.52,1189.4301,1300.08,1057.52,1189.4301,1300.08,1081.9,1199.63,1299.12,1081.9,1199.63,1299.12,1081.9,1199.63,1299.12,87.540001,97.629997,107.36,87.540001,97.629997,107.36,87.540001,97.629997,107.36,88.029999,98.190002,107.54,88.029999,98.190002,107.54,88.029999,98.190002,107.54,147199.58,164306.31,181358.73,147199.58,164306.31,181358.73,147199.58,164306.31,181358.73,148228.48,164986.61,180304.11,148228.48,164986.61,180304.11,148228.48,164986.61,180304.11,.85000002,.88,.89999998,.85000002,.88,.89999998,.85000002,.88,.89999998,.85000002,.87,.89999998,.85000002,.87,.89999998,.85000002,.87,.89999998,1.01,1.04,1.0700001,1.01,1.04,1.0700001,1.01,1.04,1.0700001,1.01,1.04,1.08,1.01,1.04,1.08,1.01,1.04,1.08,.33633846,.33236429,.3338047,.33633846,.33236429,.3338047,.33633846,.33236429,.3338047,.33803892,.33914757,.33500028,.33803892,.33914757,.33500028,.33803892,.33914757,.33500028,189.98169,68157.422,358.75784,28693.453,57889,57889,57889,82,82,82,1411731,1411731,1411731,6317,6317,6317,1.2980845,1.2980845,1.2980845,167.9077,7854.3999,46.77808,3835.8025,,,,,,,,,,,,,,,,,,,,77.036583,24.386862,,,491.30609,338.63708,,,,,297.31955,307.87375,297.31955,307.87375,297.31955,307.87375,77.036583,24.386862,,,1,,2.3890648,2.3890648,2.3890648,.97536588,.97536588,.97536588,1,,1,,15.236423,,,3.7643847,3.7643847,3.7643847,1,,1,,2.3890646,2.3890646,2.3890646,.8281014,.8281014,.8281014,1,,1,,33.174664,,,10.454428,10.454428,10.454428,1,
31Jan2021,Iran,70,57959,140,350,115918,289795,6268,1417999,12536,31340,2835998,7089995,1210051,7158,1.1167836,149989,77.080353,6586.4824,168.70255,6686.9453,39.637489,2774.6243,,,,,,,,,,,,,,,,,,,,,,,,13064.04,16215.432,11024.878,4722.7446,5861.9956,3985.573,1476.8495,1744.7417,1275.9044,486.45035,564.17859,427.62436,167.23453,,,138467.8,,,186.321,186.321,186.321,138437.05,138437.05,138437.05,70,,,57959,,,77.989098,77.989098,77.989098,57946.125,57946.125,57946.125,64.736313,95967.102,82366.477,115375.38,46929668,54013140,40527896,167.23453,,,138467.8,,,186.321,186.321,186.321,138437.05,138437.05,138437.05,64.736313,,,,,,,167.23453,,,138467.8,,,186.321,186.321,186.321,138437.05,138437.05,138437.05,64.736313,,,,,,,.19838521,,,164.26012,,,.2210269,.2210269,.2210269,164.22363,164.22363,164.22363,.083038859,,,68.75499,,,.09251608,.09251608,.09251608,68.739716,68.739716,68.739716,7.4355369,113.84283,97.708839,136.86627,.17426234,,,,,,,,,366.98276,119074.13,324.4679,54262.234,48018.809,45791.809,50562.879,48018.809,45791.809,50562.879,48018.809,45791.809,50562.879,47696.25,46493.48,49367.59,47696.25,46493.48,49367.59,47696.25,46493.48,49367.59,80.849998,71.760002,88.440002,80.849998,71.760002,88.440002,80.849998,71.760002,88.440002,81.559998,73.489998,88.449997,81.559998,73.489998,88.449997,81.559998,73.489998,88.449997,14782162,14194964,15408349,14782162,14194964,15408349,14782162,14194964,15408349,14809085,14457531,15316563,14809085,14457531,15316563,14809085,14457531,15316563,23321.67,20880.131,25772.881,23321.67,20880.131,25772.881,23321.67,20880.131,25772.881,23407.891,21041.561,25594.73,23407.891,21041.561,25594.73,23407.891,21041.561,25594.73,2808.5,3137.1499,3419.01,2808.5,3137.1499,3419.01,2808.5,3137.1499,3419.01,2843.3999,3161.1799,3444.52,2843.3999,3161.1799,3444.52,2843.3999,3161.1799,3444.52,302.14999,337.07001,371.03,302.14999,337.07001,371.03,302.14999,337.07001,371.03,303.94,338.87,370.85999,303.94,338.87,370.85999,303.94,338.87,370.85999,1066.92,1196.97,1306.3,1066.92,1196.97,1306.3,1066.92,1196.97,1306.3,1088.14,1206.87,1308.33,1088.14,1206.87,1308.33,1088.14,1206.87,1308.33,86.279999,96.25,105.95,86.279999,96.25,105.95,86.279999,96.25,105.95,86.790001,96.760002,105.9,86.790001,96.760002,105.9,86.790001,96.760002,105.9,144471.44,161312.39,178199.48,144471.44,161312.39,178199.48,144471.44,161312.39,178199.48,145566.77,161924.11,176964.56,145566.77,161924.11,176964.56,145566.77,161924.11,176964.56,.85000002,.88,.89999998,.85000002,.88,.89999998,.85000002,.88,.89999998,.85000002,.87,.89999998,.85000002,.87,.89999998,.85000002,.87,.89999998,1.01,1.04,1.0700001,1.01,1.04,1.0700001,1.01,1.04,1.0700001,1.01,1.04,1.08,1.01,1.04,1.08,1.01,1.04,1.08,.34667328,.34367603,.34315139,.34667328,.34367603,.34315139,.34667328,.34367603,.34315139,.3484295,.34926116,.34557894,.3484295,.34926116,.34557894,.3484295,.34926116,.34557894,189.98169,68157.422,358.75784,29005.57,57959,57959,57959,70,70,70,1417999,1417999,1417999,6268,6268,6268,1.1167836,1.1167836,1.1167836,167.9077,7854.3999,46.77808,3274.4656,,,,,,,,,,,,,,,,,,,,89.542854,24.465553,,,573.84741,338.92117,,,,,288.45602,307.84109,288.45602,307.84109,288.45602,307.84109,89.542854,24.465553,,,1,,2.3890648,2.3890648,2.3890648,1.155,1.155,1.155,1,,1,,15.310641,,,3.7207515,3.7207515,3.7207515,1,,1,,2.3890646,2.3890646,2.3890646,.82849616,.82849616,.82849616,1,,1,,33.095699,,,10.424664,10.424664,10.424664,1,
01Feb2021,Iran,79,58038,158,395,116076,290190,6597,1424596,13194,32985,2849192,7122980,1216305,6254,1.1975141,150253,75.839287,6653.5537,168.70255,6686.9453,39.637489,3131.3616,,,,,,,,,,,,,,,,,,,,,,,,13278.403,16394.174,11257.75,4694.418,5795.9609,3980.0405,1481.814,1750.5746,1283.4369,486.63232,565.1181,428.28159,188.73611,,,138656.53,,,183.20093,183.20093,183.20093,138620.25,138620.25,138620.25,79,,,58038,,,76.683113,76.683113,76.683113,58022.809,58022.809,58022.809,64.806221,95658.328,82185.391,114993.24,47025328,54128136,40610084,188.73611,,,138656.53,,,183.20093,183.20093,183.20093,138620.25,138620.25,138620.25,64.806221,,,,,,,188.73611,,,138656.53,,,183.20093,183.20093,183.20093,138620.25,138620.25,138620.25,64.806221,,,,,,,.22389187,,,164.48401,,,.21732566,.21732566,.21732566,164.44096,164.44096,164.44096,.093715288,,,68.848701,,,.090966836,.090966836,.090966836,68.830688,68.830688,68.830688,7.8258195,113.47655,97.494011,136.41296,.19730234,,,,,,,,,366.98276,119074.13,324.4679,61238.809,48100.379,45870.469,50641.711,48100.379,45870.469,50641.711,48100.379,45870.469,50641.711,47778.5,46578.762,49452.629,47778.5,46578.762,49452.629,47778.5,46578.762,49452.629,81.57,72.580002,89.080002,81.57,72.580002,89.080002,81.57,72.580002,89.080002,82.260002,74.099998,89.300003,82.260002,74.099998,89.300003,82.260002,74.099998,89.300003,14805040,14215862,15430585,14805040,14215862,15430585,14805040,14215862,15430585,14832040,14480725,15339400,14832040,14480725,15339400,14832040,14480725,15339400,22878.939,20477.9,25303.801,22878.939,20477.9,25303.801,22878.939,20477.9,25303.801,22955.461,20644.949,25139.23,22955.461,20644.949,25139.23,22955.461,20644.949,25139.23,2821.48,3143.3999,3430.6001,2821.48,3143.3999,3430.6001,2821.48,3143.3999,3430.6001,2847.01,3166.47,3452.3301,2847.01,3166.47,3452.3301,2847.01,3166.47,3452.3301,297.26999,331.76999,365.51999,297.26999,331.76999,365.51999,297.26999,331.76999,365.51999,299.20001,333.42999,364.76001,299.20001,333.42999,364.76001,299.20001,333.42999,364.76001,1074.3,1202.1899,1310.08,1074.3,1202.1899,1310.08,1074.3,1202.1899,1310.08,1092.34,1211.78,1314.99,1092.34,1211.78,1314.99,1092.34,1211.78,1314.99,84.879997,94.739998,104.37,84.879997,94.739998,104.37,84.879997,94.739998,104.37,85.43,95.209999,104.16,85.43,95.209999,104.16,85.43,95.209999,104.16,141789.11,158367.66,175087.47,141789.11,158367.66,175087.47,141789.11,158367.66,175087.47,142937.66,158913.03,173862.72,142937.66,158913.03,173862.72,142937.66,158913.03,173862.72,.85000002,.88,.89999998,.85000002,.88,.89999998,.85000002,.88,.89999998,.85000002,.87,.89999998,.85000002,.87,.89999998,.85000002,.87,.89999998,1.01,1.04,1.0700001,1.01,1.04,1.0700001,1.01,1.04,1.0700001,1.01,1.04,1.08,1.01,1.04,1.08,1.01,1.04,1.08,.35652876,.35443088,.35204199,.35652876,.35443088,.35204199,.35652876,.35443088,.35204199,.3583461,.35892555,.35522172,.3583461,.35892555,.35522172,.3583461,.35892555,.35522172,189.98169,68157.422,358.75784,29263.877,58038,58038,58038,79,79,79,1424596,1424596,1424596,6597,6597,6597,1.1975141,1.1975141,1.1975141,167.9077,7854.3999,46.77808,3695.4683,,,,,,,,,,,,,,,,,,,,83.506332,24.545918,,,506.83636,339.14975,,,,,280.48227,307.79468,280.48227,307.79468,280.48227,307.79468,83.506332,24.545918,,,1,,2.3890648,2.3890648,2.3890648,1.0325316,1.0325316,1.0325316,1,,1,,14.500278,,,3.4680824,3.4680824,3.4680824,1,,1,,2.3890646,2.3890646,2.3890646,.82877392,.82877392,.82877392,1,,1,,33.00959,,,10.392448,10.392448,10.392448,1,
02Feb2021,Iran,72,58110,144,360,116220,290550,6820,1431416,13640,34100,2862832,7157080,1223197,6892,1.0557184,150109,74.901787,6731.4463,168.70255,6686.9453,39.637489,2853.8992,,,,,,,,,,,,,,,,,,,,,,,,13501.542,16564.652,11501.392,4643.0649,5696.4424,3955.2305,1485.7225,1758.217,1282.0226,486.79953,565.74799,428.95053,172.01265,,,138828.55,,,180.06541,180.06541,180.06541,138800.31,138800.31,138800.31,72,,,58110,,,75.370674,75.370674,75.370674,58098.18,58098.18,58098.18,64.873917,95330.664,81566.75,114040.38,47120656,54242176,40691648,172.01265,,,138828.55,,,180.06541,180.06541,180.06541,138800.31,138800.31,138800.31,64.873917,,,,,,,172.01265,,,138828.55,,,180.06541,180.06541,180.06541,138800.31,138800.31,138800.31,64.873917,,,,,,,.20405336,,,164.68806,,,.21360609,.21360609,.21360609,164.65456,164.65456,164.65456,.0854114,,,68.934113,,,.089409925,.089409925,.089409925,68.920097,68.920097,68.920097,8.0903578,113.08784,96.760139,135.28262,.18043791,,,,,,,,,366.98276,119074.13,324.4679,55812.582,48182.512,45949.5,50721.07,48182.512,45949.5,50721.07,48182.512,45949.5,50721.07,47861.289,46662.789,49538.352,47861.289,46662.789,49538.352,47861.289,46662.789,49538.352,82.129997,73.269997,89.540001,82.129997,73.269997,89.540001,82.129997,73.269997,89.540001,82.790001,74.57,89.989998,82.790001,74.57,89.989998,82.790001,74.57,89.989998,14827488,14236375,15452428,14827488,14236375,15452428,14827488,14236375,15452428,14854555,14503463,15361801,14854555,14503463,15361801,14854555,14503463,15361801,22447.631,20073.74,24846.359,22447.631,20073.74,24846.359,22447.631,20073.74,24846.359,22514.801,20242.439,24753.9,22514.801,20242.439,24753.9,22514.801,20242.439,24753.9,2828.02,3142.27,3433.8601,2828.02,3142.27,3433.8601,2828.02,3142.27,3433.8601,2844.26,3164.3201,3451.1699,2844.26,3164.3201,3451.1699,2844.26,3164.3201,3451.1699,292.17001,326.20999,359.70999,292.17001,326.20999,359.70999,292.17001,326.20999,359.70999,294.23999,327.72,358.34,294.23999,327.72,358.34,294.23999,327.72,358.34,1079.65,1205.12,1311.92,1079.65,1205.12,1311.92,1079.65,1205.12,1311.92,1094.42,1214.37,1318.84,1094.42,1214.37,1318.84,1094.42,1214.37,1318.84,83.43,93.139999,102.71,83.43,93.139999,102.71,83.43,93.139999,102.71,84.019997,93.580002,102.32,84.019997,93.580002,102.32,84.019997,93.580002,102.32,139072.48,155471.45,172022.2,139072.48,155471.45,172022.2,139072.48,155471.45,172022.2,140231.77,155952.67,171287.7,140231.77,155952.67,171287.7,140231.77,155952.67,171287.7,.85000002,.88,.89999998,.85000002,.88,.89999998,.85000002,.88,.89999998,.85000002,.87,.89999998,.85000002,.87,.89999998,.85000002,.87,.89999998,1.01,1.04,1.0700001,1.01,1.04,1.0700001,1.01,1.04,1.0700001,1.01,1.04,1.08,1.01,1.04,1.08,1.01,1.04,1.08,.36587378,.36500421,.36037472,.36587378,.36500421,.36037472,.36587378,.36500421,.36037472,.36771366,.36838445,.36353865,.36771366,.36838445,.36353865,.36771366,.36838445,.36353865,189.98169,68157.422,358.75784,29464.781,58110,58110,58110,72,72,72,1431416,1431416,1431416,6820,6820,6820,1.0557184,1.0557184,1.0557184,167.9077,7854.3999,46.77808,3368.0217,,,,,,,,,,,,,,,,,,,,94.722221,24.632868,,,554.20728,339.4162,,,,,273.3183,307.7359,273.3183,307.7359,273.3183,307.7359,94.722221,24.632868,,,1,,2.3890646,2.3890646,2.3890646,1.1406944,1.1406944,1.1406944,1,,1,,13.978104,,,3.2914414,3.2914414,3.2914414,1,,1,,2.3890646,2.3890646,2.3890646,.82916039,.82916039,.82916039,1,,1,,32.918911,,,10.358616,10.358616,10.358616,1,
03Feb2021,Iran,79,58189,158,395,116378,290945,6870,1438286,13740,34350,2876572,7191430,1229391,6194,1.1499273,150706,74.089287,6821.4644,168.70255,6686.9453,39.637489,3131.3616,,,,,,,,,,,,,,,,,,,,,,,,13879.004,16904.309,11864.475,4547.2109,5538.3989,3887.1863,1488.556,1766.6688,1281.6696,486.95612,566.01166,427.58896,188.73611,,,139017.28,,,177.00339,177.00339,177.00339,138977.31,138977.31,138977.31,79,,,58189,,,74.088989,74.088989,74.088989,58172.27,58172.27,58172.27,64.932083,94992.953,81059.617,113025.63,47215648,54355200,40772708,188.73611,,,139017.28,,,177.00339,177.00339,177.00339,138977.31,138977.31,138977.31,64.932083,,,,,,,188.73611,,,139017.28,,,177.00339,177.00339,177.00339,138977.31,138977.31,138977.31,64.932083,,,,,,,.22389187,,,164.91196,,,.20997369,.20997369,.20997369,164.86453,164.86453,164.86453,.093715288,,,69.027832,,,.0878895,.0878895,.0878895,69.007988,69.007988,69.007988,8.1496706,112.68723,96.158546,134.07886,.19868433,,,,,,,,,366.98276,119074.13,324.4679,61238.809,48265.02,46028.77,50800.801,48265.02,46028.77,50800.801,48265.02,46028.77,50800.801,47944.449,46747,49624.57,47944.449,46747,49624.57,47944.449,46747,49624.57,82.510002,73.800003,89.860001,82.510002,73.800003,89.860001,82.510002,73.800003,89.860001,83.150002,74.860001,90.459999,83.150002,74.860001,90.459999,83.150002,74.860001,90.459999,14849514,14256513,15473887,14849514,14256513,15473887,14849514,14256513,15473887,14876639,14525753,15383776,14876639,14525753,15383776,14876639,14525753,15383776,22025.77,19677.33,24398.41,22025.77,19677.33,24398.41,22025.77,19677.33,24398.41,22083.93,19849.01,24324.85,22083.93,19849.01,24324.85,22083.93,19849.01,24324.85,2825.6799,3134.29,3429.3899,2825.6799,3134.29,3429.3899,2825.6799,3134.29,3429.3899,2835.6499,3155.29,3441.72,2835.6499,3155.29,3441.72,2835.6499,3155.29,3441.72,286.95999,320.51001,353.73001,286.95999,320.51001,353.73001,286.95999,320.51001,353.73001,289.17001,321.89001,351.76999,289.17001,321.89001,351.76999,289.17001,321.89001,351.76999,1082.96,1205.85,1314.3101,1082.96,1205.85,1314.3101,1082.96,1205.85,1314.3101,1094.29,1214.75,1320,1094.29,1214.75,1320,1094.29,1214.75,1320,81.940002,91.519997,101,81.940002,91.519997,101,81.940002,91.519997,101,82.57,91.910004,100.44,82.57,91.910004,100.44,82.57,91.910004,100.44,136392.81,152623.3,169003.38,136392.81,152623.3,169003.38,136392.81,152623.3,169003.38,137572.94,153042.48,168532.44,137572.94,153042.48,168532.44,137572.94,153042.48,168532.44,.85000002,.88,.89999998,.85000002,.88,.89999998,.85000002,.88,.89999998,.85000002,.88,.89999998,.85000002,.88,.89999998,.85000002,.88,.89999998,1.01,1.04,1.0700001,1.01,1.04,1.0700001,1.01,1.04,1.0700001,1.01,1.04,1.08,1.01,1.04,1.08,1.01,1.04,1.08,.37460667,.3750509,.3683027,.37460667,.3750509,.3683027,.37460667,.3750509,.3683027,.37651813,.37714729,.37188306,.37651813,.37714729,.37188306,.37651813,.37714729,.37188306,189.98169,68157.422,358.75784,29601.111,58189,58189,58189,79,79,79,1438286,1438286,1438286,6870,6870,6870,1.1499273,1.1499273,1.1499273,167.9077,7854.3999,46.77808,3695.4683,,,,,,,,,,,,,,,,,,,,86.962029,24.717489,,,503.31094,339.6387,,,,,266.94666,307.66617,266.94666,307.66617,266.94666,307.66617,86.962029,24.717489,,,1,,2.3890648,2.3890648,2.3890648,1.0444304,1.0444304,1.0444304,1,,1,,13.827213,,,3.20608,3.20608,3.20608,1,,1,,2.3890646,2.3890646,2.3890646,.82945263,.82945263,.82945263,1,,1,,32.827717,,,10.324451,10.324451,10.324451,1,
04Feb2021,Iran,67,58256,134,335,116512,291280,7040,1445326,14080,35200,2890652,7226630,1235581,6190,.95170456,151489,73.285713,6921.5444,168.70255,6686.9453,39.637489,2655.7117,,,,,,,,,,,,,,,,,,,,,,,,13975.201,16882.93,11945.64,4486.6367,5420.1426,3835.0608,1490.3181,1771.3036,1286.5063,487.10544,567.30103,426.91122,160.06734,,,139177.34,,,174.09807,174.09807,174.09807,139151.41,139151.41,139151.41,67,,,58256,,,72.872902,72.872902,72.872902,58245.141,58245.141,58245.141,64.973648,94654.266,80707.422,111966.14,47310304,54467168,40853416,160.06734,,,139177.34,,,174.09807,174.09807,174.09807,139151.41,139151.41,139151.41,64.973648,,,,,,,160.06734,,,139177.34,,,174.09807,174.09807,174.09807,139151.41,139151.41,139151.41,64.973648,,,,,,,.18988298,,,165.10184,,,.20652722,.20652722,.20652722,165.07106,165.07106,165.07106,.079480052,,,69.107315,,,.086446896,.086446896,.086446896,69.094429,69.094429,69.094429,8.3513365,112.28546,95.740753,132.82201,.16910736,,,,,,,,,366.98276,119074.13,324.4679,51936.711,48347.738,46108.129,50880.75,48347.738,46108.129,50880.75,48347.738,46108.129,50880.75,48027.789,46831.398,49711.102,48027.789,46831.398,49711.102,48027.789,46831.398,49711.102,82.720001,74.18,90.199997,82.720001,74.18,90.199997,82.720001,74.18,90.199997,83.339996,74.989998,90.720001,83.339996,74.989998,90.720001,83.339996,74.989998,90.720001,14871126,14276282,15494968,14871126,14276282,15494968,14871126,14276282,15494968,14898301,14547605,15405333,14898301,14547605,15405333,14898301,14547605,15405333,21612.4,19289.25,23963.24,21612.4,19289.25,23963.24,21612.4,19289.25,23963.24,21661.869,19463.779,23868.5,21661.869,19463.779,23868.5,21661.869,19463.779,23868.5,2811.1799,3120.1399,3417.8999,2811.1799,3120.1399,3417.8999,2811.1799,3120.1399,3417.8999,2821.74,3140.04,3424.79,2821.74,3140.04,3424.79,2821.74,3140.04,3424.79,281.73001,314.78,347.69,281.73001,314.78,347.69,281.73001,314.78,347.69,284.06,316.01999,345.14001,284.06,316.01999,345.14001,284.06,316.01999,345.14001,1084.48,1204.51,1314.5,1084.48,1204.51,1314.5,1084.48,1204.51,1314.5,1092.39,1213.03,1318.62,1092.39,1213.03,1318.62,1092.39,1213.03,1318.62,80.440002,89.879997,99.279999,80.440002,89.879997,99.279999,80.440002,89.879997,99.279999,81.110001,90.230003,98.550003,81.110001,90.230003,98.550003,81.110001,90.230003,98.550003,133760.72,149822.83,166056.66,133760.72,149822.83,166056.66,133760.72,149822.83,166056.66,134960.69,150182.08,165443.2,134960.69,150182.08,165443.2,134960.69,150182.08,165443.2,.85000002,.88,.91000003,.85000002,.88,.91000003,.85000002,.88,.91000003,.85000002,.88,.91000003,.85000002,.88,.91000003,.85000002,.88,.91000003,1.01,1.04,1.0700001,1.01,1.04,1.0700001,1.01,1.04,1.0700001,1.01,1.04,1.08,1.01,1.04,1.08,1.01,1.04,1.08,.38274324,.38456655,.37640986,.38274324,.38456655,.37640986,.38274324,.38456655,.37640986,.38473132,.38527974,.38008255,.38473132,.38527974,.38008255,.38473132,.38527974,.38008255,189.98169,68157.422,358.75784,29676.449,58256,58256,58256,67,67,67,1445326,1445326,1445326,7040,7040,7040,.95170456,.95170456,.95170456,167.9077,7854.3999,46.77808,3134.1313,,,,,,,,,,,,,,,,,,,,105.07462,24.809908,,,591.34027,339.92819,,,,,261.27176,307.58679,261.27176,307.58679,261.27176,307.58679,105.07462,24.809908,,,1,,2.3890648,2.3890648,2.3890648,1.2346269,1.2346269,1.2346269,1,,1,,13.445209,,,3.0699432,3.0699432,3.0699432,1,,1,,2.3890646,2.3890646,2.3890646,.82991862,.82991862,.82991862,1,,1,,32.733311,,,10.289115,10.289115,10.289115,1,
05Feb2021,Iran,80,58336,160,400,116672,291680,7054,1452380,14108,35270,2904760,7261900,1241320,5739,1.1341083,152724,72.598213,7023.6694,168.70255,6686.9453,39.637489,3170.999,,,,,,,,,,,,,,,,,,,,,,,,14008.99,16772.076,11979.077,4480.0449,5363.6743,3830.8833,1491.0336,1772.0511,1288.9562,487.25684,568.69159,427.79263,191.12517,,,139368.47,,,171.43385,171.43385,171.43385,139322.84,139322.84,139322.84,80,,,58336,,,71.757729,71.757729,71.757729,58316.898,58316.898,58316.898,64.993652,94323.641,79708.109,110878.69,47404628,54578044,40933124,191.12517,,,139368.47,,,171.43385,171.43385,171.43385,139322.84,139322.84,139322.84,64.993652,,,,,,,191.12517,,,139368.47,,,171.43385,171.43385,171.43385,139322.84,139322.84,139322.84,64.993652,,,,,,,.22672595,,,165.32857,,,.20336674,.20336674,.20336674,165.27443,165.27443,165.27443,.094901554,,,69.202209,,,.085124001,.085124001,.085124001,69.179558,69.179558,69.179558,8.3679447,111.89326,94.555298,131.532,.202627,,,,,,,,,366.98276,119074.13,324.4679,62013.98,48430.5,46185.91,50960.762,48430.5,46185.91,50960.762,48430.5,46185.91,50960.762,48111.141,46915.809,49797.738,48111.141,46915.809,49797.738,48111.141,46915.809,49797.738,82.760002,74.410004,90.370003,82.760002,74.410004,90.370003,82.760002,74.410004,90.370003,83.360001,74.980003,90.779999,83.360001,74.980003,90.779999,83.360001,74.980003,90.779999,14892333,14295688,15515679,14892333,14295688,15515679,14892333,14295688,15515679,14919549,14569028,15426481,14919549,14569028,15426481,14919549,14569028,15426481,21207.119,18897.811,23539.34,21207.119,18897.811,23539.34,21207.119,18897.811,23539.34,21248.199,19086.34,23420.869,21248.199,19086.34,23420.869,21248.199,19086.34,23420.869,2791.05,3100.51,3400.1799,2791.05,3100.51,3400.1799,2791.05,3100.51,3400.1799,2803.1201,3119.29,3401.25,2803.1201,3119.29,3401.25,2803.1201,3119.29,3401.25,276.51999,309.06,341.64999,276.51999,309.06,341.64999,276.51999,309.06,341.64999,278.97,310.17001,339.03,278.97,310.17001,339.03,278.97,310.17001,339.03,1084.3199,1201.24,1312.51,1084.3199,1201.24,1312.51,1084.3199,1201.24,1312.51,1088.85,1209.38,1314.9,1088.85,1209.38,1314.9,1088.85,1209.38,1314.9,78.949997,88.239998,97.550003,78.949997,88.239998,97.550003,78.949997,88.239998,97.550003,79.650002,88.559998,96.800003,79.650002,88.559998,96.800003,79.650002,88.559998,96.800003,131136.3,147069.81,163181.28,131136.3,147069.81,163181.28,131136.3,147069.81,163181.28,132394.7,147371.16,162404.63,132394.7,147371.16,162404.63,132394.7,147371.16,162404.63,.85000002,.88,.91000003,.85000002,.88,.91000003,.85000002,.88,.91000003,.85000002,.88,.91000003,.85000002,.88,.91000003,.85000002,.88,.91000003,1.01,1.04,1.0700001,1.01,1.04,1.0700001,1.01,1.04,1.0700001,1.01,1.04,1.08,1.01,1.04,1.08,1.01,1.04,1.08,.39024633,.39374933,.38391054,.39024633,.39374933,.38391054,.39024633,.39374933,.38391054,.3923156,.39284644,.38760304,.3923156,.39284644,.38760304,.3923156,.39284644,.38760304,189.98169,68157.422,358.75784,29690.801,58336,58336,58336,80,80,80,1452380,1452380,1452380,7054,7054,7054,1.1341083,1.1341083,1.1341083,167.9077,7854.3999,46.77808,3742.2463,,,,,,,,,,,,,,,,,,,,88.175003,24.896805,,,493.51764,340.13882,,,,,256.24841,307.49905,256.24841,307.49905,256.24841,307.49905,88.175003,24.896805,,,1,,2.3890646,2.3890646,2.3890646,1.0345,1.0345,1.0345,1,,1,,13.371653,,,3.0063963,3.0063963,3.0063963,1,,1,,2.3890646,2.3890646,2.3890646,.83019918,.83019918,.83019918,1,,1,,32.639275,,,10.253744,10.253744,10.253744,1,
06Feb2021,Iran,76,58412,152,380,116824,292060,6990,1459370,13980,34950,2918740,7296850,1247374,6054,1.0872675,153584,71.883926,7121.6699,168.70255,6686.9453,39.637489,3012.4492,,,,,,,,,,,,,,,,,,,,,,,,14145.695,16809.76,12106.713,4552.1523,5409.4609,3895.9978,1490.7461,1768.868,1287.5044,487.42804,569.37756,428.70166,181.56891,,,139550.05,,,169.09761,169.09761,169.09761,139491.94,139491.94,139491.94,76,,,58412,,,70.779839,70.779839,70.779839,58387.68,58387.68,58387.68,64.991165,94010.188,78905.25,109779.6,47498636,54687824,41012032,181.56891,,,139550.05,,,169.09761,169.09761,169.09761,139491.94,139491.94,139491.94,64.991165,,,,,,,181.56891,,,139550.05,,,169.09761,169.09761,169.09761,139491.94,139491.94,139491.94,64.991165,,,,,,,.21538965,,,165.54395,,,.20059532,.20059532,.20059532,165.47502,165.47502,165.47502,.090156473,,,69.292366,,,.08396396,.08396396,.08396396,69.263519,69.263519,69.263519,8.2920237,111.52141,93.602882,130.2282,.19313748,,,,,,,,,366.98276,119074.13,324.4679,58913.281,48513.148,46261.789,51040.672,48513.148,46261.789,51040.672,48513.148,46261.789,51040.672,48194.352,47000.059,49884.328,48194.352,47000.059,49884.328,48194.352,47000.059,49884.328,82.639999,74.5,90.349998,82.639999,74.5,90.349998,82.639999,74.5,90.349998,83.209999,74.839996,90.650002,83.209999,74.839996,90.650002,83.209999,74.839996,90.650002,14913143,14314740,15536025,14913143,14314740,15536025,14913143,14314740,15536025,14940392,14590031,15447227,14940392,14590031,15447227,14940392,14590031,15447227,20809.721,18493.609,23122.949,20809.721,18493.609,23122.949,20809.721,18493.609,23122.949,20842.721,18716.5,22981.811,20842.721,18716.5,22981.811,20842.721,18716.5,22981.811,2766.8,3076.0901,3377,2766.8,3076.0901,3377,2766.8,3076.0901,3377,2780.4099,3093.74,3372.8,2780.4099,3093.74,3372.8,2780.4099,3093.74,3372.8,271.35999,303.39001,335.66,271.35999,303.39001,335.66,271.35999,303.39001,335.66,273.75,304.38,333.63,273.75,304.38,333.63,273.75,304.38,333.63,1080.1,1196.21,1308.52,1080.1,1196.21,1308.52,1080.1,1196.21,1308.52,1083.8,1203.96,1309.04,1083.8,1203.96,1309.04,1083.8,1203.96,1309.04,77.480003,86.620003,95.839996,77.480003,86.620003,95.839996,77.480003,86.620003,95.839996,78.160004,86.900002,95.260002,78.160004,86.900002,95.260002,78.160004,86.900002,95.260002,128470,144374.8,160361.73,128470,144374.8,160361.73,128470,144374.8,160361.73,129887.56,144619.39,159442.53,129887.56,144619.39,159442.53,129887.56,144619.39,159442.53,.88,.89999998,.92000002,.88,.89999998,.92000002,.88,.89999998,.92000002,.88,.89999998,.91000003,.88,.89999998,.91000003,.88,.89999998,.91000003,1.05,1.0700001,1.09,1.05,1.0700001,1.09,1.05,1.0700001,1.09,1.05,1.0700001,1.09,1.05,1.0700001,1.09,1.05,1.0700001,1.09,.39712209,.40284187,.39073735,.39712209,.40284187,.39073735,.39712209,.40284187,.39073735,.3992281,.39986107,.39444238,.3992281,.39986107,.39444238,.3992281,.39986107,.39444238,189.98169,68157.422,358.75784,29647.748,58412,58412,58412,76,76,76,1459370,1459370,1459370,6990,6990,6990,1.0872675,1.0872675,1.0872675,167.9077,7854.3999,46.77808,3555.134,,,,,,,,,,,,,,,,,,,,91.973686,24.984079,,,517.76587,340.3699,,,,,251.81172,307.40414,251.81172,307.40414,251.81172,307.40414,91.973686,24.984079,,,1,,2.3890646,2.3890646,2.3890646,1.0873684,1.0873684,1.0873684,1,,1,,13.44924,,,2.9770701,2.9770701,2.9770701,1,,1,,2.3890648,2.3890648,2.3890648,.83053392,.83053392,.83053392,1,,1,,32.547356,,,10.218891,10.218891,10.218891,1,
07Feb2021,Iran,57,58469,114,285,116938,292345,7065,1466435,14130,35325,2932870,7332175,1253554,6180,.80679405,154412,70.901787,7206.3574,168.70255,6686.9453,39.637489,2259.3369,,,,,,,,,,,,,,,,,,,,,,,,14194.533,16800.172,12165.332,4666.4102,5523.0059,3999.3164,1489.5149,1767.1667,1286.2291,487.6416,569.34454,428.42627,136.17668,,,139686.22,,,167.17282,167.17282,167.17282,139659.11,139659.11,139659.11,57,,,58469,,,69.974174,69.974174,69.974174,58457.652,58457.652,58457.652,64.970779,93722.953,78232.172,108912.9,47592360,54796740,41090264,136.17668,,,139686.22,,,167.17282,167.17282,167.17282,139659.11,139659.11,139659.11,64.970779,,,,,,,136.17668,,,139686.22,,,167.17282,167.17282,167.17282,139659.11,139659.11,139659.11,64.970779,,,,,,,.16154224,,,165.70549,,,.19831201,.19831201,.19831201,165.67334,165.67334,165.67334,.067617357,,,69.359985,,,.083008222,.083008222,.083008222,69.346527,69.346527,69.346527,8.3809938,111.18068,92.804436,129.20004,.14529705,,,,,,,,,366.98276,119074.13,324.4679,44184.961,48595.52,46337.352,51120.359,48595.52,46337.352,51120.359,48595.52,46337.352,51120.359,48277.27,47083.988,49970.691,48277.27,47083.988,49970.691,48277.27,47083.988,49970.691,82.379997,74.279999,90.169998,82.379997,74.279999,90.169998,82.379997,74.279999,90.169998,82.919998,74.559998,90.330002,82.919998,74.559998,90.330002,82.919998,74.559998,90.330002,14933596,14333502,15556024,14933596,14333502,15556024,14933596,14333502,15556024,14960873,14610666,15467588,14960873,14610666,15467588,14960873,14610666,15467588,20452.631,18165.16,22733.32,20452.631,18165.16,22733.32,20452.631,18165.16,22733.32,20481.471,18375.82,22588.279,20481.471,18375.82,22588.279,20481.471,18375.82,22588.279,2739.0901,3047.5601,3349.1001,2739.0901,3047.5601,3349.1001,2739.0901,3047.5601,3349.1001,2754.1699,3064.0601,3340.78,2754.1699,3064.0601,3340.78,2754.1699,3064.0601,3340.78,266.22,297.79999,329.73001,266.22,297.79999,329.73001,266.22,297.79999,329.73001,268.53,298.66,328.64001,268.53,298.66,328.64001,268.53,298.66,328.64001,1073.11,1189.58,1302.7,1073.11,1189.58,1302.7,1073.11,1189.58,1302.7,1077.39,1196.9301,1301.23,1077.39,1196.9301,1301.23,1077.39,1196.9301,1301.23,76.010002,85.019997,94.139999,76.010002,85.019997,94.139999,76.010002,85.019997,94.139999,76.669998,85.269997,93.830002,76.669998,85.269997,93.830002,76.669998,85.269997,93.830002,126344.46,142159.69,157832.59,126344.46,142159.69,157832.59,126344.46,142159.69,157832.59,127875.6,142401.33,156984.27,127875.6,142401.33,156984.27,127875.6,142401.33,156984.27,.88,.89999998,.92000002,.88,.89999998,.92000002,.88,.89999998,.92000002,.88,.89999998,.91000003,.88,.89999998,.91000003,.88,.89999998,.91000003,1.05,1.0700001,1.09,1.05,1.0700001,1.09,1.05,1.0700001,1.09,1.05,1.0700001,1.09,1.05,1.0700001,1.09,1.05,1.0700001,1.09,.40278435,.40891463,.39664245,.40278435,.40891463,.39664245,.40278435,.40891463,.39664245,.40485373,.40575057,.39989766,.40485373,.40575057,.39989766,.40485373,.40575057,.39989766,189.98169,68157.422,358.75784,29554.471,58469,58469,58469,57,57,57,1466435,1466435,1466435,7065,7065,7065,.80679405,.80679405,.80679405,167.9077,7854.3999,46.77808,2666.3506,,,,,,,,,,,,,,,,,,,,123.94736,25.080555,,,688.24524,340.70905,,,,,248.2718,307.30396,248.2718,307.30396,248.2718,307.30396,123.94736,25.080555,,,1,,2.3890646,2.3890646,2.3890646,1.4452631,1.4452631,1.4452631,1,,1,,13.265811,,,2.894923,2.894923,2.894923,1,,1,,2.3890646,2.3890646,2.3890646,.83113307,.83113307,.83113307,1,,1,,32.454464,,,10.183606,10.183606,10.183606,1,
08Feb2021,Iran,67,58536,134,335,117072,292680,7321,1473756,14642,36605,2947512,7368780,1260045,6491,.9151755,155175,69.964287,7273.875,168.70255,6686.9453,39.637489,2655.7117,,,,,,,,,,,,,,,,,,,,,,,,14226.714,16823.996,12215.699,4822.7793,5703.2446,4141.0566,1487.4219,1770.8451,1285.1891,487.92236,568.8219,428.48489,160.06734,,,139846.28,,,165.74117,165.74117,165.74117,139824.86,139824.86,139824.86,67,,,58536,,,69.374916,69.374916,69.374916,58527.027,58527.027,58527.027,64.943192,93470.805,77683.617,108253.99,47685832,54904992,41167948,160.06734,,,139846.28,,,165.74117,165.74117,165.74117,139824.86,139824.86,139824.86,64.943192,,,,,,,160.06734,,,139846.28,,,165.74117,165.74117,165.74117,139824.86,139824.86,139824.86,64.943192,,,,,,,.18988298,,,165.89537,,,.19661367,.19661367,.19661367,165.86995,165.86995,165.86995,.079480052,,,69.439468,,,.08229734,.08229734,.08229734,69.428825,69.428825,69.428825,8.6846781,110.88155,92.153702,128.41841,.17124848,,,,,,,,,366.98276,119074.13,324.4679,51936.711,48677.488,46412.48,51199.699,48677.488,46412.48,51199.699,48677.488,46412.48,51199.699,48359.75,47167.469,50056.672,48359.75,47167.469,50056.672,48359.75,47167.469,50056.672,81.970001,73.839996,89.830002,81.970001,73.839996,89.830002,81.970001,73.839996,89.830002,82.480003,74.169998,89.849998,82.480003,74.169998,89.849998,82.480003,74.169998,89.849998,14953732,14352037,15575987,14953732,14352037,15575987,14953732,14352037,15575987,14981038,14630990,15487577,14981038,14630990,15487577,14981038,14630990,15487577,20136.551,17891.51,22370.891,20136.551,17891.51,22370.891,20136.551,17891.51,22370.891,20165.08,18077.539,22236.711,20165.08,18077.539,22236.711,20165.08,18077.539,22236.711,2708.5,3015.5701,3317.1799,2708.5,3015.5701,3317.1799,2708.5,3015.5701,3317.1799,2724.98,3030.9299,3304.6499,2724.98,3030.9299,3304.6499,2724.98,3030.9299,3304.6499,261.12,292.35001,323.97,261.12,292.35001,323.97,261.12,292.35001,323.97,263.45999,293.10999,322.92999,263.45999,293.10999,322.92999,263.45999,293.10999,322.92999,1064.9301,1181.53,1295.26,1064.9301,1181.53,1295.26,1064.9301,1181.53,1295.26,1069.76,1188.47,1292.28,1069.76,1188.47,1292.28,1069.76,1188.47,1292.28,74.550003,83.470001,92.489998,74.550003,83.470001,92.489998,74.550003,83.470001,92.489998,75.220001,83.68,92.199997,75.220001,83.68,92.199997,75.220001,83.68,92.199997,124294.39,139988.98,155352.02,124294.39,139988.98,155352.02,124294.39,139988.98,155352.02,125851.55,140226.45,154565.45,125851.55,140226.45,154565.45,125851.55,140226.45,154565.45,.88,.89999998,.92000002,.88,.89999998,.92000002,.88,.89999998,.92000002,.88,.89999998,.91000003,.88,.89999998,.91000003,.88,.89999998,.91000003,1.05,1.0700001,1.09,1.05,1.0700001,1.09,1.05,1.0700001,1.09,1.05,1.0700001,1.09,1.05,1.0700001,1.09,1.05,1.0700001,1.09,.40707073,.41270971,.40154862,.40707073,.41270971,.40154862,.40707073,.41270971,.40154862,.40902394,.41028813,.40406156,.40902394,.41028813,.40406156,.40902394,.41028813,.40406156,189.98169,68157.422,358.75784,29407.381,58536,58536,58536,67,67,67,1473756,1473756,1473756,7321,7321,7321,.9151755,.9151755,.9151755,167.9077,7854.3999,46.77808,3134.1313,,,,,,,,,,,,,,,,,,,,109.26865,25.176916,,,583.94678,340.98749,,,,,245.65756,307.20016,245.65756,307.20016,245.65756,307.20016,109.26865,25.176916,,,1,,2.3890648,2.3890648,2.3890648,1.2234329,1.2234329,1.2234329,1,,1,,12.767491,,,2.7505193,2.7505193,2.7505193,1,,1,,2.3890646,2.3890646,2.3890646,.83158207,.83158207,.83158207,1,,1,,32.356667,,,10.146681,10.146681,10.146681,1,
09Feb2021,Iran,89,58625,178,445,117250,293125,7640,1481396,15280,38200,2962792,7406980,1266518,6473,1.1649215,156253,69.133926,7327.5088,168.70255,6686.9453,39.637489,3527.7366,,,,,,,,,,,,,,,,,,,,,,,,14244.989,16821.73,12259.993,4958.2749,5855.165,4267.3545,1484.5658,1770.6804,1281.4886,488.2977,570.20575,428.95026,212.62675,,,140058.92,,,164.88483,164.88483,164.88483,139989.73,139989.73,139989.73,89,,,58625,,,69.016479,69.016479,69.016479,58596.047,58596.047,58596.047,64.924629,93262.273,77289.922,107594.88,47779092,55012588,41245236,212.62675,,,140058.92,,,164.88483,164.88483,164.88483,139989.73,139989.73,139989.73,64.924629,,,,,,,212.62675,,,140058.92,,,164.88483,164.88483,164.88483,139989.73,139989.73,139989.73,64.924629,,,,,,,.25223261,,,166.14761,,,.19559783,.19559783,.19559783,166.06555,166.06555,166.06555,.10557798,,,69.545044,,,.081872135,.081872135,.081872135,69.510696,69.510696,69.510696,9.063098,110.63419,91.686668,127.63652,.22798796,,,,,,,,,366.98276,119074.13,324.4679,68990.555,48758.941,46487.09,51278.57,48758.941,46487.09,51278.57,48758.941,46487.09,51278.57,48441.672,47250.359,50142.148,48441.672,47250.359,50142.148,48441.672,47250.359,50142.148,81.440002,73.300003,89.339996,81.440002,73.300003,89.339996,81.440002,73.300003,89.339996,81.919998,73.669998,89.220001,81.919998,73.669998,89.220001,81.919998,73.669998,89.220001,14973568,14370364,15596018,14973568,14370364,15596018,14973568,14370364,15596018,15000903,14651021,15507204,15000903,14651021,15507204,15000903,14651021,15507204,19835.41,17624.52,22020.189,19835.41,17624.52,22020.189,19835.41,17624.52,22020.189,19864.67,17797.18,21900.359,19864.67,17797.18,21900.359,19864.67,17797.18,21900.359,2675.6799,2980.79,3281.9299,2675.6799,2980.79,3281.9299,2675.6799,2980.79,3281.9299,2693.4199,2995.02,3265.2,2693.4199,2995.02,3265.2,2693.4199,2995.02,3265.2,256.28,287.12,318.42001,256.28,287.12,318.42001,256.28,287.12,318.42001,258.60001,287.78,317.14999,258.60001,287.78,317.14999,258.60001,287.78,317.14999,1055.73,1172.24,1286.35,1055.73,1172.24,1286.35,1055.73,1172.24,1286.35,1061.08,1178.77,1282.04,1061.08,1178.77,1282.04,1061.08,1178.77,1282.04,73.169998,81.970001,90.910004,73.169998,81.970001,90.910004,73.169998,81.970001,90.910004,73.830002,82.160004,90.550003,73.830002,82.160004,90.550003,73.830002,82.160004,90.550003,122439.44,137853.16,152909.59,122439.44,137853.16,152909.59,122439.44,137853.16,152909.59,123832.21,138086.83,152184.52,123832.21,138086.83,152184.52,123832.21,138086.83,152184.52,.88,.89999998,.92000002,.88,.89999998,.92000002,.88,.89999998,.92000002,.88,.89999998,.91000003,.88,.89999998,.91000003,.88,.89999998,.91000003,1.05,1.0700001,1.09,1.05,1.0700001,1.09,1.05,1.0700001,1.09,1.05,1.0700001,1.09,1.05,1.0700001,1.09,1.05,1.0700001,1.09,.41057888,.41589788,.40571856,.41057888,.41589788,.40571856,.41057888,.41589788,.40571856,.41239044,.41394198,.40739059,.41239044,.41394198,.40739059,.41239044,.41394198,.40739059,189.98169,68157.422,358.75784,29217.24,58625,58625,58625,89,89,89,1481396,1481396,1481396,7640,7640,7640,1.1649215,1.1649215,1.1649215,167.9077,7854.3999,46.77808,4163.249,,,,,,,,,,,,,,,,,,,,85.842697,25.269014,,,438.61966,341.13565,,,,,243.55856,307.09378,243.55856,307.09378,243.55856,307.09378,85.842697,25.269014,,,1,,2.3890646,2.3890646,2.3890646,.91505623,.91505623,.91505623,1,,1,,12.207104,,,2.5962579,2.5962579,2.5962579,1,,1,,2.3890648,2.3890648,2.3890648,.83170903,.83170903,.83170903,1,,1,,32.252747,,,10.107741,10.107741,10.107741,1,
10Feb2021,Iran,61,58686,122,305,117372,293430,7585,1488981,15170,37925,2977962,7444905,1272287,5769,.80421883,158008,68.696426,7372.6787,168.70255,6686.9453,39.637489,2417.887,,,,,,,,,,,,,,,,,,,,,,,,14356.53,16914.01,12355.779,5095.5029,6003.2188,4385.3848,1481.0544,1771.8567,1274.3065,488.8035,572.21442,429.43402,145.73294,,,140204.64,,,164.68942,164.68942,164.68942,140154.44,140154.44,140154.44,61,,,58686,,,68.934685,68.934685,68.934685,58664.98,58664.98,58664.98,64.934677,93105.648,77023.203,107361.54,47872200,55119948,41322260,145.73294,,,140204.64,,,164.68942,164.68942,164.68942,140154.44,140154.44,140154.44,64.934677,,,,,,,145.73294,,,140204.64,,,164.68942,164.68942,164.68942,140154.44,140154.44,140154.44,64.934677,,,,,,,.17287853,,,166.32048,,,.19536602,.19536602,.19536602,166.26091,166.26091,166.26091,.072362438,,,69.617409,,,.081775114,.081775114,.081775114,69.592476,69.592476,69.592476,8.9978533,110.44839,91.37027,127.35971,.15652427,,,,,,,,,366.98276,119074.13,324.4679,47285.66,48839.75,46561.07,51356.871,48839.75,46561.07,51356.871,48839.75,46561.07,51356.871,48522.93,47332.559,50226.98,48522.93,47332.559,50226.98,48522.93,47332.559,50226.98,80.809998,72.669998,88.739998,80.809998,72.669998,88.739998,80.809998,72.669998,88.739998,81.260002,73.07,88.510002,81.260002,73.07,88.510002,81.260002,73.07,88.510002,14993107,14388486,15615733,14993107,14388486,15615733,14993107,14388486,15615733,15020472,14670764,15526475,15020472,14670764,15526475,15020472,14670764,15526475,19539.25,17359.109,21675.311,19539.25,17359.109,21675.311,19539.25,17359.109,21675.311,19569.199,17521.711,21572.76,19569.199,17521.711,21572.76,19569.199,17521.711,21572.76,2641.27,2943.8701,3243.96,2641.27,2943.8701,3243.96,2641.27,2943.8701,3243.96,2660.05,2957.01,3223.2,2660.05,2957.01,3223.2,2660.05,2957.01,3223.2,251.55,282.14001,313.04999,251.55,282.14001,313.04999,251.55,282.14001,313.04999,254,282.73001,311.64001,254,282.73001,311.64001,254,282.73001,311.64001,1045.7,1161.89,1276.1801,1045.7,1161.89,1276.1801,1045.7,1161.89,1276.1801,1051.51,1168.02,1270.54,1051.51,1168.02,1270.54,1051.51,1168.02,1270.54,71.82,80.550003,89.370003,71.82,80.550003,89.370003,71.82,80.550003,89.370003,72.519997,80.720001,88.970001,72.519997,80.720001,88.970001,72.519997,80.720001,88.970001,120612.88,135750.84,150504.55,120612.88,135750.84,150504.55,120612.88,135750.84,150504.55,121847.19,135980.95,149854.94,121847.19,135980.95,149854.94,121847.19,135980.95,149854.94,.88,.89999998,.92000002,.88,.89999998,.92000002,.88,.89999998,.92000002,.88,.89999998,.91000003,.88,.89999998,.91000003,.88,.89999998,.91000003,1.05,1.0700001,1.09,1.05,1.0700001,1.09,1.05,1.0700001,1.09,1.05,1.0700001,1.09,1.05,1.0700001,1.09,1.05,1.0700001,1.09,.4135778,.41862747,.40940589,.4135778,.41862747,.40940589,.4135778,.41862747,.40940589,.4152444,.41702548,.41028595,.4152444,.41702548,.41028595,.4152444,.41702548,.41028595,189.98169,68157.422,358.75784,28991.221,58686,58686,58686,61,61,61,1488981,1488981,1488981,7585,7585,7585,.80421883,.80421883,.80421883,167.9077,7854.3999,46.77808,2853.4629,,,,,,,,,,,,,,,,,,,,124.34426,25.371996,,,638.87854,341.44519,,,,,241.79248,306.98575,241.79248,306.98575,241.79248,306.98575,124.34426,25.371996,,,1,,2.3890646,2.3890646,2.3890646,1.324754,1.324754,1.324754,1,,1,,12.27497,,,2.5760381,2.5760381,2.5760381,1,,1,,2.3890646,2.3890646,2.3890646,.83222151,.83222151,.83222151,1,,1,,32.150982,,,10.069374,10.069374,10.069374,1,
11Feb2021,Iran,65,58751,130,325,117502,293755,7474,1496455,14948,37370,2992910,7482275,1278857,6570,.86968154,158847,68.892853,7418.4644,168.70255,6686.9453,39.637489,2576.4368,,,,,,,,,,,,,,,,,,,,,,,,14390.218,16924.852,12421.285,5233.5405,6155.355,4517.4648,1477.0068,1775.715,1267.683,489.48749,573.70465,428.80295,155.2892,,,140359.94,,,165.24515,165.24515,165.24515,140319.67,140319.67,140319.67,65,,,58751,,,69.167297,69.167297,69.167297,58734.148,58734.148,58734.148,64.992622,93009.188,76690.906,106791.05,47965208,55226740,41398952,155.2892,,,140359.94,,,165.24515,165.24515,165.24515,140319.67,140319.67,140319.67,64.992622,,,,,,,155.2892,,,140359.94,,,165.24515,165.24515,165.24515,140319.67,140319.67,140319.67,64.992622,,,,,,,.18421483,,,166.5047,,,.19602525,.19602525,.19602525,166.45694,166.45694,166.45694,.077107511,,,69.694511,,,.082051046,.082051046,.082051046,69.674522,69.674522,69.674522,8.8661776,110.33395,90.976074,126.68295,.16696113,,,,,,,,,366.98276,119074.13,324.4679,50386.359,48919.82,46634.359,51434.512,48919.82,46634.359,51434.512,48919.82,46634.359,51434.512,48603.43,47413.961,50311.078,48603.43,47413.961,50311.078,48603.43,47413.961,50311.078,80.080002,71.959999,88.019997,80.080002,71.959999,88.019997,80.080002,71.959999,88.019997,80.5,72.400002,87.690002,80.5,72.400002,87.690002,80.5,72.400002,87.690002,15012352,14406400,15635135,15012352,14406400,15635135,15012352,14406400,15635135,15039748,14690220,15545396,15039748,14690220,15545396,15039748,14690220,15545396,19245.41,17095.58,21334.66,19245.41,17095.58,21334.66,19245.41,17095.58,21334.66,19275.74,17247.66,21252.66,19275.74,17247.66,21252.66,19275.74,17247.66,21252.66,2605.8601,2905.3999,3203.8501,2605.8601,2905.3999,3203.8501,2605.8601,2905.3999,3203.8501,2625.3999,2917.51,3180.1599,2625.3999,2917.51,3180.1599,2625.3999,2917.51,3180.1599,247.00999,277.39001,307.85001,247.00999,277.39001,307.85001,247.00999,277.39001,307.85001,249.62,277.92999,306.38,249.62,277.92999,306.38,249.62,277.92999,306.38,1035.03,1150.6801,1264.91,1035.03,1150.6801,1264.91,1035.03,1150.6801,1264.91,1041.21,1156.41,1257.99,1041.21,1156.41,1257.99,1041.21,1156.41,1257.99,70.519997,79.190002,87.889999,70.519997,79.190002,87.889999,70.519997,79.190002,87.889999,71.269997,79.349998,87.470001,71.269997,79.349998,87.470001,71.269997,79.349998,87.470001,118769.5,133681.22,148136.38,118769.5,133681.22,148136.38,118769.5,133681.22,148136.38,119895.22,133907.91,147602.33,119895.22,133907.91,147602.33,119895.22,133907.91,147602.33,.88,.89999998,.92000002,.88,.89999998,.92000002,.88,.89999998,.92000002,.88,.89999998,.92000002,.88,.89999998,.92000002,.88,.89999998,.92000002,1.05,1.0700001,1.09,1.05,1.0700001,1.09,1.05,1.0700001,1.09,1.05,1.0700001,1.09,1.05,1.0700001,1.09,1.05,1.0700001,1.09,.41609922,.42092749,.41256806,.41609922,.42092749,.41256806,.41609922,.42092749,.41256806,.4176234,.41976708,.41260719,.4176234,.41976708,.41260719,.4176234,.41976708,.41260719,189.98169,68157.422,358.75784,28729.328,58751,58751,58751,65,65,65,1496455,1496455,1496455,7474,7474,7474,.86968154,.86968154,.86968154,167.9077,7854.3999,46.77808,3040.5752,,,,,,,,,,,,,,,,,,,,114.98462,25.471142,,,598.94177,341.73004,,,,,240.3273,306.87668,240.3273,306.87668,240.3273,306.87668,114.98462,25.471142,,,1,,2.3890646,2.3890646,2.3890646,1.232,1.232,1.232,1,,1,,12.444366,,,2.5749812,2.5749812,2.5749812,1,,1,,2.3890646,2.3890646,2.3890646,.8326636,.8326636,.8326636,1,,1,,32.052555,,,10.031943,10.031943,10.031943,1,
12Feb2021,Iran,58,58809,116,290,117618,294045,7298,1503753,14596,36490,3007506,7518765,1285014,6157,.79473829,159930,69.60714,7470.7319,168.70255,6686.9453,39.637489,2298.9744,,,,,,,,,,,,,,,,,,,,,,,,14435.104,16982.945,12530.133,5329.3027,6269.9414,4626.0059,1472.5491,1770.1876,1265.1488,490.31342,577.39258,428.36194,138.56575,,,140498.5,,,166.55402,166.55402,166.55402,140486.23,140486.23,140486.23,58,,,58809,,,69.715157,69.715157,69.715157,58803.863,58803.863,58803.863,65.112839,92981.172,76508.703,106213.16,48058188,55332952,41475460,138.56575,,,140498.5,,,166.55402,166.55402,166.55402,140486.23,140486.23,140486.23,65.112839,,,,,,,138.56575,,,140498.5,,,166.55402,166.55402,166.55402,140486.23,140486.23,140486.23,65.112839,,,,,,,.16437632,,,166.66908,,,.19757792,.19757792,.19757792,166.65453,166.65453,166.65453,.068803623,,,69.763321,,,.082700953,.082700953,.082700953,69.757225,69.757225,69.757225,8.6573944,110.30072,90.759933,125.99742,.1490256,,,,,,,,,366.98276,119074.13,324.4679,44960.137,48999.09,46706.891,51511.41,48999.09,46706.891,51511.41,48999.09,46706.891,51511.41,48683.102,47494.5,50394.34,48683.102,47494.5,50394.34,48683.102,47494.5,50394.34,79.269997,71.199997,87.209999,79.269997,71.199997,87.209999,79.269997,71.199997,87.209999,79.660004,71.660004,86.779999,79.660004,71.660004,86.779999,79.660004,71.660004,86.779999,15031306,14425286,15654228,15031306,14425286,15654228,15031306,14425286,15654228,15058732,14708444,15563975,15058732,14708444,15563975,15058732,14708444,15563975,18953.961,16834.07,20987.48,18953.961,16834.07,20987.48,18953.961,16834.07,20987.48,18984.391,16975.131,20934.971,18984.391,16975.131,20934.971,18984.391,16975.131,20934.971,2569.51,2865.8899,3162.0901,2569.51,2865.8899,3162.0901,2569.51,2865.8899,3162.0901,2589.52,2877.04,3139.02,2589.52,2877.04,3139.02,2589.52,2877.04,3139.02,242.50999,272.84,302.79999,242.50999,272.84,302.79999,242.50999,272.84,302.79999,245.45,273.34,301.34,245.45,273.34,301.34,245.45,273.34,301.34,1023.66,1138.75,1252.6899,1023.66,1138.75,1252.6899,1023.66,1138.75,1252.6899,1030.3101,1144.11,1244.58,1030.3101,1144.11,1244.58,1030.3101,1144.11,1244.58,69.230003,77.889999,86.449997,69.230003,77.889999,86.449997,69.230003,77.889999,86.449997,70.07,78.040001,86.029999,70.07,78.040001,86.029999,70.07,78.040001,86.029999,116938.7,131643.84,145804.8,116938.7,131643.84,145804.8,116938.7,131643.84,145804.8,117975.61,131867.2,145383.31,117975.61,131867.2,145383.31,117975.61,131867.2,145383.31,.88,.89999998,.92000002,.88,.89999998,.92000002,.88,.89999998,.92000002,.88,.89999998,.92000002,.88,.89999998,.92000002,.88,.89999998,.92000002,1.05,1.0700001,1.09,1.05,1.0700001,1.09,1.05,1.0700001,1.09,1.05,1.0700001,1.09,1.05,1.0700001,1.09,1.05,1.0700001,1.09,.41822392,.42295176,.41553342,.41822392,.42295176,.41553342,.41822392,.42295176,.41553342,.41960791,.42214698,.41452172,.41960791,.42214698,.41452172,.41960791,.42214698,.41452172,189.98169,68157.422,358.75784,28438.732,58809,58809,58809,58,58,58,1503753,1503753,1503753,7298,7298,7298,.79473829,.79473829,.79473829,167.9077,7854.3999,46.77808,2713.1287,,,,,,,,,,,,,,,,,,,,125.82758,25.570116,,,671.02563,342.05481,,,,,239.10637,306.76706,239.10637,306.76706,239.10637,306.76706,125.82758,25.570116,,,1,,2.3890646,2.3890646,2.3890646,1.3667241,1.3667241,1.3667241,1,,1,,12.740638,,,2.5971446,2.5971446,2.5971446,1,,1,,2.3890646,2.3890646,2.3890646,.83319032,.83319032,.83319032,1,,1,,31.958832,,,9.9958611,9.9958611,9.9958611,1,
13Feb2021,Iran,74,58883,148,370,117766,294415,7120,1510873,14240,35600,3021746,7554365,1291726,6712,1.0393258,160264,70.70536,7531.9375,168.70255,6686.9453,39.637489,2933.1743,,,,,,,,,,,,,,,,,,,,,,,,14516.094,17065.15,12625.868,5468.2939,6428.5381,4756.2358,1467.8119,1755.8866,1255.8882,491.12167,580.37054,429.66156,176.79079,,,140675.3,,,168.49014,168.49014,168.49014,140654.72,140654.72,140654.72,74,,,58883,,,70.525574,70.525574,70.525574,58874.387,58874.387,58874.387,65.301018,93029.703,76476.82,105737.35,48151220,55438688,41551936,176.79079,,,140675.3,,,168.49014,168.49014,168.49014,140654.72,140654.72,140654.72,65.301018,,,,,,,176.79079,,,140675.3,,,168.49014,168.49014,168.49014,140654.72,140654.72,140654.72,65.301018,,,,,,,.20972151,,,166.8788,,,.19987471,.19987471,.19987471,166.8544,166.8544,166.8544,.08778394,,,69.851105,,,.083662331,.083662331,.083662331,69.840889,69.840889,69.840889,8.4462385,110.3583,90.722115,125.43299,.19003692,,,,,,,,,366.98276,119074.13,324.4679,57362.934,49077.488,46778.629,51587.52,49077.488,46778.629,51587.52,49077.488,46778.629,51587.52,48761.871,47574.102,50473.43,48761.871,47574.102,50473.43,48761.871,47574.102,50473.43,78.400002,70.379997,86.32,78.400002,70.379997,86.32,78.400002,70.379997,86.32,78.769997,70.870003,85.800003,78.769997,70.870003,85.800003,78.769997,70.870003,85.800003,15049972,14444848,15673022,15049972,14444848,15673022,15049972,14444848,15673022,15077428,14726201,15582217,15077428,14726201,15582217,15077428,14726201,15582217,18665.66,16575.359,20616.59,18665.66,16575.359,20616.59,18665.66,16575.359,20616.59,18695.99,16705.119,20620.539,18695.99,16705.119,20620.539,18695.99,16705.119,20620.539,2531.8301,2825.74,3119.6299,2531.8301,2825.74,3119.6299,2531.8301,2825.74,3119.6299,2551.8401,2836,3100.3501,2551.8401,2836,3100.3501,2551.8401,2836,3100.3501,238.35001,268.45999,297.89001,238.35001,268.45999,297.89001,238.35001,268.45999,297.89001,241.3,268.92999,296.47,241.3,268.92999,296.47,241.3,268.92999,296.47,1011.69,1126.25,1239.6801,1011.69,1126.25,1239.6801,1011.69,1126.25,1239.6801,1018.94,1131.26,1230.7,1018.94,1131.26,1230.7,1018.94,1131.26,1230.7,68.050003,76.639999,85.040001,68.050003,76.639999,85.040001,68.050003,76.639999,85.040001,68.889999,76.779999,84.639999,68.889999,76.779999,84.639999,68.889999,76.779999,84.639999,115137.22,129638.47,143273.02,115137.22,129638.47,143273.02,115137.22,129638.47,143273.02,116088.01,129858.61,143197.7,116088.01,129858.61,143197.7,116088.01,129858.61,143197.7,.88,.89999998,.92000002,.88,.89999998,.92000002,.88,.89999998,.92000002,.88,.89999998,.92000002,.88,.89999998,.92000002,.88,.89999998,.92000002,1.05,1.0700001,1.09,1.05,1.0700001,1.09,1.05,1.0700001,1.09,1.05,1.0700001,1.09,1.05,1.0700001,1.09,1.05,1.0700001,1.09,.42002267,.42460617,.41869193,.42002267,.42460617,.41869193,.42002267,.42460617,.41869193,.42132026,.42424121,.41609001,.42132026,.42424121,.41609001,.42132026,.42424121,.41609001,189.98169,68157.422,358.75784,28126.615,58883,58883,58883,74,74,74,1510873,1510873,1510873,7120,7120,7120,1.0393258,1.0393258,1.0393258,167.9077,7854.3999,46.77808,3461.5779,,,,,,,,,,,,,,,,,,,,96.216217,25.658899,,,526.2135,342.28625,,,,,238.0824,306.65735,238.0824,306.65735,238.0824,306.65735,96.216217,25.658899,,,1,,2.3890648,2.3890648,2.3890648,1.0594594,1.0594594,1.0594594,1,,1,,13.065969,,,2.6215816,2.6215816,2.6215816,1,,1,,2.3890648,2.3890648,2.3890648,.83347464,.83347464,.83347464,1,,1,,31.869801,,,9.9611101,9.9611101,9.9611101,1,
14Feb2021,Iran,62,58945,124,310,117890,294725,7390,1518263,14780,36950,3036526,7591315,1298023,6297,.83897156,161295,71.9375,7604.7944,168.70255,6686.9453,39.637489,2457.5244,,,,,,,,,,,,,,,,,,,,,,,,15066.764,17679.795,13084.413,5563.647,6528.5513,4831.6323,1462.9321,1740.6431,1248.3528,491.75211,579.41974,428.73065,148.12201,,,140823.42,,,170.91908,170.91908,170.91908,140825.64,140825.64,140825.64,62,,,58945,,,71.542259,71.542259,71.542259,58945.93,58945.93,58945.93,65.55275,93162.938,76581.461,105625.29,48244384,55544316,41628516,148.12201,,,140823.42,,,170.91908,170.91908,170.91908,140825.64,140825.64,140825.64,65.55275,,,,,,,148.12201,,,140823.42,,,170.91908,170.91908,170.91908,140825.64,140825.64,140825.64,65.55275,,,,,,,.17571262,,,167.05452,,,.20275608,.20275608,.20275608,167.05714,167.05714,167.05714,.073548704,,,69.924652,,,.084868394,.084868394,.084868394,69.925758,69.925758,69.925758,8.766531,110.51634,90.846245,125.30006,.15899242,,,,,,,,,366.98276,119074.13,324.4679,48060.836,49154.969,46849.539,51662.789,49154.969,46849.539,51662.789,49154.969,46849.539,51662.789,48839.68,47652.73,50550.781,48839.68,47652.73,50550.781,48839.68,47652.73,50550.781,77.480003,69.529999,85.370003,77.480003,69.529999,85.370003,77.480003,69.529999,85.370003,77.82,70.040001,84.75,77.82,70.040001,84.75,77.82,70.040001,84.75,15068353,14464185,15691617,15068353,14464185,15691617,15068353,14464185,15691617,15095840,14743684,15600128,15095840,14743684,15600128,15095840,14743684,15600128,18381.199,16320.1,20254.41,18381.199,16320.1,20254.41,18381.199,16320.1,20254.41,18411.301,16438.529,20310.119,18411.301,16438.529,20310.119,18411.301,16438.529,20310.119,2494.1101,2785.27,3076.95,2494.1101,2785.27,3076.95,2494.1101,2785.27,3076.95,2513.98,2794.72,3064.1299,2513.98,2794.72,3064.1299,2513.98,2794.72,3064.1299,234.69,264.22,293.10001,234.69,264.22,293.10001,234.69,264.22,293.10001,237.25,264.67001,291.73999,237.25,264.67001,291.73999,237.25,264.67001,291.73999,999.40002,1113.3,1226.3101,999.40002,1113.3,1226.3101,999.40002,1113.3,1226.3101,1006.81,1117.98,1217.4,1006.81,1117.98,1217.4,1006.81,1117.98,1217.4,67,75.43,83.68,67,75.43,83.68,67,75.43,83.68,67.730003,75.559998,83.290001,67.730003,75.559998,83.290001,67.730003,75.559998,83.290001,113364.88,127664.94,140763.19,113364.88,127664.94,140763.19,113364.88,127664.94,140763.19,114232.14,127881.93,141045.38,114232.14,127881.93,141045.38,114232.14,127881.93,141045.38,.88,.89999998,.92000002,.88,.89999998,.92000002,.88,.89999998,.92000002,.88,.89999998,.92000002,.88,.89999998,.92000002,.88,.89999998,.92000002,1.05,1.0700001,1.09,1.05,1.0700001,1.09,1.05,1.0700001,1.09,1.05,1.0700001,1.09,1.05,1.0700001,1.09,1.05,1.0700001,1.09,.42151767,.42603907,.42148846,.42151767,.42603907,.42148846,.42151767,.42603907,.42148846,.42267519,.42607218,.41727969,.42267519,.42607218,.41727969,.42267519,.42607218,.41727969,189.98169,68157.422,358.75784,27796.559,58945,58945,58945,62,62,62,1518263,1518263,1518263,7390,7390,7390,.83897156,.83897156,.83897156,167.9077,7854.3999,46.77808,2900.241,,,,,,,,,,,,,,,,,,,,119.19355,25.757282,,,628.96082,342.58777,,,,,237.23798,306.54791,237.23798,306.54791,237.23798,306.54791,119.19355,25.757282,,,1,,2.3890646,2.3890646,2.3890646,1.2496774,1.2496774,1.2496774,1,,1,,12.606622,,,2.4873071,2.4873071,2.4873071,1,,1,,2.3890648,2.3890648,2.3890648,.83391243,.83391243,.83391243,1,,1,,31.776039,,,9.9247322,9.9247322,9.9247322,1,
15Feb2021,Iran,83,59028,166,415,118056,295140,7760,1526023,15520,38800,3052046,7630115,1304330,6307,1.0695876,162665,73.285713,7687.1338,168.70255,6686.9453,39.637489,3289.9116,,,,,,,,,,,,,,,,,,,,,,,,15130.119,17712.375,13115.103,5630.0679,6590.9512,4880.2603,1458.0496,1724.7208,1243.2131,492.1152,576.75208,427.5899,198.29237,,,141021.7,,,173.7028,173.7028,173.7028,140999.34,140999.34,140999.34,83,,,59028,,,72.707451,72.707451,72.707451,59018.637,59018.637,59018.637,65.855385,93388.891,76843.695,105766.33,48337772,55650080,41705360,198.29237,,,141021.7,,,173.7028,173.7028,173.7028,140999.34,140999.34,140999.34,65.855385,,,,,,,198.29237,,,141021.7,,,173.7028,173.7028,173.7028,140999.34,140999.34,140999.34,65.855385,,,,,,,.23522817,,,167.28973,,,.20605832,.20605832,.20605832,167.26321,167.26321,167.26321,.098460361,,,70.023109,,,.086250626,.086250626,.086250626,70.012009,70.012009,70.012009,9.205451,110.78439,91.157326,125.46736,.21232973,,,,,,,,,366.98276,119074.13,324.4679,64339.508,49231.488,46919.602,51737.16,49231.488,46919.602,51737.16,49231.488,46919.602,51737.16,48916.52,47730.34,50627.129,48916.52,47730.34,50627.129,48916.52,47730.34,50627.129,76.519997,68.650002,84.360001,76.519997,68.650002,84.360001,76.519997,68.650002,84.360001,76.830002,69.169998,83.739998,76.830002,69.169998,83.739998,76.830002,69.169998,83.739998,15086454,14483298,15709917,15086454,14483298,15709917,15086454,14483298,15709917,15113970,14760898,15617715,15113970,14760898,15617715,15113970,14760898,15617715,18101.01,16068.71,19898.449,18101.01,16068.71,19898.449,18101.01,16068.71,19898.449,18130.84,16175.97,20004.189,18130.84,16175.97,20004.189,18130.84,16175.97,20004.189,2456.5701,2744.71,3033.77,2456.5701,2744.71,3033.77,2456.5701,2744.71,3033.77,2476.1799,2753.4399,3027.21,2476.1799,2753.4399,3027.21,2476.1799,2753.4399,3027.21,231.10001,260.09,288.41,231.10001,260.09,288.41,231.10001,260.09,288.41,233.33,260.53,287.25,233.33,260.53,287.25,233.33,260.53,287.25,986.87,1099.98,1212.45,986.87,1099.98,1212.45,986.87,1099.98,1212.45,994.25,1104.36,1203.87,994.25,1104.36,1203.87,994.25,1104.36,1203.87,65.980003,74.25,82.339996,65.980003,74.25,82.339996,65.980003,74.25,82.339996,66.610001,74.379997,82,66.610001,74.379997,82,66.610001,74.379997,82,111621.47,125723.05,138297.89,111621.47,125723.05,138297.89,111621.47,125723.05,138297.89,112407.75,125936.98,138926.23,112407.75,125936.98,138926.23,112407.75,125936.98,138926.23,.88,.89999998,.92000002,.88,.89999998,.92000002,.88,.89999998,.92000002,.88,.89999998,.92000002,.88,.89999998,.92000002,.88,.89999998,.92000002,1.05,1.0700001,1.09,1.05,1.0700001,1.09,1.05,1.0700001,1.09,1.05,1.0700001,1.09,1.05,1.0700001,1.09,1.05,1.0700001,1.09,.42273882,.42722782,.42395264,.42273882,.42722782,.42395264,.42273882,.42722782,.42395264,.42375314,.42760959,.4186123,.42375314,.42760959,.4186123,.42375314,.42760959,.4186123,189.98169,68157.422,358.75784,27452.148,59028,59028,59028,83,83,83,1526023,1526023,1526023,7760,7760,7760,1.0695876,1.0695876,1.0695876,167.9077,7854.3999,46.77808,3882.5806,,,,,,,,,,,,,,,,,,,,93.493973,25.852528,,,470.96561,342.76831,,,,,236.55267,306.43912,236.55267,306.43912,236.55267,306.43912,93.493973,25.852528,,,1,,2.3890648,2.3890648,2.3890648,.92192769,.92192769,.92192769,1,,1,,12.034651,,,2.3326044,2.3326044,2.3326044,1,,1,,2.3890646,2.3890646,2.3890646,.83403617,.83403617,.83403617,1,,1,,31.675652,,,9.8861246,9.8861246,9.8861246,1,
16Feb2021,Iran,89,59117,178,445,118234,295585,8011,1534034,16022,40055,3068068,7670170,1310821,6491,1.1109724,164096,74.58036,7775.7769,168.70255,6686.9453,39.637489,3527.7366,,,,,,,,,,,,,,,,,,,,,,,,15066.895,17679.164,12999.648,5598.4883,6569.1436,4830.3501,1453.3041,1708.3781,1228.1133,492.21277,573.55188,427.50656,212.62675,,,141234.33,,,176.69617,176.69617,176.69617,141176.03,141176.03,141176.03,89,,,59117,,,73.960396,73.960396,73.960396,59092.598,59092.598,59092.598,66.192116,93715.578,77268.547,106005.85,48431488,55756088,41782628,212.62675,,,141234.33,,,176.69617,176.69617,176.69617,141176.03,141176.03,141176.03,66.192116,,,,,,,212.62675,,,141234.33,,,176.69617,176.69617,176.69617,141176.03,141176.03,141176.03,66.192116,,,,,,,.25223261,,,167.54198,,,.20960926,.20960926,.20960926,167.47282,167.47282,167.47282,.10557798,,,70.128693,,,.087736957,.087736957,.087736957,70.099739,70.099739,70.099739,9.5032043,111.17193,91.661316,125.7515,.22688517,,,,,,,,,366.98276,119074.13,324.4679,68990.555,49307.02,46988.801,51810.602,49307.02,46988.801,51810.602,49307.02,46988.801,51810.602,48992.34,47806.91,50702.43,48992.34,47806.91,50702.43,48992.34,47806.91,50702.43,75.529999,67.720001,83.330002,75.529999,67.720001,83.330002,75.529999,67.720001,83.330002,75.82,68.239998,82.709999,75.82,68.239998,82.709999,75.82,68.239998,82.709999,15104279,14502190,15727927,15104279,14502190,15727927,15104279,14502190,15727927,15131825,14777846,15634984,15131825,14777846,15634984,15131825,14777846,15634984,17825.301,15821.39,19580.33,17825.301,15821.39,19580.33,17825.301,15821.39,19580.33,17854.83,15917.73,19702.98,17854.83,15917.73,19702.98,17854.83,15917.73,19702.98,2419.3601,2704.26,2990.3401,2419.3601,2704.26,2990.3401,2419.3601,2704.26,2990.3401,2438.5901,2712.3401,2984.8999,2438.5901,2712.3401,2984.8999,2438.5901,2712.3401,2984.8999,227.47,256.04999,283.82001,227.47,256.04999,283.82001,227.47,256.04999,283.82001,229.50999,256.48001,282.85001,229.50999,256.48001,282.85001,229.50999,256.48001,282.85001,974.16998,1086.4,1198.16,974.16998,1086.4,1198.16,974.16998,1086.4,1198.16,981.47998,1090.5,1191.89,981.47998,1090.5,1191.89,981.47998,1090.5,1191.89,64.940002,73.099998,81.019997,64.940002,73.099998,81.019997,64.940002,73.099998,81.019997,65.519997,73.220001,80.75,65.519997,73.220001,80.75,65.519997,73.220001,80.75,109906.75,123812.59,135955.16,109906.75,123812.59,135955.16,109906.75,123812.59,135955.16,110614.57,124023.54,136840.06,110614.57,124023.54,136840.06,110614.57,124023.54,136840.06,.88,.89999998,.92000002,.88,.89999998,.92000002,.88,.89999998,.92000002,.88,.89999998,.92000002,.88,.89999998,.92000002,.88,.89999998,.92000002,1.05,1.0700001,1.09,1.05,1.0700001,1.09,1.05,1.0700001,1.09,1.05,1.0700001,1.09,1.05,1.0700001,1.09,1.05,1.0700001,1.09,.42372355,.42802814,.42558017,.42372355,.42802814,.42558017,.42372355,.42802814,.42558017,.424647,.42870432,.41978419,.424647,.42870432,.41978419,.424647,.42870432,.41978419,189.98169,68157.422,358.75784,27096.979,59117,59117,59117,89,89,89,1534034,1534034,1534034,8011,8011,8011,1.1109724,1.1109724,1.1109724,167.9077,7854.3999,46.77808,4163.249,,,,,,,,,,,,,,,,,,,,90.011238,25.949118,,,440.75159,342.91583,,,,,236.00293,306.33121,236.00293,306.33121,236.00293,306.33121,90.011238,25.949118,,,1,,2.3890646,2.3890646,2.3890646,.84865165,.84865165,.84865165,1,,1,,11.698362,,,2.2251031,2.2251031,2.2251031,1,,1,,2.3890646,2.3890646,2.3890646,.83405823,.83405823,.83405823,1,,1,,31.571327,,,9.846117,9.846117,9.846117,1,
17Feb2021,Iran,67,59184,134,335,118368,295920,8042,1542076,16084,40210,3084152,7710380,1317612,6791,.83312607,165280,75.64286,7864.6519,168.70255,6686.9453,39.637489,2655.7117,,,,,,,,,,,,,,,,,,,,,,,,15087.018,17794.25,12956.22,5662.3516,6678.4111,4862.6357,1448.8364,1691.8667,1216.047,492.04419,569.87427,424.26999,160.06734,,,141394.41,,,179.7444,179.7444,179.7444,141355.78,141355.78,141355.78,67,,,59184,,,75.236305,75.236305,75.236305,59167.836,59167.836,59167.836,66.546509,94150.945,77862.031,106823.05,48525636,55862912,41860492,160.06734,,,141394.41,,,179.7444,179.7444,179.7444,141355.78,141355.78,141355.78,66.546509,,,,,,,160.06734,,,141394.41,,,179.7444,179.7444,179.7444,141355.78,141355.78,141355.78,66.546509,,,,,,,.18988298,,,167.73186,,,.21322528,.21322528,.21322528,167.68604,167.68604,167.68604,.079480052,,,70.208168,,,.089250527,.089250527,.089250527,70.188995,70.188995,70.188995,9.539979,111.68839,92.365349,126.72092,.1700114,,,,,,,,,366.98276,119074.13,324.4679,51936.711,49381.531,47057.129,51883.09,49381.531,47057.129,51883.09,49381.531,47057.129,51883.09,49067.129,47882.422,50776.672,49067.129,47882.422,50776.672,49067.129,47882.422,50776.672,74.519997,66.769997,82.269997,74.519997,66.769997,82.269997,74.519997,66.769997,82.269997,74.790001,67.290001,81.800003,74.790001,67.290001,81.800003,74.790001,67.290001,81.800003,15121834,14520864,15745652,15121834,14520864,15745652,15121834,14520864,15745652,15149409,14794533,15651941,15149409,14794533,15651941,15149409,14794533,15651941,17554.141,15572.81,19296.211,17554.141,15572.81,19296.211,17554.141,15572.81,19296.211,17583.359,15659.64,19406.57,17583.359,15659.64,19406.57,17583.359,15659.64,19406.57,2382.5701,2664.04,2946.8201,2382.5701,2664.04,2946.8201,2382.5701,2664.04,2946.8201,2401.3201,2671.5601,2940.55,2401.3201,2671.5601,2940.55,2401.3201,2671.5601,2940.55,223.92,252.10001,278.92001,223.92,252.10001,278.92001,223.92,252.10001,278.92001,225.78999,252.53,278.54999,225.78999,252.53,278.54999,225.78999,252.53,278.54999,961.35999,1072.61,1183.53,961.35999,1072.61,1183.53,961.35999,1072.61,1183.53,968.57001,1076.45,1179.51,968.57001,1076.45,1179.51,968.57001,1076.45,1179.51,63.93,71.970001,79.629997,63.93,71.970001,79.629997,63.93,71.970001,79.629997,64.459999,72.089996,79.519997,64.459999,72.089996,79.519997,64.459999,72.089996,79.519997,108197.73,121933.26,133987.95,108197.73,121933.26,133987.95,108197.73,121933.26,133987.95,108852.25,122141.3,134786.67,108852.25,122141.3,134786.67,108852.25,122141.3,134786.67,.88,.89999998,.92000002,.88,.89999998,.92000002,.88,.89999998,.92000002,.88,.89999998,.92000002,.88,.89999998,.92000002,.88,.89999998,.92000002,1.05,1.0700001,1.09,1.05,1.0700001,1.09,1.05,1.0700001,1.09,1.05,1.0700001,1.09,1.05,1.0700001,1.09,1.05,1.0700001,1.09,.42451522,.42876011,.42635313,.42451522,.42876011,.42635313,.42451522,.42876011,.42635313,.42534536,.42970338,.42150673,.42534536,.42970338,.42150673,.42534536,.42970338,.42150673,189.98169,68157.422,358.75784,26734.633,59184,59184,59184,67,67,67,1542076,1542076,1542076,8042,8042,8042,.83312607,.83312607,.83312607,167.9077,7854.3999,46.77808,3134.1313,,,,,,,,,,,,,,,,,,,,120.02985,26.055624,,,588.19586,343.19345,,,,,235.56282,306.22449,235.56282,306.22449,235.56282,306.22449,120.02985,26.055624,,,1,,2.3890648,2.3890648,2.3890648,1.1122388,1.1122388,1.1122388,1,,1,,11.707404,,,2.1828079,2.1828079,2.1828079,1,,1,,2.3890648,2.3890648,2.3890648,.834373,.834373,.834373,1,,1,,31.467733,,,9.8061533,9.8061533,9.8061533,1,
18Feb2021,Iran,80,59264,160,400,118528,296320,8066,1550142,16132,40330,3100284,7750710,1324231,6619,.99181753,166647,76.633926,7944.7856,168.70255,6686.9453,39.637489,3170.999,,,,,,,,,,,,,,,,,,,,,,,,14977.753,17757.127,12849.686,5643.3633,6690.584,4841.5439,1444.7874,1678.948,1205.9889,491.60083,565.76721,421.44565,191.12517,,,141585.53,,,182.68295,182.68295,182.68295,141538.47,141538.47,141538.47,80,,,59264,,,76.466309,76.466309,76.466309,59244.301,59244.301,59244.301,66.905685,94702.609,78337.898,107744.69,48620340,55970656,41938828,191.12517,,,141585.53,,,182.68295,182.68295,182.68295,141538.47,141538.47,141538.47,66.905685,,,,,,,191.12517,,,141585.53,,,182.68295,182.68295,182.68295,141538.47,141538.47,141538.47,66.905685,,,,,,,.22672595,,,167.95859,,,.21671121,.21671121,.21671121,167.90276,167.90276,167.90276,.094901554,,,70.30307,,,.090709642,.090709642,.090709642,70.279701,70.279701,70.279701,9.568449,112.34281,92.929855,127.81422,.20181616,,,,,,,,,366.98276,119074.13,324.4679,62013.98,49455.031,47124.59,51954.621,49455.031,47124.59,51954.621,49455.031,47124.59,51954.621,49140.871,47956.879,50849.82,49140.871,47956.879,50849.82,49140.871,47956.879,50849.82,73.489998,65.82,81.18,73.489998,65.82,81.18,73.489998,65.82,81.18,73.75,66.339996,80.879997,73.75,66.339996,80.879997,73.75,66.339996,80.879997,15139121,14539323,15763096,15139121,14539323,15763096,15139121,14539323,15763096,15166725,14810962,15668593,15166725,14810962,15668593,15166725,14810962,15668593,17287.52,15328.1,19016.529,17287.52,15328.1,19016.529,17287.52,15328.1,19016.529,17316.43,15389.8,19114.961,17316.43,15389.8,19114.961,17316.43,15389.8,19114.961,2344.3,2624.1699,2903.3601,2344.3,2624.1699,2903.3601,2344.3,2624.1699,2903.3601,2364.46,2631.1699,2896.5,2364.46,2631.1699,2896.5,2364.46,2631.1699,2896.5,220.44,248.23,273.95999,220.44,248.23,273.95999,220.44,248.23,273.95999,222.14,248.64,274.32001,222.14,248.64,274.32001,222.14,248.64,274.32001,948.5,1058.6801,1168.63,948.5,1058.6801,1168.63,948.5,1058.6801,1168.63,955.57001,1062.28,1166.8101,955.57001,1062.28,1166.8101,955.57001,1062.28,1166.8101,62.93,70.870003,78.209999,62.93,70.870003,78.209999,62.93,70.870003,78.209999,63.419998,70.980003,78.309998,63.419998,70.980003,78.309998,63.419998,70.980003,78.309998,106500.1,120084.76,132050.66,106500.1,120084.76,132050.66,106500.1,120084.76,132050.66,106998.05,120289.96,132765.73,106998.05,120289.96,132765.73,106998.05,120289.96,132765.73,.88,.89999998,.92000002,.88,.89999998,.92000002,.88,.89999998,.92000002,.88,.89999998,.92000002,.88,.89999998,.92000002,.88,.89999998,.92000002,1.05,1.0700001,1.09,1.05,1.0700001,1.09,1.05,1.0700001,1.09,1.05,1.0700001,1.09,1.05,1.0700001,1.09,1.05,1.0700001,1.09,.42510435,.42940745,.42689177,.42510435,.42940745,.42689177,.42510435,.42940745,.42689177,.42589611,.43106472,.42312405,.42589611,.43106472,.42312405,.42589611,.43106472,.42312405,189.98169,68157.422,358.75784,26365.113,59264,59264,59264,80,80,80,1550142,1550142,1550142,8066,8066,8066,.99181753,.99181753,.99181753,167.9077,7854.3999,46.77808,3742.2463,,,,,,,,,,,,,,,,,,,,100.825,26.156553,,,495.50046,343.39908,,,,,235.23636,306.11893,235.23636,306.11893,235.23636,306.11893,100.825,26.156553,,,1,,2.3890646,2.3890646,2.3890646,.918625,.918625,.918625,1,,1,,11.740963,,,2.1432581,2.1432581,2.1432581,1,,1,,2.3890648,2.3890648,2.3890648,.8344869,.8344869,.8344869,1,,1,,31.365088,,,9.7662802,9.7662802,9.7662802,1,
19Feb2021,Iran,77,59341,154,385,118682,296705,8017,1558159,16034,40085,3116318,7790795,1331162,6931,.96045905,167656,77.517853,8011.8481,168.70255,6686.9453,39.637489,3052.0867,,,,,,,,,,,,,,,,,,,,,,,,14866.556,17699.592,12762.213,5586.5073,6651.0967,4795.7441,1441.2938,1669.2466,1197.8599,490.94165,561.41364,418.91367,183.95798,,,141769.48,,,185.41524,185.41524,185.41524,141723.88,141723.88,141723.88,77,,,59341,,,77.60997,77.60997,77.60997,59321.91,59321.91,59321.91,67.26152,95378.047,78873.883,108317.01,48715720,56078972,42017704,183.95798,,,141769.48,,,185.41524,185.41524,185.41524,141723.88,141723.88,141723.88,67.26152,,,,,,,183.95798,,,141769.48,,,185.41524,185.41524,185.41524,141723.88,141723.88,141723.88,67.26152,,,,,,,.21822372,,,168.1768,,,.21995243,.21995243,.21995243,168.12271,168.12271,168.12271,.091342747,,,70.394417,,,.09206634,.09206634,.09206634,70.371773,70.371773,70.371773,9.5103216,113.14406,93.565674,128.49315,.19287245,,,,,,,,,366.98276,119074.13,324.4679,59688.457,49527.488,47191.191,52025.148,49527.488,47191.191,52025.148,49527.488,47191.191,52025.148,49213.57,48030.262,50921.852,49213.57,48030.262,50921.852,49213.57,48030.262,50921.852,72.459999,64.870003,80.080002,72.459999,64.870003,80.080002,72.459999,64.870003,80.080002,72.699997,65.379997,79.940002,72.699997,65.379997,79.940002,72.699997,65.379997,79.940002,15156147,14557570,15780266,15156147,14557570,15780266,15156147,14557570,15780266,15183779,14827140,15684945,15183779,14827140,15684945,15183779,14827140,15684945,17025.391,15087.64,18741.23,17025.391,15087.64,18741.23,17025.391,15087.64,18741.23,17053.98,15125.09,18844.24,17053.98,15125.09,18844.24,17053.98,15125.09,18844.24,2306.49,2584.7,2860.0701,2306.49,2584.7,2860.0701,2306.49,2584.7,2860.0701,2328.0601,2591.26,2852.8501,2328.0601,2591.26,2852.8501,2328.0601,2591.26,2852.8501,217.02,244.42999,269.13,217.02,244.42999,269.13,217.02,244.42999,269.13,218.56,244.84,270.17001,218.56,244.84,270.17001,218.56,244.84,270.17001,935.29999,1044.66,1153.52,935.29999,1044.66,1153.52,935.29999,1044.66,1153.52,942.51001,1048.04,1152.3101,942.51001,1048.04,1152.3101,942.51001,1048.04,1152.3101,61.959999,69.779999,76.830002,61.959999,69.779999,76.830002,61.959999,69.779999,76.830002,62.400002,69.900002,77.129997,62.400002,69.900002,77.129997,62.400002,69.900002,77.129997,104831.48,118266.72,130142.97,104831.48,118266.72,130142.97,104831.48,118266.72,130142.97,105158.99,118469.15,130847.38,105158.99,118469.15,130847.38,105158.99,118469.15,130847.38,.88,.89999998,.92000002,.88,.89999998,.92000002,.88,.89999998,.92000002,.88,.89999998,.92000002,.88,.89999998,.92000002,.88,.89999998,.92000002,1.05,1.0700001,1.09,1.05,1.0700001,1.09,1.05,1.0700001,1.09,1.05,1.0700001,1.09,1.05,1.0700001,1.09,1.05,1.0700001,1.09,.42559963,.42995462,.42729318,.42559963,.42995462,.42729318,.42559963,.42995462,.42729318,.42629343,.43226188,.42421451,.42629343,.43226188,.42421451,.42629343,.43226188,.42421451,189.98169,68157.422,358.75784,25995.594,59341,59341,59341,77,77,77,1558159,1558159,1558159,8017,8017,8017,.96045905,.96045905,.96045905,167.9077,7854.3999,46.77808,3601.9121,,,,,,,,,,,,,,,,,,,,104.11688,26.257713,,,518.47736,343.62628,,,,,234.96262,306.01486,234.96262,306.01486,234.96262,306.01486,104.11688,26.257713,,,1,,2.3890646,2.3890646,2.3890646,.94103897,.94103897,.94103897,1,,1,,11.896975,,,2.123661,2.123661,2.123661,1,,1,,2.3890646,2.3890646,2.3890646,.83462512,.83462512,.83462512,1,,1,,31.264923,,,9.7269583,9.7269583,9.7269583,1,
20Feb2021,Iran,68,59409,136,340,118818,297045,7922,1566081,15844,39610,3132162,7830405,1337877,6715,.85836911,168795,78.25,8062.9106,168.70255,6686.9453,39.637489,2695.3494,,,,,,,,,,,,,,,,,,,,,,,,14847.645,17733.869,12758.136,5616.3799,6708.1445,4825.9868,1438.4889,1659.5569,1192.1294,490.25308,558.75946,416.87128,162.45639,,,141931.94,,,187.97304,187.97304,187.97304,141911.86,141911.86,141911.86,68,,,59409,,,78.680595,78.680595,78.680595,59400.59,59400.59,59400.59,67.610306,96184.43,79605.805,109140.29,48811904,56188112,42097308,162.45639,,,141931.94,,,187.97304,187.97304,187.97304,141911.86,141911.86,141911.86,67.610306,,,,,,,162.45639,,,141931.94,,,187.97304,187.97304,187.97304,141911.86,141911.86,141911.86,67.610306,,,,,,,.19271706,,,168.36952,,,.22298667,.22298667,.22298667,168.34569,168.34569,168.34569,.080666319,,,70.475082,,,.093336388,.093336388,.093336388,70.465103,70.465103,70.465103,9.3976259,114.10065,94.433937,129.46979,.16890092,,,,,,,,,366.98276,119074.13,324.4679,52711.883,49598.922,47256.941,52094.699,49598.922,47256.941,52094.699,49598.922,47256.941,52094.699,49285.219,48102.578,50992.762,49285.219,48102.578,50992.762,49285.219,48102.578,50992.762,71.43,63.919998,78.970001,71.43,63.919998,78.970001,71.43,63.919998,78.970001,71.650002,64.419998,78.839996,71.650002,64.419998,78.839996,71.650002,64.419998,78.839996,15172914,14575608,15797165,15172914,14575608,15797165,15172914,14575608,15797165,15200575,14843069,15701003,15200575,14843069,15701003,15200575,14843069,15701003,16767.689,14851.38,18470.25,16767.689,14851.38,18470.25,16767.689,14851.38,18470.25,16795.971,14831.08,18583.52,16795.971,14831.08,18583.52,16795.971,14831.08,18583.52,2269.3201,2545.6899,2817.05,2269.3201,2545.6899,2817.05,2269.3201,2545.6899,2817.05,2292.1599,2551.8701,2809.6399,2292.1599,2551.8701,2809.6399,2292.1599,2551.8701,2809.6399,213.67,240.69,264.41,213.67,240.69,264.41,213.67,240.69,264.41,215.06,241.09,266.09,215.06,241.09,266.09,215.06,241.09,266.09,922.07001,1030.58,1138.26,922.07001,1030.58,1138.26,922.07001,1030.58,1138.26,929.45001,1033.77,1136.8199,929.45001,1033.77,1136.8199,929.45001,1033.77,1136.8199,61,68.709999,75.480003,61,68.709999,75.480003,61,68.709999,75.480003,61.400002,68.830002,75.959999,61.400002,68.830002,75.959999,61.400002,68.830002,75.959999,103192.9,116488.03,128271.01,103192.9,116488.03,128271.01,103192.9,116488.03,128271.01,103205.61,116687.12,129040.4,103205.61,116687.12,129040.4,103205.61,116687.12,129040.4,.99000001,1.01,1.03,.99000001,1.01,1.03,.99000001,1.01,1.03,.99000001,1.01,1.04,.99000001,1.01,1.04,.99000001,1.01,1.04,1.1799999,1.2,1.22,1.1799999,1.2,1.22,1.1799999,1.2,1.22,1.1799999,1.2,1.23,1.1799999,1.2,1.23,1.1799999,1.2,1.23,.42599788,.43039772,.42755243,.42599788,.43039772,.42755243,.42599788,.43039772,.42755243,.42659041,.43435809,.42424685,.42659041,.43435809,.42424685,.42659041,.43435809,.42424685,189.98169,68157.422,358.75784,25626.072,59409,59409,59409,68,68,68,1566081,1566081,1566081,7922,7922,7922,.85836911,.85836911,.85836911,167.9077,7854.3999,46.77808,3180.9094,,,,,,,,,,,,,,,,,,,,116.5,26.361006,,,592.06305,343.91064,,,,,234.74295,305.91217,234.74295,305.91217,234.74295,305.91217,116.5,26.361006,,,1,,2.3890646,2.3890646,2.3890646,1.0504411,1.0504411,1.0504411,1,,1,,12.141433,,,2.1165981,2.1165981,2.1165981,1,,1,,2.3890646,2.3890646,2.3890646,.83487219,.83487219,.83487219,1,,1,,31.168186,,,9.6884604,9.6884604,9.6884604,1,
21Feb2021,Iran,74,59483,148,370,118966,297415,7931,1574012,15862,39655,3148024,7870060,1344791,6914,.93304753,169738,79.080353,8099.1699,168.70255,6686.9453,39.637489,2933.1743,,,,,,,,,,,,,,,,,,,,,,,,14727.319,17628.797,12609.084,5543.5693,6635.7256,4746.2358,1436.5016,1656.4518,1188.3699,489.73901,556.63855,415.56854,176.79079,,,142108.73,,,190.40382,190.40382,190.40382,142102.25,142102.25,142102.25,74,,,59483,,,79.698067,79.698067,79.698067,59480.289,59480.289,59480.289,67.951714,97128.711,80520.672,109812.13,48909032,56297924,42177828,176.79079,,,142108.73,,,190.40382,190.40382,190.40382,142102.25,142102.25,142102.25,67.951714,,,,,,,176.79079,,,142108.73,,,190.40382,190.40382,190.40382,142102.25,142102.25,142102.25,67.951714,,,,,,,.20972151,,,168.57924,,,.22587024,.22587024,.22587024,168.57156,168.57156,168.57156,.08778394,,,70.562866,,,.094543375,.094543375,.094543375,70.559647,70.559647,70.559647,9.4083033,115.22082,95.519211,130.26677,.18201703,,,,,,,,,366.98276,119074.13,324.4679,57362.934,49669.32,47321.852,52163.25,49669.32,47321.852,52163.25,49669.32,47321.852,52163.25,49355.82,48173.852,51062.539,49355.82,48173.852,51062.539,49355.82,48173.852,51062.539,70.400002,62.959999,77.849998,70.400002,62.959999,77.849998,70.400002,62.959999,77.849998,70.599998,63.459999,77.699997,70.599998,63.459999,77.699997,70.599998,63.459999,77.699997,15189568,14593554,15813927,15189568,14593554,15813927,15189568,14593554,15813927,15217256,14859138,15716908,15217256,14859138,15716908,15217256,14859138,15716908,16653.52,14751.59,18346.131,16653.52,14751.59,18346.131,16653.52,14751.59,18346.131,16680.631,14672.48,18473.1,16680.631,14672.48,18473.1,16680.631,14672.48,18473.1,2232.8,2507.1899,2774.3701,2232.8,2507.1899,2774.3701,2232.8,2507.1899,2774.3701,2256.78,2513.02,2766.95,2256.78,2513.02,2766.95,2256.78,2513.02,2766.95,210.39999,237.05,260.41,210.39999,237.05,260.41,210.39999,237.05,260.41,211.64,237.44,262.10999,211.64,237.44,262.10999,211.64,237.44,262.10999,908.87,1016.5,1122.9,908.87,1016.5,1122.9,908.87,1016.5,1122.9,916.40002,1019.5,1121.29,916.40002,1019.5,1121.29,916.40002,1019.5,1121.29,60.07,67.669998,74.339996,60.07,67.669998,74.339996,60.07,67.669998,74.339996,60.419998,67.790001,74.830002,60.419998,67.790001,74.830002,60.419998,67.790001,74.830002,103446.02,116671.48,128412.05,103446.02,116671.48,128412.05,103446.02,116671.48,128412.05,103071.9,116858.49,129300.93,103071.9,116858.49,129300.93,103071.9,116858.49,129300.93,.99000001,1.01,1.03,.99000001,1.01,1.03,.99000001,1.01,1.03,.99000001,1.01,1.04,.99000001,1.01,1.04,.99000001,1.01,1.04,1.1799999,1.2,1.22,1.1799999,1.2,1.22,1.1799999,1.2,1.22,1.1799999,1.2,1.23,1.1799999,1.2,1.23,1.1799999,1.2,1.23,.42273349,.42680144,.42434016,.42273349,.42680144,.42434016,.42273349,.42680144,.42434016,.42324537,.43251038,.42061159,.42324537,.43251038,.42061159,.42324537,.43251038,.42061159,189.98169,68157.422,358.75784,25256.553,59483,59483,59483,74,74,74,1574012,1574012,1574012,7931,7931,7931,.93304753,.93304753,.93304753,167.9077,7854.3999,46.77808,3461.5779,,,,,,,,,,,,,,,,,,,,107.17567,26.461544,,,549.39917,344.16626,,,,,236.55566,305.8139,236.55566,305.8139,236.55566,305.8139,107.17567,26.461544,,,1,,2.3890648,2.3890648,2.3890648,.95135134,.95135134,.95135134,1,,1,,12.246716,,,2.0998008,2.0998008,2.0998008,1,,1,,2.3890648,2.3890648,2.3890648,.83501709,.83501709,.83501709,1,,1,,31.072845,,,9.6502237,9.6502237,9.6502237,1,
22Feb2021,Iran,89,59572,178,445,119144,297860,8263,1582275,16526,41315,3164550,7911375,1351390,6599,1.0770906,171313,80.017853,8124.4199,168.70255,6686.9453,39.637489,3527.7366,,,,,,,,,,,,,,,,,,,,,,,,14630.591,17528.371,12445.009,5520.2563,6613.6157,4695.6162,1435.4607,1648.1635,1183.6118,489.55585,556.11499,414.84149,212.62675,,,142321.36,,,192.75829,192.75829,192.75829,142295.02,142295.02,142295.02,89,,,59572,,,80.683578,80.683578,80.683578,59560.973,59560.973,59560.973,68.287689,98217.414,81644.367,110926.05,49007248,56408852,42259476,212.62675,,,142321.36,,,192.75829,192.75829,192.75829,142295.02,142295.02,142295.02,68.287689,,,,,,,212.62675,,,142321.36,,,192.75829,192.75829,192.75829,142295.02,142295.02,142295.02,68.287689,,,,,,,.25223261,,,168.83148,,,.22866325,.22866325,.22866325,168.80023,168.80023,168.80023,.10557798,,,70.668442,,,.095712461,.095712461,.095712461,70.655365,70.655365,70.655365,9.8021441,116.51231,96.852219,131.58818,.2164858,,,,,,,,,366.98276,119074.13,324.4679,68990.555,49738.691,47385.93,52230.789,49738.691,47385.93,52230.789,49738.691,47385.93,52230.789,49425.379,48244.059,51131.199,49425.379,48244.059,51131.199,49425.379,48244.059,51131.199,69.370003,61.970001,76.730003,69.370003,61.970001,76.730003,69.370003,61.970001,76.730003,69.559998,62.509998,76.57,69.559998,62.509998,76.57,69.559998,62.509998,76.57,15206258,14611538,15830693,15206258,14611538,15830693,15206258,14611538,15830693,15233971,14876419,15732809,15233971,14876419,15732809,15233971,14876419,15732809,16689.939,14798.29,18375.721,16689.939,14798.29,18375.721,16689.939,14798.29,18375.721,16715.539,14666.91,18520.26,16715.539,14666.91,18520.26,16715.539,14666.91,18520.26,2196.04,2469.3501,2732.24,2196.04,2469.3501,2732.24,2196.04,2469.3501,2732.24,2221.6001,2474.8799,2725.6499,2221.6001,2474.8799,2725.6499,2221.6001,2474.8799,2725.6499,207.39,233.73,256.92999,207.39,233.73,256.92999,207.39,233.73,256.92999,208.44,234.13,258.47,208.44,234.13,258.47,208.44,234.13,258.47,895.46997,1002.46,1107.52,895.46997,1002.46,1107.52,895.46997,1002.46,1107.52,903.41998,1005.3,1105.79,903.41998,1005.3,1105.79,903.41998,1005.3,1105.79,59.209999,66.730003,73.349998,59.209999,66.730003,73.349998,59.209999,66.730003,73.349998,59.5,66.839996,73.790001,59.5,66.839996,73.790001,59.5,66.839996,73.790001,103705.56,116864.78,128557.88,103705.56,116864.78,128557.88,103705.56,116864.78,128557.88,102975.54,117041.85,129567.36,102975.54,117041.85,129567.36,102975.54,117041.85,129567.36,.99000001,1.01,1.03,.99000001,1.01,1.03,.99000001,1.01,1.03,.99000001,1.01,1.04,.99000001,1.01,1.04,.99000001,1.01,1.04,1.1799999,1.2,1.22,1.1799999,1.2,1.22,1.1799999,1.2,1.22,1.1799999,1.2,1.23,1.1799999,1.2,1.23,1.1799999,1.2,1.23,.41563964,.41876462,.41756186,.41563964,.41876462,.41756186,.41563964,.41876462,.41756186,.41613972,.42619747,.41343912,.41613972,.42619747,.41343912,.41613972,.42619747,.41343912,189.98169,68157.422,358.75784,24887.033,59572,59572,59572,89,89,89,1582275,1582275,1582275,8263,8263,8263,1.0770906,1.0770906,1.0770906,167.9077,7854.3999,46.77808,4163.249,,,,,,,,,,,,,,,,,,,,92.842697,26.560717,,,461.92407,344.34219,,,,,240.59303,305.72293,240.59303,305.72293,240.59303,305.72293,92.842697,26.560717,,,1,,2.3890646,2.3890646,2.3890646,.77943826,.77943826,.77943826,1,,1,,11.886411,,,2.0198402,2.0198402,2.0198402,1,,1,,2.3890646,2.3890646,2.3890646,.83493406,.83493406,.83493406,1,,1,,30.972649,,,9.6103764,9.6103764,9.6103764,1,
23Feb2021,Iran,91,59663,182,455,119326,298315,8330,1590605,16660,41650,3181210,7953025,1358541,7151,1.092437,172401,81.089287,8143.1963,168.70255,6686.9453,39.637489,3607.0115,,,,,,,,,,,,,,,,,,,,,,,,14666.494,17481.154,12418.981,5580.7026,6651.7002,4725.5083,1435.4957,1639.7786,1181.1844,489.77271,555.10022,414.12149,217.40488,,,142538.77,,,195.08992,195.08992,195.08992,142490.11,142490.11,142490.11,91,,,59663,,,81.659538,81.659538,81.659538,59642.633,59642.633,59642.633,68.621414,99456.789,82644.328,112314.73,49106704,56521164,42342120,217.40488,,,142538.77,,,195.08992,195.08992,195.08992,142490.11,142490.11,142490.11,68.621414,,,,,,,217.40488,,,142538.77,,,195.08992,195.08992,195.08992,142490.11,142490.11,142490.11,68.621414,,,,,,,.25790077,,,169.08937,,,.23142922,.23142922,.23142922,169.03166,169.03166,169.03166,.10795052,,,70.77639,,,.096870214,.096870214,.096870214,70.752228,70.752228,70.752228,9.8816242,117.98255,98.038445,133.23552,.2185923,,,,,,,,,366.98276,119074.13,324.4679,70540.906,49807.039,47449.199,52297.34,49807.039,47449.199,52297.34,49807.039,47449.199,52297.34,49493.91,48313.23,51198.719,49493.91,48313.23,51198.719,49493.91,48313.23,51198.719,68.349998,60.990002,75.610001,68.349998,60.990002,75.610001,68.349998,60.990002,75.610001,68.529999,61.57,75.440002,68.529999,61.57,75.440002,68.529999,61.57,75.440002,15223024,14629595,15847499,15223024,14629595,15847499,15223024,14629595,15847499,15250761,14893798,15748744,15250761,14893798,15748744,15250761,14893798,15748744,16765.971,14869.4,18445.689,16765.971,14869.4,18445.689,16765.971,14869.4,18445.689,16790.01,14702.13,18611.99,16790.01,14702.13,18611.99,16790.01,14702.13,18611.99,2159.98,2432.6001,2691.1499,2159.98,2432.6001,2691.1499,2159.98,2432.6001,2691.1499,2186.26,2437.8601,2685.6899,2186.26,2437.8601,2685.6899,2186.26,2437.8601,2685.6899,204.95,231.03999,254.08,204.95,231.03999,254.08,204.95,231.03999,254.08,205.72,231.42999,255.47,205.72,231.42999,255.47,205.72,231.42999,255.47,882.25,988.63,1092.29,882.25,988.63,1092.29,882.25,988.63,1092.29,890.66998,991.32001,1090.49,890.66998,991.32001,1090.49,890.66998,991.32001,1090.49,58.509998,65.959999,72.540001,58.509998,65.959999,72.540001,58.509998,65.959999,72.540001,58.73,66.07,72.93,58.73,66.07,72.93,58.73,66.07,72.93,103879.55,117060.17,128705.4,103879.55,117060.17,128705.4,103879.55,117060.17,128705.4,102884.19,117227.51,129871.54,102884.19,117227.51,129871.54,102884.19,117227.51,129871.54,.99000001,1.01,1.04,.99000001,1.01,1.04,.99000001,1.01,1.04,.99000001,1.01,1.04,.99000001,1.01,1.04,.99000001,1.01,1.04,1.1799999,1.2,1.22,1.1799999,1.2,1.22,1.1799999,1.2,1.22,1.1799999,1.2,1.23,1.1799999,1.2,1.23,1.1799999,1.2,1.23,.40767097,.41017121,.40990606,.40767097,.41017121,.40990606,.40767097,.41017121,.40990606,.40815938,.41878286,.40533012,.40815938,.41878286,.40533012,.40815938,.41878286,.40533012,189.98169,68157.422,358.75784,24521.098,59663,59663,59663,91,91,91,1590605,1590605,1590605,8330,8330,8330,1.092437,1.092437,1.092437,167.9077,7854.3999,46.77808,4256.8052,,,,,,,,,,,,,,,,,,,,91.53846,26.659822,,,457.47266,344.51474,,,,,245.29585,305.64001,245.29585,305.64001,245.29585,305.64001,91.53846,26.659822,,,1,,2.3890646,2.3890646,2.3890646,.75109887,.75109887,.75109887,1,,1,,11.93959,,,2.0127215,2.0127215,2.0127215,1,,1,,2.3890648,2.3890648,2.3890648,.83480614,.83480614,.83480614,1,,1,,30.872972,,,9.5705872,9.5705872,9.5705872,1,
24Feb2021,Iran,73,59736,146,365,119472,298680,8270,1598875,16540,41350,3197750,7994375,1365253,6712,.88270861,173886,82.446426,8159.9287,168.70255,6686.9453,39.637489,2893.5366,,,,,,,,,,,,,,,,,,,,,,,,14633.032,17345.045,12405.521,5599.2842,6637.0273,4746.9336,1436.7338,1632.9884,1181.0941,490.45056,553.03229,414.32544,174.40172,,,142713.17,,,197.45505,197.45505,197.45505,142687.56,142687.56,142687.56,73,,,59736,,,82.649521,82.649521,82.649521,59725.281,59725.281,59725.281,68.95649,100852.87,83785.516,113856.17,49207560,56635020,42425904,174.40172,,,142713.17,,,197.45505,197.45505,197.45505,142687.56,142687.56,142687.56,68.95649,,,,,,,174.40172,,,142713.17,,,197.45505,197.45505,197.45505,142687.56,142687.56,142687.56,68.95649,,,,,,,.20688742,,,169.29626,,,.2342349,.2342349,.2342349,169.26588,169.26588,169.26588,.086597666,,,70.862991,,,.098044604,.098044604,.098044604,70.850273,70.850273,70.850273,9.8104477,119.63867,99.392189,135.0641,.17292689,,,,,,,,,366.98276,119074.13,324.4679,56587.758,49874.379,47511.66,52362.91,49874.379,47511.66,52362.91,49874.379,47511.66,52362.91,49561.422,48381.379,51265.121,49561.422,48381.379,51265.121,49561.422,48381.379,51265.121,67.339996,60.029999,74.5,67.339996,60.029999,74.5,67.339996,60.029999,74.5,67.510002,60.639999,74.32,67.510002,60.639999,74.32,67.510002,60.639999,74.32,15239864,14647724,15864344,15239864,14647724,15864344,15239864,14647724,15864344,15267624,14911272,15764712,15267624,14911272,15764712,15267624,14911272,15764712,16840.221,14937.77,18513.801,16840.221,14937.77,18513.801,16840.221,14937.77,18513.801,16862.76,14736.02,18706.289,16862.76,14736.02,18706.289,16862.76,14736.02,18706.289,2129.8601,2397.55,2652.1599,2129.8601,2397.55,2652.1599,2129.8601,2397.55,2652.1599,2152.76,2402.5701,2647.48,2152.76,2402.5701,2647.48,2152.76,2402.5701,2647.48,203.21001,229.08,251.98,203.21001,229.08,251.98,203.21001,229.08,251.98,203.59,229.45,253.42,203.59,229.45,253.42,203.59,229.45,253.42,869.47998,975.20001,1077.4399,869.47998,975.20001,1077.4399,869.47998,975.20001,1077.4399,878.32001,977.75,1075.66,878.32001,977.75,1075.66,878.32001,977.75,1075.66,58.009998,65.400002,71.940002,58.009998,65.400002,71.940002,58.009998,65.400002,71.940002,58.119999,65.5,72.349998,58.119999,65.5,72.349998,58.119999,65.5,72.349998,104057.45,117259.46,128856.16,104057.45,117259.46,128856.16,104057.45,117259.46,128856.16,102798.47,117417.24,130188.75,102798.47,117417.24,130188.75,102798.47,117417.24,130188.75,.99000001,1.02,1.04,.99000001,1.02,1.04,.99000001,1.02,1.04,.99000001,1.01,1.04,.99000001,1.01,1.04,.99000001,1.01,1.04,1.1799999,1.2,1.22,1.1799999,1.2,1.22,1.1799999,1.2,1.22,1.1799999,1.2,1.23,1.1799999,1.2,1.23,1.1799999,1.2,1.23,.39987597,.40186721,.40240252,.39987597,.40186721,.40240252,.39987597,.40186721,.40240252,.40034968,.41150868,.39729953,.40034968,.41150868,.39729953,.40034968,.41150868,.39729953,189.98169,68157.422,358.75784,24158.752,59736,59736,59736,73,73,73,1598875,1598875,1598875,8270,8270,8270,.88270861,.88270861,.88270861,167.9077,7854.3999,46.77808,3414.7998,,,,,,,,,,,,,,,,,,,,113.28767,26.765686,,,578.27911,344.80042,,,,,250.07755,305.565,250.07755,305.565,250.07755,305.565,113.28767,26.765686,,,1,,2.3890646,2.3890646,2.3890646,.92246568,.92246568,.92246568,1,,1,,12.195026,,,2.0363023,2.0363023,2.0363023,1,,1,,2.3890648,2.3890648,2.3890648,.83491325,.83491325,.83491325,1,,1,,30.776365,,,9.5316172,9.5316172,9.5316172,1,
25Feb2021,Iran,94,59830,188,470,119660,299150,8206,1607081,16412,41030,3214162,8035405,1372308,7055,1.1455033,174943,83.991074,8178.7944,168.70255,6686.9453,39.637489,3725.9241,,,,,,,,,,,,,,,,,,,,,,,,14841.146,17488.443,12595.416,5679.8506,6692.9971,4820.3877,1439.3029,1631.8376,1183.1305,491.6524,551.5849,415.45505,224.57208,,,142937.73,,,199.9122,199.9122,199.9122,142887.47,142887.47,142887.47,94,,,59830,,,83.678017,83.678017,83.678017,59808.961,59808.961,59808.961,69.296173,102410.97,85203.289,115723.59,49309968,56750744,42511108,224.57208,,,142937.73,,,199.9122,199.9122,199.9122,142887.47,142887.47,142887.47,69.296173,,,,,,,224.57208,,,142937.73,,,199.9122,199.9122,199.9122,142887.47,142887.47,142887.47,69.296173,,,,,,,.26640299,,,169.56267,,,.23714973,.23714973,.23714973,169.50304,169.50304,169.50304,.11150932,,,70.974503,,,.099264674,.099264674,.099264674,70.949539,70.949539,70.949539,9.7345266,121.487,101.07406,137.27936,.21928519,,,,,,,,,366.98276,119074.13,324.4679,72866.43,49940.738,47573.359,52427.5,49940.738,47573.359,52427.5,49940.738,47573.359,52427.5,49627.941,48448.539,51330.43,49627.941,48448.539,51330.43,49627.941,48448.539,51330.43,66.360001,59.099998,73.410004,66.360001,59.099998,73.410004,66.360001,59.099998,73.410004,66.519997,59.740002,73.239998,66.519997,59.740002,73.239998,66.519997,59.740002,73.239998,15256766,14665914,15881217,15256766,14665914,15881217,15256766,14665914,15881217,15284547,14928830,15780700,15284547,14928830,15780700,15284547,14928830,15780700,16902.529,14994.99,18569.609,16902.529,14994.99,18569.609,16902.529,14994.99,18569.609,16923.65,14758.06,18787.77,16923.65,14758.06,18787.77,16923.65,14758.06,18787.77,2101.6399,2364.8,2613.29,2101.6399,2364.8,2613.29,2101.6399,2364.8,2613.29,2121.6899,2369.6001,2611.6299,2121.6899,2369.6001,2611.6299,2121.6899,2369.6001,2611.6299,202.13,227.78999,250.56,202.13,227.78999,250.56,202.13,227.78999,250.56,201.71001,228.14,252.2,201.71001,228.14,252.2,201.71001,228.14,252.2,857.33002,962.35999,1063.17,857.33002,962.35999,1063.17,857.33002,962.35999,1063.17,866.54999,964.78003,1061.7,866.54999,964.78003,1061.7,866.54999,964.78003,1061.7,57.700001,65.029999,71.529999,57.700001,65.029999,71.529999,57.700001,65.029999,71.529999,57.59,65.129997,72,57.59,65.129997,72,57.59,65.129997,72,104240.62,117464.08,129011.48,104240.62,117464.08,129011.48,104240.62,117464.08,129011.48,102719.07,117612.47,130510.92,102719.07,117612.47,130510.92,102719.07,117612.47,130510.92,1,1.02,1.04,1,1.02,1.04,1,1.02,1.04,.99000001,1.01,1.04,.99000001,1.01,1.04,.99000001,1.01,1.04,1.1799999,1.2,1.22,1.1799999,1.2,1.22,1.1799999,1.2,1.22,1.1799999,1.2,1.23,1.1799999,1.2,1.23,1.1799999,1.2,1.23,.39260396,.39413163,.39532337,.39260396,.39413163,.39532337,.39260396,.39413163,.39532337,.3930594,.40479577,.38982806,.3930594,.40479577,.38982806,.3930594,.40479577,.38982806,189.98169,68157.422,358.75784,23807.17,59830,59830,59830,94,94,94,1607081,1607081,1607081,8206,8206,8206,1.1455033,1.1455033,1.1455033,167.9077,7854.3999,46.77808,4397.1396,,,,,,,,,,,,,,,,,,,,87.297874,26.860788,,,456.02716,344.97516,,,,,254.70959,305.49741,254.70959,305.49741,254.70959,305.49741,87.297874,26.860788,,,1,,2.3890648,2.3890648,2.3890648,.70595747,.70595747,.70595747,1,,1,,12.480011,,,2.059777,2.059777,2.059777,1,,1,,2.3890646,2.3890646,2.3890646,.83471066,.83471066,.83471066,1,,1,,30.68294,,,9.4934645,9.4934645,9.4934645,1,
26Feb2021,Iran,69,59899,138,345,119798,299495,8103,1615184,16206,40515,3230368,8075920,1379922,7614,.85153645,175363,85.29464,8202.1875,168.70255,6686.9453,39.637489,2734.9868,,,,,,,,,,,,,,,,,,,,,,,,15048.578,17623.023,12709.838,5783.8789,6773.3604,4884.9907,1443.3293,1634.6232,1187.6227,493.36926,551.05804,417.40735,164.84546,,,143102.58,,,202.44687,202.44687,202.44687,143089.92,143089.92,143089.92,69,,,59899,,,84.738968,84.738968,84.738968,59893.699,59893.699,59893.699,69.642776,104136.33,87243.422,117769.37,49414108,56868516,42598352,164.84546,,,143102.58,,,202.44687,202.44687,202.44687,143089.92,143089.92,143089.92,69.642776,,,,,,,164.84546,,,143102.58,,,202.44687,202.44687,202.44687,143089.92,143089.92,143089.92,69.642776,,,,,,,.19555113,,,169.75822,,,.24015653,.24015653,.24015653,169.74319,169.74319,169.74319,.081852593,,,71.056351,,,.10052325,.10052325,.10052325,71.050064,71.050064,71.050064,9.6123409,123.53374,103.4942,139.70621,.15829775,,,,,,,,,366.98276,119074.13,324.4679,53487.059,50006.148,47634.32,52493.262,50006.148,47634.32,52493.262,50006.148,47634.32,52493.262,49693.5,48514.738,51394.672,49693.5,48514.738,51394.672,49693.5,48514.738,51394.672,65.410004,58.18,72.349998,65.410004,58.18,72.349998,65.410004,58.18,72.349998,65.559998,58.860001,72.209999,65.559998,58.860001,72.209999,65.559998,58.860001,72.209999,15273721,14684156,15898107,15273721,14684156,15898107,15273721,14684156,15898107,15301521,14946460,15796699,15301521,14946460,15796699,15301521,14946460,15796699,16954.141,15042.2,18614.35,16954.141,15042.2,18614.35,16954.141,15042.2,18614.35,16973.881,14769.34,18857.711,16973.881,14769.34,18857.711,16973.881,14769.34,18857.711,2074.8999,2334.8101,2575.05,2074.8999,2334.8101,2575.05,2074.8999,2334.8101,2575.05,2093.5,2339.4099,2578.5901,2093.5,2339.4099,2578.5901,2093.5,2339.4099,2578.5901,201.57001,227.03999,249.7,201.57001,227.03999,249.7,201.57001,227.03999,249.7,200.39999,227.39,251.55,200.39999,227.39,251.55,200.39999,227.39,251.55,845.96002,950.27002,1049.96,845.96002,950.27002,1049.96,845.96002,950.27002,1049.96,855.32001,952.57001,1048.5,855.32001,952.57001,1048.5,855.32001,952.57001,1048.5,57.549999,64.82,71.290001,57.549999,64.82,71.290001,57.549999,64.82,71.290001,57.209999,64.919998,71.82,57.209999,64.919998,71.82,57.209999,64.919998,71.82,104429.97,117674.99,129172.24,104429.97,117674.99,129172.24,104429.97,117674.99,129172.24,102646.56,117814.15,130839.18,102646.56,117814.15,130839.18,102646.56,117814.15,130839.18,1,1.02,1.04,1,1.02,1.04,1,1.02,1.04,.99000001,1.01,1.04,.99000001,1.01,1.04,.99000001,1.01,1.04,1.1799999,1.2,1.22,1.1799999,1.2,1.22,1.1799999,1.2,1.22,1.1799999,1.2,1.23,1.1799999,1.2,1.23,1.1799999,1.2,1.23,.38580549,.38677853,.38867864,.38580549,.38677853,.38867864,.38580549,.38677853,.38867864,.38624048,.39852831,.38292027,.38624048,.39852831,.38292027,.38624048,.39852831,.38292027,189.98169,68157.422,358.75784,23466.352,59899,59899,59899,69,69,69,1615184,1615184,1615184,8103,8103,8103,.85153645,.85153645,.85153645,167.9077,7854.3999,46.77808,3227.6875,,,,,,,,,,,,,,,,,,,,117.43478,26.965124,,,631.72095,345.30551,,,,,259.19797,305.43686,259.19797,305.43686,259.19797,305.43686,117.43478,26.965124,,,1,,2.3890646,2.3890646,2.3890646,.94797105,.94797105,.94797105,1,,1,,12.851577,,,2.0923288,2.0923288,2.0923288,1,,1,,2.3890646,2.3890646,2.3890646,.83484113,.83484113,.83484113,1,,1,,30.593485,,,9.4563351,9.4563351,9.4563351,1,
27Feb2021,Iran,81,59980,162,405,119960,299900,7975,1623159,15950,39875,3246318,8115795,1386534,6612,1.015674,176645,86.25,8229.3037,168.70255,6686.9453,39.637489,3210.6367,,,,,,,,,,,,,,,,,,,,,,,,15048.116,17519.818,12660.941,5830.1865,6787.8135,4905.3081,1448.9398,1638.9601,1194.6517,495.43393,552.59613,420.08926,193.51424,,,143296.09,,,204.88687,204.88687,204.88687,143294.81,143294.81,143294.81,81,,,59980,,,85.760292,85.760292,85.760292,59979.461,59979.461,59979.461,69.997345,106033.63,89693.234,119979.28,49520140,56988492,42688044,193.51424,,,143296.09,,,204.88687,204.88687,204.88687,143294.81,143294.81,143294.81,69.997345,,,,,,,193.51424,,,143296.09,,,204.88687,204.88687,204.88687,143294.81,143294.81,143294.81,69.997345,,,,,,,.22956002,,,169.98778,,,.24305104,.24305104,.24305104,169.98625,169.98625,169.98625,.096087821,,,71.152443,,,.10173481,.10173481,.10173481,71.151802,71.151802,71.151802,9.4604988,125.78445,106.40034,142.32776,.18250269,,,,,,,,,366.98276,119074.13,324.4679,62789.156,50070.66,47694.59,52558.219,50070.66,47694.59,52558.219,50070.66,47694.59,52558.219,49758.148,48578.34,51457.879,49758.148,48578.34,51457.879,49758.148,48578.34,51457.879,64.510002,57.290001,71.339996,64.510002,57.290001,71.339996,64.510002,57.290001,71.339996,64.650002,57.990002,71.220001,64.650002,57.990002,71.220001,64.650002,57.990002,71.220001,15290719,14702446,15915008,15290719,14702446,15915008,15290719,14702446,15915008,15318539,14964156,15812701,15318539,14964156,15812701,15318539,14964156,15812701,16998.85,15082.98,18651.9,16998.85,15082.98,18651.9,16998.85,15082.98,18651.9,17017.27,14773.65,18920.189,17017.27,14773.65,18920.189,17017.27,14773.65,18920.189,2051.04,2307.8401,2540.5,2051.04,2307.8401,2540.5,2051.04,2307.8401,2540.5,2068.47,2312.24,2548.6499,2068.47,2312.24,2548.6499,2068.47,2312.24,2548.6499,201.3,226.7,249.25999,201.3,226.7,249.25999,201.3,226.7,249.25999,199.49001,227.03,251.39,199.49001,227.03,251.39,199.49001,227.03,251.39,834.89001,939.03998,1037.6801,834.89001,939.03998,1037.6801,834.89001,939.03998,1037.6801,844.65002,941.22998,1036.16,844.65002,941.22998,1036.16,844.65002,941.22998,1036.16,57.470001,64.720001,71.160004,57.470001,64.720001,71.160004,57.470001,64.720001,71.160004,56.950001,64.82,71.769997,56.950001,64.82,71.769997,56.950001,64.82,71.769997,104626.04,117892.75,129338.97,104626.04,117892.75,129338.97,104626.04,117892.75,129338.97,102581.28,118022.83,131174.19,102581.28,118022.83,131174.19,102581.28,118022.83,131174.19,1,1.02,1.04,1,1.02,1.04,1,1.02,1.04,.99000001,1.01,1.04,.99000001,1.01,1.04,.99000001,1.01,1.04,1.1799999,1.2,1.22,1.1799999,1.2,1.22,1.1799999,1.2,1.22,1.1799999,1.2,1.23,1.1799999,1.2,1.23,1.1799999,1.2,1.23,.37949628,.37983209,.38248113,.37949628,.37983209,.38248113,.37949628,.37983209,.38248113,.3799082,.39252317,.3764233,.3799082,.39252317,.3764233,.3799082,.39252317,.3764233,189.98169,68157.422,358.75784,23143.469,59980,59980,59980,81,81,81,1623159,1623159,1623159,7975,7975,7975,1.015674,1.015674,1.015674,167.9077,7854.3999,46.77808,3789.0244,,,,,,,,,,,,,,,,,,,,98.456787,27.06167,,,547.93713,345.57913,,,,,263.5072,305.38281,263.5072,305.38281,263.5072,305.38281,98.456787,27.06167,,,1,,2.3890646,2.3890646,2.3890646,.7964198,.7964198,.7964198,1,,1,,13.295753,,,2.1315172,2.1315172,2.1315172,1,,1,,2.3890646,2.3890646,2.3890646,.83478928,.83478928,.83478928,1,,1,,30.508495,,,9.4203453,9.4203453,9.4203453,1,
28Feb2021,Iran,93,60073,186,465,120146,300365,8010,1631169,16020,40050,3262338,8155845,1393125,6591,1.1610487,177971,86.883926,8260.0801,168.70255,6686.9453,39.637489,3686.2866,,,,,,,,,,,,,,,,,,,,,,,,15259.569,17753.068,12803.308,5939.0845,6909.564,4983.0977,1456.2604,1652.2635,1204.3149,497.64453,554.25635,423.28027,222.18301,,,143518.28,,,207.03253,207.03253,207.03253,143501.84,143501.84,143501.84,93,,,60073,,,86.658401,86.658401,86.658401,60066.117,60066.117,60066.117,70.359619,108107.18,92427.008,122520.57,49628248,57111016,42780472,222.18301,,,143518.28,,,207.03253,207.03253,207.03253,143501.84,143501.84,143501.84,70.359619,,,,,,,222.18301,,,143518.28,,,207.03253,207.03253,207.03253,143501.84,143501.84,143501.84,70.359619,,,,,,,.26356891,,,170.25134,,,.24559635,.24559635,.24559635,170.23184,170.23184,170.23184,.11032306,,,71.262764,,,.10280021,.10280021,.10280021,71.254601,71.254601,71.254601,9.502018,128.24423,109.64333,145.34241,.20552105,,,,,,,,,366.98276,119074.13,324.4679,72091.258,50134.32,47754.211,52622.289,50134.32,47754.211,52622.289,50134.32,47754.211,52622.289,49821.949,48639.078,51520.121,49821.949,48639.078,51520.121,49821.949,48639.078,51520.121,63.66,56.549999,70.410004,63.66,56.549999,70.410004,63.66,56.549999,70.410004,63.799999,57.18,70.290001,63.799999,57.18,70.290001,63.799999,57.18,70.290001,15307759,14720778,15931918,15307759,14720778,15931918,15307759,14720778,15931918,15335596,14981914,15828703,15335596,14981914,15828703,15335596,14981914,15828703,17039.961,15120.42,18685.631,17039.961,15120.42,18685.631,17039.961,15120.42,18685.631,17057.1,14774.3,18978.74,17057.1,14774.3,18978.74,17057.1,14774.3,18978.74,2030.14,2283.99,2509.73,2030.14,2283.99,2509.73,2030.14,2283.99,2509.73,2046.66,2288.2,2521.8999,2046.66,2288.2,2521.8999,2046.66,2288.2,2521.8999,201.23,226.64999,249.10001,201.23,226.64999,249.10001,201.23,226.64999,249.10001,198.88,226.96001,251.53999,198.88,226.96001,251.53999,198.88,226.96001,251.53999,825.28998,928.71997,1025.92,825.28998,928.71997,1025.92,825.28998,928.71997,1025.92,834.95001,930.81,1024.75,834.95001,930.81,1024.75,834.95001,930.81,1024.75,57.450001,64.709999,71.120003,57.450001,64.709999,71.120003,57.450001,64.709999,71.120003,56.779999,64.800003,71.809998,56.779999,64.800003,71.809998,56.779999,64.800003,71.809998,104829.03,118117.58,129511.87,104829.03,118117.58,129511.87,104829.03,118117.58,129511.87,102523.39,118238.71,131516.19,102523.39,118238.71,131516.19,102523.39,118238.71,131516.19,1,1.02,1.04,1,1.02,1.04,1,1.02,1.04,.99000001,1.02,1.04,.99000001,1.02,1.04,.99000001,1.02,1.04,1.1799999,1.2,1.22,1.1799999,1.2,1.22,1.1799999,1.2,1.22,1.1799999,1.2,1.23,1.1799999,1.2,1.23,1.1799999,1.2,1.23,.37359241,.37399754,.37681362,.37359241,.37399754,.37681362,.37359241,.37399754,.37681362,.3740378,.38702342,.37036178,.3740378,.38702342,.37036178,.3740378,.38702342,.37036178,189.98169,68157.422,358.75784,22838.523,60073,60073,60073,93,93,93,1631169,1631169,1631169,8010,8010,8010,1.1610487,1.1610487,1.1610487,167.9077,7854.3999,46.77808,4350.3613,,,,,,,,,,,,,,,,,,,,86.129036,27.153114,,,486.56815,345.79739,,,,,267.67139,305.33493,267.67139,305.33493,267.67139,305.33493,86.129036,27.153114,,,1,,2.3890646,2.3890646,2.3890646,.68451613,.68451613,.68451613,1,,1,,13.496527,,,2.127336,2.127336,2.127336,1,,1,,2.3890646,2.3890646,2.3890646,.83455664,.83455664,.83455664,1,,1,,30.424957,,,9.3845329,9.3845329,9.3845329,1,
01Mar2021,Iran,108,60181,216,540,120362,300905,8510,1639679,17020,42550,3279358,8198395,1399934,6809,1.2690952,179564,87.080353,8290.4375,168.70255,6686.9453,39.637489,4280.8486,,,,,,,,,,,,,,,,,,,,,,,,15482.332,17993.93,12964.106,6034.9136,7013.918,5053.3252,1465.4121,1667.223,1212.1874,499.83273,557.58453,425.41565,258.01898,,,143776.3,,,208.67697,208.67697,208.67697,143710.52,143710.52,143710.52,108,,,60181,,,87.346725,87.346725,87.346725,60153.465,60153.465,60153.465,70.728447,110361.18,95443.141,125067.71,49738608,57236084,42875912,258.01898,,,143776.3,,,208.67697,208.67697,208.67697,143710.52,143710.52,143710.52,70.728447,,,,,,,258.01898,,,143776.3,,,208.67697,208.67697,208.67697,143710.52,143710.52,143710.52,70.728447,,,,,,,.30608004,,,170.55743,,,.24754712,.24754712,.24754712,170.47939,170.47939,170.47939,.1281171,,,71.390877,,,.10361675,.10361675,.10361675,71.358215,71.358215,71.358215,10.095153,130.91809,113.22128,148.364,.23379506,,,,,,,,,366.98276,119074.13,324.4679,83718.875,50197.199,47813.262,52685.52,50197.199,47813.262,52685.52,50197.199,47813.262,52685.52,49884.949,48699.051,51581.449,49884.949,48699.051,51581.449,49884.949,48699.051,51581.449,62.869999,55.880001,69.449997,62.869999,55.880001,69.449997,62.869999,55.880001,69.449997,63,56.439999,69.43,63,56.439999,69.43,63,56.439999,69.43,15324839,14739153,15948833,15324839,14739153,15948833,15324839,14739153,15948833,15352691,14999733,15844704,15352691,14999733,15844704,15352691,14999733,15844704,17079.619,15158.41,18759.07,17079.619,15158.41,18759.07,17079.619,15158.41,18759.07,17095.49,14773.43,19035.66,17095.49,14773.43,19035.66,17095.49,14773.43,19035.66,2012.1801,2263.21,2482.6899,2012.1801,2263.21,2482.6899,2012.1801,2263.21,2482.6899,2028.05,2267.24,2498.29,2028.05,2267.24,2498.29,2028.05,2267.24,2498.29,201.33,226.78999,249.13,201.33,226.78999,249.13,201.33,226.78999,249.13,198.47,227.08,251.88,198.47,227.08,251.88,198.47,227.08,251.88,817.34003,919.34003,1013.86,817.34003,919.34003,1013.86,817.34003,919.34003,1013.86,826.23999,921.33002,1014.29,826.23999,921.33002,1014.29,826.23999,921.33002,1014.29,57.48,64.75,71.129997,57.48,64.75,71.129997,57.48,64.75,71.129997,56.66,64.830002,71.910004,56.66,64.830002,71.910004,56.66,64.830002,71.910004,105041.12,118349.47,129880.24,105041.12,118349.47,129880.24,105041.12,118349.47,129880.24,102472.83,118461.79,131865.19,102472.83,118461.79,131865.19,102472.83,118461.79,131865.19,1,1.02,1.04,1,1.02,1.04,1,1.02,1.04,.99000001,1.02,1.04,.99000001,1.02,1.04,.99000001,1.02,1.04,1.1799999,1.2,1.22,1.1799999,1.2,1.22,1.1799999,1.2,1.22,1.1799999,1.2,1.23,1.1799999,1.2,1.23,1.1799999,1.2,1.23,.36809954,.36864024,.3702209,.36809954,.36864024,.3702209,.36809954,.36864024,.3702209,.36851823,.38203722,.3647365,.36851823,.38203722,.3647365,.36851823,.38203722,.3647365,189.98169,68157.422,358.75784,22555.105,60181,60181,60181,108,108,108,1639679,1639679,1639679,8510,8510,8510,1.2690952,1.2690952,1.2690952,167.9077,7854.3999,46.77808,5052.0327,,,,,,,,,,,,,,,,,,,,78.796295,27.245792,,,427.72504,345.94443,,,,,271.66565,305.29272,271.66565,305.29272,271.66565,305.29272,78.796295,27.245792,,,1,,2.3890646,2.3890646,2.3890646,.5821296,.5821296,.5821296,1,,1,,12.968411,,,2.0070057,2.0070057,2.0070057,1,,1,,2.3890646,2.3890646,2.3890646,.83410376,.83410376,.83410376,1,,1,,30.334356,,,9.3462429,9.3462429,9.3462429,1,
02Mar2021,Iran,86,60267,172,430,120534,301335,8495,1648174,16990,42475,3296348,8240870,1406845,6911,1.0123602,181062,87.214287,8315.7861,168.70255,6686.9453,39.637489,3408.824,,,,,,,,,,,,,,,,,,,,,,,,15546.529,18044.41,12963.397,6126.3154,7110.6382,5108.3979,1476.5148,1676.8184,1221.0195,501.92725,561.14752,426.92856,205.45956,,,143981.77,,,209.61009,209.61009,209.61009,143920.13,143920.13,143920.13,86,,,60267,,,87.737305,87.737305,87.737305,60241.203,60241.203,60241.203,71.102333,112799.59,98383.727,127759.82,49851408,57363840,42974296,205.45956,,,143981.77,,,209.61009,209.61009,209.61009,143920.13,143920.13,143920.13,71.102333,,,,,,,205.45956,,,143981.77,,,209.61009,209.61009,209.61009,143920.13,143920.13,143920.13,71.102333,,,,,,,.2437304,,,170.80116,,,.24865405,.24865405,.24865405,170.72804,170.72804,170.72804,.10201917,,,71.492897,,,.10408008,.10408008,.10408008,71.462296,71.462296,71.462296,10.077359,133.8107,116.7096,151.55757,.18214567,,,,,,,,,366.98276,119074.13,324.4679,66665.031,50259.352,47871.77,52747.969,50259.352,47871.77,52747.969,50259.352,47871.77,52747.969,49947.23,48758.309,51641.93,49947.23,48758.309,51641.93,49947.23,48758.309,51641.93,62.16,55.259998,68.529999,62.16,55.259998,68.529999,62.16,55.259998,68.529999,62.279999,55.77,68.629997,62.279999,55.77,68.629997,62.279999,55.77,68.629997,15341958,14757571,15965755,15341958,14757571,15965755,15341958,14757571,15965755,15369825,15017612,15860702,15369825,15017612,15860702,15369825,15017612,15860702,17118.98,15213.38,18844.801,17118.98,15213.38,18844.801,17118.98,15213.38,18844.801,17133.6,14772.25,19092.189,17133.6,14772.25,19092.189,17133.6,14772.25,19092.189,1996.9301,2245.3501,2463.03,1996.9301,2245.3501,2463.03,1996.9301,2245.3501,2463.03,2011.24,2249.21,2477.6899,2011.24,2249.21,2477.6899,2011.24,2249.21,2477.6899,201.56,227.05,249.3,201.56,227.05,249.3,201.56,227.05,249.3,198.17999,227.32001,252.36,198.17999,227.32001,252.36,198.17999,227.32001,252.36,810.21002,910.88,1002.92,810.21002,910.88,1002.92,810.21002,910.88,1002.92,818.5,912.77002,1004.77,818.5,912.77002,1004.77,818.5,912.77002,1004.77,57.549999,64.82,71.169998,57.549999,64.82,71.169998,57.549999,64.82,71.169998,56.580002,64.900002,72.050003,56.580002,64.900002,72.050003,56.580002,64.900002,72.050003,105387.64,118588.27,130443.43,105387.64,118588.27,130443.43,105387.64,118588.27,130443.43,102429.42,118691.92,132221.02,102429.42,118691.92,132221.02,102429.42,118691.92,132221.02,1,1.02,1.04,1,1.02,1.04,1,1.02,1.04,.99000001,1.02,1.04,.99000001,1.02,1.04,.99000001,1.02,1.04,1.1799999,1.2,1.22,1.1799999,1.2,1.22,1.1799999,1.2,1.22,1.1799999,1.2,1.23,1.1799999,1.2,1.23,1.1799999,1.2,1.23,.36310574,.36323288,.36365467,.36310574,.36323288,.36365467,.36310574,.36323288,.36365467,.3634963,.37753221,.35946634,.3634963,.37753221,.35946634,.3634963,.37753221,.35946634,189.98169,68157.422,358.75784,22300.387,60267,60267,60267,86,86,86,1648174,1648174,1648174,8495,8495,8495,1.0123602,1.0123602,1.0123602,167.9077,7854.3999,46.77808,4022.9148,,,,,,,,,,,,,,,,,,,,98.779068,27.347868,,,549.01111,346.23416,,,,,275.40189,305.2558,275.40189,305.2558,275.40189,305.2558,98.779068,27.347868,,,1,,2.3890648,2.3890648,2.3890648,.72279072,.72279072,.72279072,1,,1,,13.27835,,,2.0151832,2.0151832,2.0151832,1,,1,,2.3890648,2.3890648,2.3890648,.8339448,.8339448,.8339448,1,,1,,30.246447,,,9.3084574,9.3084574,9.3084574,1,
03Mar2021,Iran,86,60353,172,430,120706,301765,8525,1656699,17050,42625,3313398,8283495,1413717,6872,1.0087976,182629,87.196426,8334.1426,168.70255,6686.9453,39.637489,3408.824,,,,,,,,,,,,,,,,,,,,,,,,15929.568,18457.902,13239.718,6336.2339,7341.9185,5266.3037,1489.6837,1690.3412,1232.9176,503.86765,562.70007,428.6716,205.45956,,,144187.22,,,209.62434,209.62434,209.62434,144129.75,144129.75,144129.75,86,,,60353,,,87.743271,87.743271,87.743271,60328.945,60328.945,60328.945,71.480026,115426.26,101266.13,130737.96,49966832,57494580,43075564,205.45956,,,144187.22,,,209.62434,209.62434,209.62434,144129.75,144129.75,144129.75,71.480026,,,,,,,205.45956,,,144187.22,,,209.62434,209.62434,209.62434,144129.75,144129.75,144129.75,71.480026,,,,,,,.2437304,,,171.04489,,,.24867095,.24867095,.24867095,170.97672,170.97672,170.97672,.10201917,,,71.594917,,,.10408716,.10408716,.10408716,71.566383,71.566383,71.566383,10.112947,136.92664,120.12891,155.09044,.17800072,,,,,,,,,366.98276,119074.13,324.4679,66665.031,50320.859,47929.828,52809.719,50320.859,47929.828,52809.719,50320.859,47929.828,52809.719,50008.859,48816.941,51701.641,50008.859,48816.941,51701.641,50008.859,48816.941,51701.641,61.509998,54.689999,67.699997,61.509998,54.689999,67.699997,61.509998,54.689999,67.699997,61.630001,55.18,67.910004,61.630001,55.18,67.910004,61.630001,55.18,67.910004,15359117,14776030,15982684,15359117,14776030,15982684,15359117,14776030,15982684,15386997,15035552,15876698,15386997,15035552,15876698,15386997,15035552,15876698,17158.58,15268.69,18931.439,17158.58,15268.69,18931.439,17158.58,15268.69,18931.439,17171.971,14770.46,19148.9,17171.971,14770.46,19148.9,17171.971,14770.46,19148.9,1983.83,2230.24,2446.8,1983.83,2230.24,2446.8,1983.83,2230.24,2446.8,1995.24,2233.9099,2461.8799,1995.24,2233.9099,2461.8799,1995.24,2233.9099,2461.8799,201.87,227.39,249.53999,201.87,227.39,249.53999,201.87,227.39,249.53999,197.98,227.64999,252.92999,197.98,227.64999,252.92999,197.98,227.64999,252.92999,803.88,903.32001,993.06,803.88,903.32001,993.06,803.88,903.32001,993.06,811.70001,905.10999,996.15002,811.70001,905.10999,996.15002,811.70001,905.10999,996.15002,57.630001,64.919998,71.239998,57.630001,64.919998,71.239998,57.630001,64.919998,71.239998,56.52,65,72.209999,56.52,65,72.209999,56.52,65,72.209999,105741.53,118833.75,131015.72,105741.53,118833.75,131015.72,105741.53,118833.75,131015.72,102387.76,118928.86,132583.45,102387.76,118928.86,132583.45,102387.76,118928.86,132583.45,1,1.02,1.04,1,1.02,1.04,1,1.02,1.04,.99000001,1.02,1.04,.99000001,1.02,1.04,.99000001,1.02,1.04,1.1799999,1.2,1.22,1.1799999,1.2,1.22,1.1799999,1.2,1.22,1.1799999,1.2,1.23,1.1799999,1.2,1.23,1.1799999,1.2,1.23,.35847953,.35818395,.35760617,.35847953,.35818395,.35760617,.35847953,.35818395,.35760617,.35889882,.3735835,.3546418,.35889882,.3735835,.3546418,.35889882,.3735835,.3546418,189.98169,68157.422,358.75784,22067.193,60353,60353,60353,86,86,86,1656699,1656699,1656699,8525,8525,8525,1.0087976,1.0087976,1.0087976,167.9077,7854.3999,46.77808,4022.9148,,,,,,,,,,,,,,,,,,,,99.127907,27.450151,,,561.79547,346.54135,,,,,278.95596,305.22366,278.95596,305.22366,278.95596,305.22366,99.127907,27.450151,,,1,,2.3890648,2.3890648,2.3890648,.71523255,.71523255,.71523255,1,,1,,13.539737,,,2.0127366,2.0127366,2.0127366,1,,1,,2.3890646,2.3890646,2.3890646,.83377564,.83377564,.83377564,1,,1,,30.160477,,,9.270916,9.270916,9.270916,1,
04Mar2021,Iran,78,60431,156,390,120862,302155,8404,1665103,16808,42020,3330206,8325515,1420958,7241,.92812943,183714,86.741074,8343.4463,168.70255,6686.9453,39.637489,3091.7241,,,,,,,,,,,,,,,,,,,,,,,,16265.16,18808.168,13488.375,6535.353,7557.1357,5419.6387,1505.0313,1701.5637,1247.6859,505.59793,563.62476,430.50888,186.34705,,,144373.56,,,208.52298,208.52298,208.52298,144338.28,144338.28,144338.28,78,,,60431,,,87.282265,87.282265,87.282265,60416.227,60416.227,60416.227,71.86068,118244.98,104709.13,133871.77,50085080,57628452,43180272,186.34705,,,144373.56,,,208.52298,208.52298,208.52298,144338.28,144338.28,144338.28,71.86068,,,,,,,186.34705,,,144373.56,,,208.52298,208.52298,208.52298,144338.28,144338.28,144338.28,71.86068,,,,,,,.2210578,,,171.26595,,,.24736443,.24736443,.24736443,171.22408,171.22408,171.22408,.092529014,,,71.687447,,,.10354028,.10354028,.10354028,71.669922,71.669922,71.669922,9.969408,140.27042,124.21324,158.80798,.15759404,,,,,,,,,366.98276,119074.13,324.4679,60463.633,50381.801,47987.5,52870.828,50381.801,47987.5,52870.828,50381.801,47987.5,52870.828,50069.91,48875.02,51760.641,50069.91,48875.02,51760.641,50069.91,48875.02,51760.641,60.93,54.189999,66.949997,60.93,54.189999,66.949997,60.93,54.189999,66.949997,61.049999,54.66,67.25,61.049999,54.66,67.25,61.049999,54.66,67.25,15376315,14794532,15999618,15376315,14794532,15999618,15376315,14794532,15999618,15404208,15053553,15892693,15404208,15053553,15892693,15404208,15053553,15892693,17198.619,15324.55,18979.09,17198.619,15324.55,18979.09,17198.619,15324.55,18979.09,17210.801,14765.05,19206.02,17210.801,14765.05,19206.02,17210.801,14765.05,19206.02,1973.15,2217.6201,2433.0901,1973.15,2217.6201,2433.0901,1973.15,2217.6201,2433.0901,1976.73,2221.1201,2450.28,1976.73,2221.1201,2450.28,1976.73,2221.1201,2450.28,202.22,227.78999,249.83,202.22,227.78999,249.83,202.22,227.78999,249.83,197.83,228.03,253.55,197.83,228.03,253.55,197.83,228.03,253.55,798.21002,896.59998,984.21997,798.21002,896.59998,984.21997,798.21002,896.59998,984.21997,805.78998,898.31,988.40002,805.78998,898.31,988.40002,805.78998,898.31,988.40002,57.740002,65.040001,71.330002,57.740002,65.040001,71.330002,57.740002,65.040001,71.330002,56.48,65.099998,72.389999,56.48,65.099998,72.389999,56.48,65.099998,72.389999,106102.52,119085.63,131416.75,106102.52,119085.63,131416.75,106102.52,119085.63,131416.75,102324.78,119172.34,132952.19,102324.78,119172.34,132952.19,102324.78,119172.34,132952.19,1,1.02,1.04,1,1.02,1.04,1,1.02,1.04,.99000001,1.02,1.04,.99000001,1.02,1.04,.99000001,1.02,1.04,1.1799999,1.2,1.22,1.1799999,1.2,1.22,1.1799999,1.2,1.22,1.1799999,1.2,1.23,1.1799999,1.2,1.23,1.1799999,1.2,1.23,.35427263,.35361561,.35275662,.35427263,.35361561,.35275662,.35427263,.35361561,.35275662,.3547191,.37019855,.35015064,.3547191,.37019855,.35015064,.3547191,.37019855,.35015064,189.98169,68157.422,358.75784,21859.115,60431,60431,60431,78,78,78,1665103,1665103,1665103,8404,8404,8404,.92812943,.92812943,.92812943,167.9077,7854.3999,46.77808,3648.6902,,,,,,,,,,,,,,,,,,,,107.74359,27.553789,,,634.54175,346.91309,,,,,282.26849,305.19583,282.26849,305.19583,282.26849,305.19583,107.74359,27.553789,,,1,,2.3890648,2.3890648,2.3890648,.78115386,.78115386,.78115386,1,,1,,14.070084,,,2.0464802,2.0464802,2.0464802,1,,1,,2.3890646,2.3890646,2.3890646,.83370787,.83370787,.83370787,1,,1,,30.079268,,,9.2344532,9.2344532,9.2344532,1,
05Mar2021,Iran,81,60512,162,405,121024,302560,8367,1673470,16734,41835,3346940,8367350,1428008,7050,.96808892,184950,86.053574,8345.1162,168.70255,6686.9453,39.637489,3210.6367,,,,,,,,,,,,,,,,,,,,,,,,16375.453,18889.721,13562.83,6624.9131,7642.0942,5487.0283,1522.6637,1719.6855,1265.7321,507.22531,564.12555,432.52716,193.51424,,,144567.08,,,206.27219,206.27219,206.27219,144544.55,144544.55,144544.55,81,,,60512,,,86.340141,86.340141,86.340141,60502.566,60502.566,60502.566,72.243721,121259.32,107831.92,137154.03,50206340,57765604,43288104,193.51424,,,144567.08,,,206.27219,206.27219,206.27219,144544.55,144544.55,144544.55,72.243721,,,,,,,193.51424,,,144567.08,,,206.27219,206.27219,206.27219,144544.55,144544.55,144544.55,72.243721,,,,,,,.22956002,,,171.49551,,,.24469438,.24469438,.24469438,171.46878,171.46878,171.46878,.096087821,,,71.783539,,,.10242267,.10242267,.10242267,71.772346,71.772346,71.772346,9.9255161,143.84622,127.91772,162.70163,.1595871,,,,,,,,,366.98276,119074.13,324.4679,62789.156,50442.23,48044.828,52931.352,50442.23,48044.828,52931.352,50442.23,48044.828,52931.352,50130.441,48932.609,51819,50130.441,48932.609,51819,50130.441,48932.609,51819,60.43,53.759998,66.279999,60.43,53.759998,66.279999,60.43,53.759998,66.279999,60.529999,54.209999,66.669998,60.529999,54.209999,66.669998,60.529999,54.209999,66.669998,15393554,14813077,16016560,15393554,14813077,16016560,15393554,14813077,16016560,15421458,15071616,15908687,15421458,15071616,15908687,15421458,15071616,15908687,17239.16,15381,19019.391,17239.16,15381,19019.391,17239.16,15381,19019.391,17250.15,14760.11,19263.59,17250.15,14760.11,19263.59,17250.15,14760.11,19263.59,1963.6899,2207.26,2421.6699,1963.6899,2207.26,2421.6699,1963.6899,2207.26,2421.6699,1960.59,2210.6001,2441.3,1960.59,2210.6001,2441.3,1960.59,2210.6001,2441.3,202.61,228.22,250.2,202.61,228.22,250.2,202.61,228.22,250.2,197.72,228.45,254.21001,197.72,228.45,254.21001,197.72,228.45,254.21001,793.27002,890.67999,976.40997,793.27002,890.67999,976.40997,793.27002,890.67999,976.40997,800.31,892.29999,981.59998,800.31,892.29999,981.59998,800.31,892.29999,981.59998,57.849998,65.160004,71.440002,57.849998,65.160004,71.440002,57.849998,65.160004,71.440002,56.450001,65.220001,72.580002,56.450001,65.220001,72.580002,56.450001,65.220001,72.580002,106470.3,119343.61,131671.13,106470.3,119343.61,131671.13,106470.3,119343.61,131671.13,102267.76,119422.05,133326.91,102267.76,119422.05,133326.91,102267.76,119422.05,133326.91,1,1.02,1.04,1,1.02,1.04,1,1.02,1.04,.99000001,1.02,1.04,.99000001,1.02,1.04,.99000001,1.02,1.04,1.1799999,1.2,1.22,1.1799999,1.2,1.22,1.1799999,1.2,1.22,1.1799999,1.2,1.23,1.1799999,1.2,1.23,1.1799999,1.2,1.23,.35053912,.34952211,.34848645,.35053912,.34952211,.34848645,.35053912,.34952211,.34848645,.35089549,.36727366,.34609333,.35089549,.36727366,.34609333,.35089549,.36727366,.34609333,189.98169,68157.422,358.75784,21679.736,60512,60512,60512,81,81,81,1673470,1673470,1673470,8367,8367,8367,.96808892,.96808892,.96808892,167.9077,7854.3999,46.77808,3789.0244,,,,,,,,,,,,,,,,,,,,103.2963,27.655176,,,626.61707,347.28751,,,,,285.27487,305.17197,285.27487,305.17197,285.27487,305.17197,103.2963,27.655176,,,1,,2.3890646,2.3890646,2.3890646,.7460494,.7460494,.7460494,1,,1,,14.492568,,,2.0603752,2.0603752,2.0603752,1,,1,,2.3890646,2.3890646,2.3890646,.83359051,.83359051,.83359051,1,,1,,30.001339,,,9.1985836,9.1985836,9.1985836,1,
06Mar2021,Iran,82,60594,164,410,121188,302970,8212,1681682,16424,41060,3363364,8408410,1435357,7349,.99853873,185731,84.901787,8341.9463,168.70255,6686.9453,39.637489,3250.2742,,,,,,,,,,,,,,,,,,,,,,,,16678.436,19151.748,13809.688,6771.3462,7775.4961,5606.6519,1542.6302,1742.0641,1281.8596,509.25281,566.06055,434.84244,195.90331,,,144762.98,,,203.21111,203.21111,203.21111,144747.75,144747.75,144747.75,82,,,60594,,,85.058861,85.058861,85.058861,60587.625,60587.625,60587.625,72.628197,124472.44,111656.41,140585.61,50330812,57906192,43399760,195.90331,,,144762.98,,,203.21111,203.21111,203.21111,144747.75,144747.75,144747.75,72.628197,,,,,,,195.90331,,,144762.98,,,203.21111,203.21111,203.21111,144747.75,144747.75,144747.75,72.628197,,,,,,,.2323941,,,171.72791,,,.24106313,.24106313,.24106313,171.70984,171.70984,171.70984,.097274095,,,71.880806,,,.10090272,.10090272,.10090272,71.873245,71.873245,71.873245,9.7416449,147.65784,132.45459,166.77242,.1573869,,,,,,,,,366.98276,119074.13,324.4679,63564.332,50502.211,48104.449,52991.359,50502.211,48104.449,52991.359,50502.211,48104.449,52991.359,50190.531,48989.789,51876.789,50190.531,48989.789,51876.789,50190.531,48989.789,51876.789,59.98,53.389999,65.769997,59.98,53.389999,65.769997,59.98,53.389999,65.769997,60.09,53.77,66.160004,60.09,53.77,66.160004,60.09,53.77,66.160004,15410834,14831666,16033510,15410834,14831666,16033510,15410834,14831666,16033510,15438748,15089741,15925232,15438748,15089741,15925232,15438748,15089741,15925232,17280.199,15438.06,19060.109,17280.199,15438.06,19060.109,17280.199,15438.06,19060.109,17290.02,14752.85,19321.631,17290.02,14752.85,19321.631,17290.02,14752.85,19321.631,1955.7,2198.9299,2412.28,1955.7,2198.9299,2412.28,1955.7,2198.9299,2412.28,1946.5601,2202.0901,2434.4399,1946.5601,2202.0901,2434.4399,1946.5601,2202.0901,2434.4399,203.03999,228.67999,251.22,203.03999,228.67999,251.22,203.03999,228.67999,251.22,197.64,228.89,254.89,197.64,228.89,254.89,197.64,228.89,254.89,788.89001,885.51001,970.51001,788.89001,885.51001,970.51001,788.89001,885.51001,970.51001,793.69,887.04999,976.81,793.69,887.04999,976.81,793.69,887.04999,976.81,57.970001,65.290001,71.730003,57.970001,65.290001,71.730003,57.970001,65.290001,71.730003,56.43,65.349998,72.779999,56.43,65.349998,72.779999,56.43,65.349998,72.779999,106845.96,119618.35,131929.55,106845.96,119618.35,131929.55,106845.96,119618.35,131929.55,102231.01,119688.88,133709.8,102231.01,119688.88,133709.8,102231.01,119688.88,133709.8,1.63,1.65,1.67,1.63,1.65,1.67,1.63,1.65,1.67,1.62,1.64,1.67,1.62,1.64,1.67,1.62,1.64,1.67,1.9299999,1.95,1.98,1.9299999,1.95,1.98,1.9299999,1.95,1.98,1.92,1.95,1.98,1.92,1.95,1.98,1.92,1.95,1.98,.34710246,.3458336,.34506622,.34710246,.3458336,.34506622,.34710246,.3458336,.34506622,.34754154,.36447197,.34241417,.34754154,.36447197,.34241417,.34754154,.36447197,.34241417,189.98169,68157.422,358.75784,21518.295,60594,60594,60594,82,82,82,1681682,1681682,1681682,8212,8212,8212,.99853873,.99853873,.99853873,167.9077,7854.3999,46.77808,3835.8025,,,,,,,,,,,,,,,,,,,,100.14634,27.753277,,,635.37689,347.67737,,,,,288.09937,305.15167,288.09937,305.15167,288.09937,305.15167,100.14634,27.753277,,,1,,2.3890648,2.3890648,2.3890648,.73146343,.73146343,.73146343,1,,1,,15.157384,,,2.1042619,2.1042619,2.1042619,1,,1,,2.3890646,2.3890646,2.3890646,.83345234,.83345234,.83345234,1,,1,,29.928852,,,9.1639404,9.1639404,9.1639404,1,
07Mar2021,Iran,93,60687,186,465,121374,303435,8010,1689692,16020,40050,3379384,8448460,1442198,6841,1.1610487,186807,83.401787,8331.5801,168.70255,6686.9453,39.637489,3686.2866,,,,,,,,,,,,,,,,,,,,,,,,16939.658,19368.576,14034.746,6833.1646,7812.9473,5661.373,1565.1212,1766.9178,1300.2555,512.25116,569.44922,436.68271,222.18301,,,144985.17,,,199.72658,199.72658,199.72658,144947.48,144947.48,144947.48,93,,,60687,,,83.600327,83.600327,83.600327,60671.227,60671.227,60671.227,73.011894,127886.93,115361.05,144167.27,50458696,58050360,43515124,222.18301,,,144985.17,,,199.72658,199.72658,199.72658,144947.48,144947.48,144947.48,73.011894,,,,,,,222.18301,,,144985.17,,,199.72658,199.72658,199.72658,144947.48,144947.48,144947.48,73.011894,,,,,,,.26356891,,,171.99147,,,.23692954,.23692954,.23692954,171.94676,171.94676,171.94676,.11032306,,,71.991135,,,.09917251,.09917251,.09917251,71.97242,71.97242,71.97242,9.502018,151.70836,136.84929,171.02121,.17373395,,,,,,,,,366.98276,119074.13,324.4679,72091.258,50561.809,48167.578,53050.891,50561.809,48167.578,53050.891,50561.809,48167.578,53050.891,50250.23,49046.609,51934.059,50250.23,49046.609,51934.059,50250.23,49046.609,51934.059,59.599998,53.060001,65.360001,59.599998,53.060001,65.360001,59.599998,53.060001,65.360001,59.700001,53.290001,65.800003,59.700001,53.290001,65.800003,59.700001,53.290001,65.800003,15428930,14851142,16051239,15428930,14851142,16051239,15428930,14851142,16051239,15456848,15108733,15942654,15456848,15108733,15942654,15456848,15108733,15942654,18095.471,16189.02,19946.34,18095.471,16189.02,19946.34,18095.471,16189.02,19946.34,18099.92,15445.79,20222.26,18099.92,15445.79,20222.26,18099.92,15445.79,20222.26,1949.42,2192.4199,2404.73,1949.42,2192.4199,2404.73,1949.42,2192.4199,2404.73,1934.45,2195.4199,2429.51,1934.45,2195.4199,2429.51,1934.45,2195.4199,2429.51,203.87,229.32001,252.48,203.87,229.32001,252.48,203.87,229.32001,252.48,197.72,229.50999,255.77,197.72,229.50999,255.77,197.72,229.50999,255.77,784.63,881.03998,965.57001,784.63,881.03998,965.57001,784.63,881.03998,965.57001,786.87,882.5,972.89001,786.87,882.5,972.89001,786.87,882.5,972.89001,58.209999,65.480003,72.089996,58.209999,65.480003,72.089996,58.209999,65.480003,72.089996,56.450001,65.529999,73.029999,56.450001,65.529999,73.029999,56.450001,65.529999,73.029999,116984.61,130751.19,144085.33,116984.61,130751.19,144085.33,116984.61,130751.19,144085.33,112029.08,130753.65,145936.95,112029.08,130753.65,145936.95,112029.08,130753.65,145936.95,1.63,1.65,1.67,1.63,1.65,1.67,1.63,1.65,1.67,1.62,1.64,1.67,1.62,1.64,1.67,1.62,1.64,1.67,1.9299999,1.95,1.98,1.9299999,1.95,1.98,1.9299999,1.95,1.98,1.92,1.95,1.98,1.92,1.95,1.98,1.92,1.95,1.98,.32936418,.32775304,.32767916,.32936418,.32775304,.32767916,.32936418,.32775304,.32767916,.32983571,.34501311,.32538402,.32983571,.34501311,.32538402,.32983571,.34501311,.32538402,189.98169,68157.422,358.75784,21381.967,60687,60687,60687,93,93,93,1689692,1689692,1689692,8010,8010,8010,1.1610487,1.1610487,1.1610487,167.9077,7854.3999,46.77808,4350.3613,,,,,,,,,,,,,,,,,,,,86.129036,27.842733,,,575.59271,348.02661,,,,,303.6153,305.14987,303.6153,305.14987,303.6153,305.14987,86.129036,27.842733,,,1,,2.3890646,2.3890646,2.3890646,.6408602,.6408602,.6408602,1,,1,,15.965909,,,2.25911,2.25911,2.25911,1,,1,,2.3890648,2.3890648,2.3890648,.83315718,.83315718,.83315718,1,,1,,29.862659,,,9.1312084,9.1312084,9.1312084,1,
08Mar2021,Iran,99,60786,198,495,121572,303930,8313,1698005,16626,41565,3396010,8490025,1449350,7152,1.1909058,187869,81.964287,8311.0176,168.70255,6686.9453,39.637489,3924.1113,,,,,,,,,,,,,,,,,,,,,,,,17114.58,19542.91,14201.138,6850.2109,7822.1641,5684.0884,1593.8258,1801.0106,1326.022,516.67664,574.30975,440.39349,236.5174,,,145221.69,,,196.18582,196.18582,196.18582,145143.67,145143.67,145143.67,99,,,60786,,,82.118256,82.118256,82.118256,60753.344,60753.344,60753.344,73.390373,131504.78,118611.64,148287.2,50590204,58198644,43633732,236.5174,,,145221.69,,,196.18582,196.18582,196.18582,145143.67,145143.67,145143.67,73.390373,,,,,,,236.5174,,,145221.69,,,196.18582,196.18582,196.18582,145143.67,145143.67,145143.67,73.390373,,,,,,,.28057337,,,172.27205,,,.23272924,.23272924,.23272924,172.1795,172.1795,172.1795,.11744067,,,72.108574,,,.097414374,.097414374,.097414374,72.069839,72.069839,72.069839,9.8614578,156.00009,140.70535,175.90858,.1798546,,,,,,,,,366.98276,119074.13,324.4679,76742.305,50621.102,48230.48,53110.02,50621.102,48230.48,53110.02,50621.102,48230.48,53110.02,50309.602,49103.148,51990.879,50309.602,49103.148,51990.879,50309.602,49103.148,51990.879,59.279999,52.77,65.010002,59.279999,52.77,65.010002,59.279999,52.77,65.010002,59.369999,52.810001,65.510002,59.369999,52.810001,65.510002,59.369999,52.810001,65.510002,15448682,14872426,16070580,15448682,14872426,16070580,15448682,14872426,16070580,15476594,15129469,15961650,15476594,15129469,15961650,15476594,15129469,15961650,19752.16,17699.48,21754.73,19752.16,17699.48,21754.73,19752.16,17699.48,21754.73,19746.4,16903.32,22041.16,19746.4,16903.32,22041.16,19746.4,16903.32,22041.16,1945.3,2188.23,2399.5801,1945.3,2188.23,2399.5801,1945.3,2188.23,2399.5801,1924.66,2191.0701,2427.05,1924.66,2191.0701,2427.05,1924.66,2191.0701,2427.05,206.06,231.47,255.37,206.06,231.47,255.37,206.06,231.47,255.37,199.14999,231.63,258.29001,199.14999,231.63,258.29001,199.14999,231.63,258.29001,781.15002,877.41998,961.52002,781.15002,877.41998,961.52002,781.15002,877.41998,961.52002,780.92999,878.79999,969.85999,780.92999,878.79999,969.85999,780.92999,878.79999,969.85999,58.84,66.089996,72.919998,58.84,66.089996,72.919998,58.84,66.089996,72.919998,56.860001,66.139999,73.75,56.860001,66.139999,73.75,56.860001,66.139999,73.75,127367.44,142123.98,156500.73,127367.44,142123.98,156500.73,127367.44,142123.98,156500.73,122012.36,142054.66,158428.48,122012.36,142054.66,158428.48,122012.36,142054.66,158428.48,1.63,1.65,1.67,1.63,1.65,1.67,1.63,1.65,1.67,1.62,1.64,1.67,1.62,1.64,1.67,1.62,1.64,1.67,1.9299999,1.95,1.98,1.9299999,1.95,1.98,1.9299999,1.95,1.98,1.92,1.95,1.98,1.92,1.95,1.98,1.92,1.95,1.98,.30011907,.29814434,.29883158,.30011907,.29814434,.29883158,.30011907,.29814434,.29883158,.3006624,.31242383,.29721668,.3006624,.31242383,.29721668,.3006624,.31242383,.29721668,189.98169,68157.422,358.75784,21267.164,60786,60786,60786,99,99,99,1698005,1698005,1698005,8313,8313,8313,1.1909058,1.1909058,1.1909058,167.9077,7854.3999,46.77808,4631.0298,,,,,,,,,,,,,,,,,,,,83.969696,27.934147,,,556.0047,348.36536,,,,,333.20108,305.18265,333.20108,305.18265,333.20108,305.18265,83.969696,27.934147,,,1,,2.3890646,2.3890646,2.3890646,.59878784,.59878784,.59878784,1,,1,,15.819173,,,2.3760569,2.3760569,2.3760569,1,,1,,2.3890648,2.3890648,2.3890648,.83277565,.83277565,.83277565,1,,1,,29.793907,,,9.0981369,9.0981369,9.0981369,1,
09Mar2021,Iran,81,60867,162,405,121734,304335,8554,1706559,17108,42770,3413118,8532795,1456759,7409,.9469254,188933,80.41964,8279,168.70255,6686.9453,39.637489,3210.6367,,,,,,,,,,,,,,,,,,,,,,,,17453.875,19865.893,14498.271,6886.8691,7838.5918,5720.6606,1621.7986,1834.1169,1358.7118,522.6853,581.35559,446.12073,193.51424,,,145415.2,,,192.93222,192.93222,192.93222,145336.61,145336.61,145336.61,81,,,60867,,,80.756378,80.756378,80.756378,60834.102,60834.102,60834.102,73.756378,135326.77,121511.83,152549.36,50725528,58351196,43755244,193.51424,,,145415.2,,,192.93222,192.93222,192.93222,145336.61,145336.61,145336.61,73.756378,,,,,,,193.51424,,,145415.2,,,192.93222,192.93222,192.93222,145336.61,145336.61,145336.61,73.756378,,,,,,,.22956002,,,172.5016,,,.22886959,.22886959,.22886959,172.40837,172.40837,172.40837,.096087821,,,72.204659,,,.095798828,.095798828,.095798828,72.165634,72.165634,72.165634,10.147348,160.534,144.14577,180.96465,.14299776,,,,,,,,,366.98276,119074.13,324.4679,62789.156,50680.121,48293.199,53168.801,50680.121,48293.199,53168.801,50680.121,48293.199,53168.801,50368.711,49161.148,52047.301,50368.711,49161.148,52047.301,50368.711,49161.148,52047.301,59.02,52.52,64.720001,59.02,52.52,64.720001,59.02,52.52,64.720001,59.110001,52.389999,65.290001,59.110001,52.389999,65.290001,59.110001,52.389999,65.290001,15470367,14895819,16091803,15470367,14895819,16091803,15470367,14895819,16091803,15498261,15152240,15982484,15498261,15152240,15982484,15498261,15152240,15982484,21684.75,19461.82,23864.5,21684.75,19461.82,23864.5,21684.75,19461.82,23864.5,21666.76,18608.49,24161.09,21666.76,18608.49,24161.09,21666.76,18608.49,24161.09,1945.28,2188.53,2399.1799,1945.28,2188.53,2399.1799,1945.28,2188.53,2399.1799,1919.11,2191.1699,2429.3999,1919.11,2191.1699,2429.3999,1919.11,2191.1699,2429.3999,211.10001,236.78999,261.31,211.10001,236.78999,261.31,211.10001,236.78999,261.31,203.46001,236.91,264.26999,203.46001,236.91,264.26999,203.46001,236.91,264.26999,779.01001,875.27002,959.04999,779.01001,875.27002,959.04999,779.01001,875.27002,959.04999,776.40002,876.57001,968.40997,776.40002,876.57001,968.40997,776.40002,876.57001,968.40997,60.279999,67.610001,74.610001,60.279999,67.610001,74.610001,60.279999,67.610001,74.610001,58.09,67.650002,75.459999,58.09,67.650002,75.459999,58.09,67.650002,75.459999,138255.94,154040.25,169500.2,138255.94,154040.25,169500.2,138255.94,154040.25,169500.2,132471.05,153891.91,171508.5,132471.05,153891.91,171508.5,132471.05,153891.91,171508.5,1.63,1.65,1.67,1.63,1.65,1.67,1.63,1.65,1.67,1.62,1.64,1.67,1.62,1.64,1.67,1.62,1.64,1.67,1.9299999,1.95,1.98,1.9299999,1.95,1.98,1.9299999,1.95,1.98,1.92,1.95,1.98,1.92,1.95,1.98,1.92,1.95,1.98,.27217284,.2698617,.2711978,.27217284,.2698617,.2711978,.27217284,.2698617,.2711978,.27281421,.28153816,.27022788,.27281421,.28153816,.27022788,.27281421,.28153816,.27022788,189.98169,68157.422,358.75784,21173.889,60867,60867,60867,81,81,81,1706559,1706559,1706559,8554,8554,8554,.9469254,.9469254,.9469254,167.9077,7854.3999,46.77808,3789.0244,,,,,,,,,,,,,,,,,,,,105.60493,28.037508,,,699.31171,348.83237,,,,,367.41357,305.25513,367.41357,305.25513,367.41357,305.25513,105.60493,28.037508,,,1,,2.3890646,2.3890646,2.3890646,.72864199,.72864199,.72864199,1,,1,,15.820291,,,2.535042,2.535042,2.535042,1,,1,,2.3890648,2.3890648,2.3890648,.83263707,.83263707,.83263707,1,,1,,29.723864,,,9.0652399,9.0652399,9.0652399,1,
10Mar2021,Iran,61,60928,122,305,121856,304640,8603,1715162,17206,43015,3430324,8575810,1464268,7509,.70905501,189966,79.330353,8237.1963,168.70255,6686.9453,39.637489,2417.887,,,,,,,,,,,,,,,,,,,,,,,,17690.352,20052.762,14690.465,6869.8843,7787.3047,5704.9063,1652.5391,1869.8826,1397.8732,530.42804,590.85358,456.13715,145.73294,,,145560.94,,,190.28717,190.28717,190.28717,145526.89,145526.89,145526.89,61,,,60928,,,79.649239,79.649239,79.649239,60913.75,60913.75,60913.75,74.100235,139351.88,124811.47,156946.77,50864880,58508140,43880056,145.73294,,,145560.94,,,190.28717,190.28717,190.28717,145526.89,145526.89,145526.89,74.100235,,,,,,,145.73294,,,145560.94,,,190.28717,190.28717,190.28717,145526.89,145526.89,145526.89,74.100235,,,,,,,.17287853,,,172.67448,,,.22573185,.22573185,.22573185,172.63409,172.63409,172.63409,.072362438,,,72.277023,,,.094485454,.094485454,.094485454,72.260117,72.260117,72.260117,10.205476,165.30887,148.06003,186.18115,.10457911,,,,,,,,,366.98276,119074.13,324.4679,47285.66,50738.949,48355.82,53227.301,50738.949,48355.82,53227.301,50738.949,48355.82,53227.301,50427.629,49222,52103.398,50427.629,49222,52103.398,50427.629,49222,52103.398,58.84,52.349998,64.510002,58.84,52.349998,64.510002,58.84,52.349998,64.510002,58.919998,52.060001,65.150002,58.919998,52.060001,65.150002,58.919998,52.060001,65.150002,15494080,14921425,16114999,15494080,14921425,16114999,15494080,14921425,16114999,15521942,15177149,16005244,15521942,15177149,16005244,15521942,15177149,16005244,23712.9,21297.75,26077.051,23712.9,21297.75,26077.051,23712.9,21297.75,26077.051,23681.33,20397.49,26384.391,23681.33,20397.49,26384.391,23681.33,20397.49,26384.391,1952.33,2196.5901,2407.1399,1952.33,2196.5901,2407.1399,1952.33,2196.5901,2407.1399,1920.76,2199.02,2440.1899,1920.76,2199.02,2440.1899,1920.76,2199.02,2440.1899,219.69,246.05,271.38,219.69,246.05,271.38,219.69,246.05,271.38,211.36,246.10001,274.54001,211.36,246.10001,274.54001,211.36,246.10001,274.54001,779.04999,875.54999,959.20001,779.04999,875.54999,959.20001,779.04999,875.54999,959.20001,774.15002,876.76001,969.58002,774.15002,876.76001,969.58002,774.15002,876.76001,969.58002,62.73,70.25,77.489998,62.73,70.25,77.489998,62.73,70.25,77.489998,60.349998,70.269997,78.389999,60.349998,70.269997,78.389999,60.349998,70.269997,78.389999,149781.09,166765.66,183371.13,149781.09,166765.66,183371.13,149781.09,166765.66,183371.13,143641.42,166527.73,185461.41,143641.42,166527.73,185461.41,143641.42,166527.73,185461.41,1.63,1.65,1.67,1.63,1.65,1.67,1.63,1.65,1.67,1.62,1.64,1.67,1.62,1.64,1.67,1.62,1.64,1.67,1.9299999,1.95,1.98,1.9299999,1.95,1.98,1.9299999,1.95,1.98,1.92,1.95,1.98,1.92,1.95,1.98,1.92,1.95,1.98,.24813497,.2458006,.24738228,.24813497,.2458006,.24738228,.24813497,.2458006,.24738228,.24880359,.25522748,.24692631,.24880359,.25522748,.24692631,.24880359,.25522748,.24692631,189.98169,68157.422,358.75784,21109.313,60928,60928,60928,61,61,61,1715162,1715162,1715162,8603,8603,8603,.70905501,.70905501,.70905501,167.9077,7854.3999,46.77808,2853.4629,,,,,,,,,,,,,,,,,,,,141.03279,28.150637,,,956.21399,349.44046,,,,,403.00647,305.36856,403.00647,305.36856,403.00647,305.36856,141.03279,28.150637,,,1,,2.3890646,2.3890646,2.3890646,.96459019,.96459019,.96459019,1,,1,,16.198055,,,2.7563524,2.7563524,2.7563524,1,,1,,2.3890648,2.3890648,2.3890648,.83276898,.83276898,.83276898,1,,1,,29.656021,,,9.033596,9.033596,9.033596,1,
11Mar2021,Iran,88,61016,176,440,122032,305080,8308,1723470,16616,41540,3446940,8617350,1471179,6911,1.0592201,191275,78.848213,8186.3037,168.70255,6686.9453,39.637489,3488.0991,,,,,,,,,,,,,,,,,,,,,,,,17934.268,20218.406,14904.869,6804.8442,7671.521,5655.3921,1686.1246,1910.9274,1441.5645,541.11572,603.14807,469.49536,210.23769,,,145771.17,,,188.55766,188.55766,188.55766,145715.45,145715.45,145715.45,88,,,61016,,,78.925308,78.925308,78.925308,60992.676,60992.676,60992.676,74.411705,143577.14,129117.39,161471.66,51008460,58669612,44009176,210.23769,,,145771.17,,,188.55766,188.55766,188.55766,145715.45,145715.45,145715.45,74.411705,,,,,,,210.23769,,,145771.17,,,188.55766,188.55766,188.55766,145715.45,145715.45,145715.45,74.411705,,,,,,,.24939854,,,172.92387,,,.2236802,.2236802,.2236802,172.85777,172.85777,172.85777,.10439171,,,72.381416,,,.093626678,.093626678,.093626678,72.353745,72.353745,72.353745,9.855526,170.32117,153.16801,191.54889,.14642838,,,,,,,,,366.98276,119074.13,324.4679,68215.383,50797.73,48418.449,53285.629,50797.73,48418.449,53285.629,50797.73,48418.449,53285.629,50486.488,49282.852,52159.301,50486.488,49282.852,52159.301,50486.488,49282.852,52159.301,58.779999,52.279999,64.440002,58.779999,52.279999,64.440002,58.779999,52.279999,64.440002,58.860001,51.830002,65.139999,58.860001,51.830002,65.139999,58.860001,51.830002,65.139999,15519898,14949333,16140240,15519898,14949333,16140240,15519898,14949333,16140240,15547714,15204278,16029998,15547714,15204278,16029998,15547714,15204278,16029998,25818.721,23204.289,28372.131,25818.721,23204.289,28372.131,25818.721,23204.289,28372.131,25772.061,22250.779,28690.66,25772.061,22250.779,28690.66,25772.061,22250.779,28690.66,1969.3,2215.8899,2427.22,1969.3,2215.8899,2427.22,1969.3,2215.8899,2427.22,1932.7,2218.04,2463.1599,1932.7,2218.04,2463.1599,1932.7,2218.04,2463.1599,231.81,259.20999,285.72,231.81,259.20999,285.72,231.81,259.20999,285.72,222.66,259.17001,289.06,222.66,259.17001,289.06,222.66,259.17001,289.06,782.21002,879.28003,963.09003,782.21002,879.28003,963.09003,782.21002,879.28003,963.09003,775.09003,880.38,974.5,775.09003,880.38,974.5,775.09003,880.38,974.5,66.190002,74.010002,81.580002,66.190002,74.010002,81.580002,66.190002,74.010002,81.580002,63.580002,74,82.540001,63.580002,74,82.540001,63.580002,74,82.540001,162224.41,180493.05,198321.44,162224.41,180493.05,198321.44,162224.41,180493.05,198321.44,155695.23,180152.34,200493.2,155695.23,180152.34,200493.2,155695.23,180152.34,200493.2,1.63,1.65,1.67,1.63,1.65,1.67,1.63,1.65,1.67,1.62,1.64,1.67,1.62,1.64,1.67,1.62,1.64,1.67,1.9299999,1.95,1.98,1.9299999,1.95,1.98,1.9299999,1.95,1.98,1.92,1.95,1.98,1.92,1.95,1.98,1.92,1.95,1.98,.22766426,.22530317,.22712429,.22766426,.22530317,.22712429,.22766426,.22530317,.22712429,.22838686,.23293567,.22704253,.22838686,.23293567,.22704253,.22838686,.23293567,.22704253,189.98169,68157.422,358.75784,21087.785,61016,61016,61016,88,88,88,1723470,1723470,1723470,8308,8308,8308,1.0592201,1.0592201,1.0592201,167.9077,7854.3999,46.77808,4116.4712,,,,,,,,,,,,,,,,,,,,94.409088,28.246199,,,682.92773,349.92145,,,,,439.24329,305.52344,439.24329,305.52344,439.24329,305.52344,94.409088,28.246199,,,1,,2.3890646,2.3890646,2.3890646,.6679545,.6679545,.6679545,1,,1,,17.281794,,,3.1076939,3.1076939,3.1076939,1,,1,,2.3890648,2.3890648,2.3890648,.83253133,.83253133,.83253133,1,,1,,29.596373,,,9.0050297,9.0050297,9.0050297,1,
12Mar2021,Iran,53,61069,106,265,122138,305345,8088,1731558,16176,40440,3463116,8657790,1477588,6409,.6552918,192901,78.848213,8127.5181,168.70255,6686.9453,39.637489,2100.7869,,,,,,,,,,,,,,,,,,,,,,,,18199.408,20495.145,15153.68,6717.9351,7565.3589,5593.6675,1722.6328,1952.1877,1489.7764,552.64435,616.8764,484.45517,126.62043,,,145897.8,,,187.92055,187.92055,187.92055,145903.36,145903.36,145903.36,53,,,61069,,,78.65863,78.65863,78.65863,61071.336,61071.336,61071.336,74.682945,147998.08,133334.44,166131.3,51156456,58835744,44142508,126.62043,,,145897.8,,,187.92055,187.92055,187.92055,145903.36,145903.36,145903.36,74.682945,,,,,,,126.62043,,,145897.8,,,187.92055,187.92055,187.92055,145903.36,145903.36,145903.36,74.682945,,,,,,,.15020594,,,173.07408,,,.22292441,.22292441,.22292441,173.0807,173.0807,173.0807,.062872276,,,72.44429,,,.093310326,.093310326,.093310326,72.44706,72.44706,72.44706,9.5945473,175.5656,158.17056,197.07648,.085555457,,,,,,,,,366.98276,119074.13,324.4679,41084.266,50856.621,48481.281,53343.98,50856.621,48481.281,53343.98,50856.621,48481.281,53343.98,50545.449,49343.898,52215.16,50545.449,49343.898,52215.16,50545.449,49343.898,52215.16,58.889999,52.380001,64.540001,58.889999,52.380001,64.540001,58.889999,52.380001,64.540001,58.959999,51.77,65.32,58.959999,51.77,65.32,58.959999,51.77,65.32,15547934,14979664,16167629,15547934,14979664,16167629,15547934,14979664,16167629,15575686,15233747,16056846,15575686,15233747,16056846,15575686,15233747,16056846,28035,25213.4,30785.061,28035,25213.4,30785.061,28035,25213.4,30785.061,27971.289,24201.99,31114.91,27971.289,24201.99,31114.91,27971.289,24201.99,31114.91,1999.0699,2249.3799,2462.79,1999.0699,2249.3799,2462.79,1999.0699,2249.3799,2462.79,1957.58,2251.1799,2501.5601,1957.58,2251.1799,2501.5601,1957.58,2251.1799,2501.5601,247.13,275.89999,303.92001,247.13,275.89999,303.92001,247.13,275.89999,303.92001,237.13,275.75,307.42001,237.13,275.75,307.42001,237.13,275.75,307.42001,789.33002,887.38,971.71002,789.33002,887.38,971.71002,789.33002,887.38,971.71002,780.03998,888.35999,984.15002,780.03998,888.35999,984.15002,780.03998,888.35999,984.15002,70.57,78.779999,86.779999,70.57,78.779999,86.779999,70.57,78.779999,86.779999,67.709999,78.739998,87.779999,67.709999,78.739998,87.779999,67.709999,78.739998,87.779999,175714.58,195362.98,214502,175714.58,195362.98,214502,175714.58,195362.98,214502,168776.88,194904.2,216753.44,168776.88,194904.2,216753.44,168776.88,194904.2,216753.44,1.63,1.65,1.67,1.63,1.65,1.67,1.63,1.65,1.67,1.62,1.64,1.67,1.62,1.64,1.67,1.62,1.64,1.67,1.9299999,1.95,1.98,1.9299999,1.95,1.98,1.9299999,1.95,1.98,1.92,1.95,1.98,1.92,1.95,1.98,1.92,1.95,1.98,.21005885,.20774667,.20964715,.21005885,.20774667,.20964715,.21005885,.20774667,.20964715,.21078756,.21390803,.20993151,.21078756,.21390803,.20993151,.21078756,.21390803,.20993151,189.98169,68157.422,358.75784,21127.25,61069,61069,61069,53,53,53,1731558,1731558,1731558,8088,8088,8088,.6552918,.6552918,.6552918,167.9077,7854.3999,46.77808,2479.2383,,,,,,,,,,,,,,,,,,,,152.60378,28.354124,,,1168.8325,350.63214,,,,,476.05707,305.72095,476.05707,305.72095,476.05707,305.72095,152.60378,28.354124,,,1,,2.3890648,2.3890648,2.3890648,1.111132,1.111132,1.111132,1,,1,,18.298477,,,3.4662464,3.4662464,3.4662464,1,,1,,2.3890648,2.3890648,2.3890648,.83277309,.83277309,.83277309,1,,1,,29.5436,,,8.9791584,8.9791584,8.9791584,1,
13Mar2021,Iran,73,61142,146,365,122284,305710,7802,1739360,15604,39010,3478720,8696800,1485179,7591,.9356575,193039,79.535713,8061.75,168.70255,6686.9453,39.637489,2893.5366,,,,,,,,,,,,,,,,,,,,,,,,18456.672,20812.158,15413.194,6595.9951,7437.7925,5508.3257,1762.1376,1995.844,1536.9352,565.59943,630.57758,499.99277,174.40172,,,146072.19,,,188.16925,188.16925,188.16925,146091.53,146091.53,146091.53,73,,,61142,,,78.762733,78.762733,78.762733,61150.098,61150.098,61150.098,74.911583,152608.83,136662.25,170659.3,51309064,59006404,44279172,174.40172,,,146072.19,,,188.16925,188.16925,188.16925,146091.53,146091.53,146091.53,74.911583,,,,,,,174.40172,,,146072.19,,,188.16925,188.16925,188.16925,146091.53,146091.53,146091.53,74.911583,,,,,,,.20688742,,,173.28098,,,.22321944,.22321944,.22321944,173.30392,173.30392,173.30392,.086597666,,,72.530884,,,.09343382,.09343382,.09343382,72.540489,72.540489,72.540489,9.2552738,181.03519,162.11826,202.44791,.11428023,,,,,,,,,366.98276,119074.13,324.4679,56587.758,50915.859,48544.551,53402.551,50915.859,48544.551,53402.551,50915.859,48544.551,53402.551,50604.75,49405.391,52271.199,50604.75,49405.391,52271.199,50604.75,49405.391,52271.199,59.240002,52.68,64.910004,59.240002,52.68,64.910004,59.240002,52.68,64.910004,59.310001,51.93,65.75,59.310001,51.93,65.75,59.310001,51.93,65.75,15578334,15012584,16197309,15578334,15012584,16197309,15578334,15012584,16197309,15606003,15265713,16085924,15606003,15265713,16085924,15606003,15265713,16085924,30400.32,27359.971,33357.629,30400.32,27359.971,33357.629,30400.32,27359.971,33357.629,30317.221,26287.26,33698.59,30317.221,26287.26,33698.59,30317.221,26287.26,33698.59,2045.6,2299.3701,2518.03,2045.6,2299.3701,2518.03,2045.6,2299.3701,2518.03,1997.45,2300.71,2557.8999,1997.45,2300.71,2557.8999,1997.45,2300.71,2557.8999,265.29001,295.70001,325.51001,265.29001,295.70001,325.51001,265.29001,295.70001,325.51001,254.42,295.41,329.17001,254.42,295.41,329.17001,254.42,295.41,329.17001,801.07001,900.59003,985.87,801.07001,900.59003,985.87,801.07001,900.59003,985.87,789.65997,901.40997,999.35999,789.65997,901.40997,999.35999,789.65997,901.40997,999.35999,75.760002,84.440002,92.949997,75.760002,84.440002,92.949997,75.760002,84.440002,92.949997,72.650002,84.360001,94,72.650002,84.360001,94,72.650002,84.360001,94,190357.16,211489.8,232034.7,190357.16,211489.8,232034.7,190357.16,211489.8,232034.7,182991.97,210895.67,234362.94,182991.97,210895.67,234362.94,182991.97,210895.67,234362.94,1.63,1.65,1.67,1.63,1.65,1.67,1.63,1.65,1.67,1.62,1.64,1.67,1.62,1.64,1.67,1.62,1.64,1.67,1.9299999,1.95,1.98,1.9299999,1.95,1.98,1.9299999,1.95,1.98,1.92,1.95,1.98,1.92,1.95,1.98,1.92,1.95,1.98,.19486637,.19254407,.19458818,.19486637,.19254407,.19458818,.19486637,.19254407,.19458818,.1956314,.19754817,.19511202,.1956314,.19754817,.19511202,.1956314,.19754817,.19511202,189.98169,68157.422,358.75784,21252.814,61142,61142,61142,73,73,73,1739360,1739360,1739360,7802,7802,7802,.9356575,.9356575,.9356575,167.9077,7854.3999,46.77808,3414.7998,,,,,,,,,,,,,,,,,,,,106.87671,28.447876,,,875.04199,351.25827,,,,,513.17218,305.96231,513.17218,305.96231,513.17218,305.96231,106.87671,28.447876,,,1,,2.3890646,2.3890646,2.3890646,.81150687,.81150687,.81150687,1,,1,,19.560219,,,3.8964779,3.8964779,3.8964779,1,,1,,2.3890646,2.3890646,2.3890646,.8327477,.8327477,.8327477,1,,1,,29.498817,,,8.9563599,8.9563599,8.9563599,1,
14Mar2021,Iran,88,61230,176,440,122460,306150,7593,1746953,15186,37965,3493906,8734765,1492488,7309,1.1589622,193235,80.392853,7987.2769,168.70255,6686.9453,39.637489,3488.0991,,,,,,,,,,,,,,,,,,,,,,,,18764.967,21188.887,15732.956,6534.8623,7378.9873,5478.9702,1804.7126,2044.1143,1583.3163,579.4411,645.74268,515.11438,210.23769,,,146282.42,,,189.03392,189.03392,189.03392,146280.58,146280.58,146280.58,88,,,61230,,,79.124657,79.124657,79.124657,61229.223,61229.223,61229.223,75.1026,157401.39,140191.31,175272.52,51466468,59181676,44419364,210.23769,,,146282.42,,,189.03392,189.03392,189.03392,146280.58,146280.58,146280.58,75.1026,,,,,,,210.23769,,,146282.42,,,189.03392,189.03392,189.03392,146280.58,146280.58,146280.58,75.1026,,,,,,,.24939854,,,173.53036,,,.22424516,.22424516,.22424516,173.52817,173.52817,173.52817,.10439171,,,72.635277,,,.093863167,.093863167,.093863167,72.634354,72.634354,72.634354,9.0073433,186.72046,166.30467,207.92041,.13356787,,,,,,,,,366.98276,119074.13,324.4679,68215.383,50975.75,48608.57,53461.66,50975.75,48608.57,53461.66,50975.75,48608.57,53461.66,50664.699,49467.621,52327.711,50664.699,49467.621,52327.711,50664.699,49467.621,52327.711,59.880001,53.25,65.580002,59.880001,53.25,65.580002,59.880001,53.25,65.580002,59.939999,52.360001,66.510002,59.939999,52.360001,66.510002,59.939999,52.360001,66.510002,15611280,15048292,16229452,15611280,15048292,16229452,15611280,15048292,16229452,15638844,15300368,16117400,15638844,15300368,16117400,15638844,15300368,16117400,32946.539,29673,36124.219,32946.539,29673,36124.219,32946.539,29673,36124.219,32841.301,28535.881,36500.609,32841.301,28535.881,36500.609,32841.301,28535.881,36500.609,2109.1399,2367.5,2597.27,2109.1399,2367.5,2597.27,2109.1399,2367.5,2597.27,2053.79,2368.27,2633.96,2053.79,2368.27,2633.96,2053.79,2368.27,2633.96,285.78,318.29999,350.14001,285.78,318.29999,350.14001,285.78,318.29999,350.14001,274.20001,317.84,353.94,274.20001,317.84,353.94,274.20001,317.84,353.94,818.35999,919.5,1006.2,818.35999,919.5,1006.2,818.35999,919.5,1006.2,804.46002,920.12,1020.74,804.46002,920.12,1020.74,804.46002,920.12,1020.74,81.610001,90.900002,99.989998,81.610001,90.900002,99.989998,81.610001,90.900002,99.989998,78.300003,90.769997,101.07,78.300003,90.769997,101.07,78.300003,90.769997,101.07,206250.8,228979.72,251032.22,206250.8,228979.72,251032.22,206250.8,228979.72,251032.22,198438.98,228230.95,253630.25,198438.98,228230.95,253630.25,198438.98,228230.95,253630.25,1.63,1.64,1.67,1.63,1.64,1.67,1.63,1.64,1.67,1.62,1.64,1.67,1.62,1.64,1.67,1.62,1.64,1.67,1.9299999,1.95,1.98,1.9299999,1.95,1.98,1.9299999,1.95,1.98,1.92,1.95,1.98,1.92,1.95,1.98,1.92,1.95,1.98,.18174899,.17945607,.18154027,.18174899,.17945607,.18154027,.18174899,.17945607,.18154027,.18251409,.18348829,.18221614,.18251409,.18348829,.18221614,.18251409,.18348829,.18221614,189.98169,68157.422,358.75784,21482.42,61230,61230,61230,88,88,88,1746953,1746953,1746953,7593,7593,7593,1.1589622,1.1589622,1.1589622,167.9077,7854.3999,46.77808,4116.4712,,,,,,,,,,,,,,,,,,,,86.284088,28.530998,,,748.68304,351.82947,,,,,550.20941,306.24915,550.20941,306.24915,550.20941,306.24915,86.284088,28.530998,,,1,,2.3890646,2.3890646,2.3890646,.68045455,.68045455,.68045455,1,,1,,20.729803,,,4.3390675,4.3390675,4.3390675,1,,1,,2.3890646,2.3890646,2.3890646,.83252901,.83252901,.83252901,1,,1,,29.460705,,,8.9362907,8.9362907,8.9362907,1,
15Mar2021,Iran,100,61330,200,500,122660,306650,7980,1754933,15960,39900,3509866,8774665,1499301,6813,1.2531328,194302,81.133926,7911.7681,168.70255,6686.9453,39.637489,3963.749,,,,,,,,,,,,,,,,,,,,,,,,19074.342,21600.145,16070.358,6472.6221,7329.7197,5453.2607,1850.3696,2094.907,1638.5524,593.70227,661.4715,532.23059,238.90646,,,146521.33,,,190.24792,190.24792,190.24792,146470.81,146470.81,146470.81,100,,,61330,,,79.632813,79.632813,79.632813,61308.855,61308.855,61308.855,75.268211,162365.39,144044.8,180529.05,51628832,59362204,44563408,238.90646,,,146521.33,,,190.24792,190.24792,190.24792,146470.81,146470.81,146470.81,75.268211,,,,,,,238.90646,,,146521.33,,,190.24792,190.24792,190.24792,146470.81,146470.81,146470.81,75.268211,,,,,,,.28340745,,,173.81378,,,.2256853,.2256853,.2256853,173.75386,173.75386,173.75386,.11862694,,,72.753906,,,.094465964,.094465964,.094465964,72.728821,72.728821,72.728821,9.4664297,192.6091,170.87593,214.15608,.14714125,,,,,,,,,366.98276,119074.13,324.4679,77517.477,51036.629,48673.719,53521.621,51036.629,48673.719,53521.621,51036.629,48673.719,53521.621,50725.621,49530.949,52385.02,50725.621,49530.949,52385.02,50725.621,49530.949,52385.02,60.880001,54.139999,66.639999,60.880001,54.139999,66.639999,60.880001,54.139999,66.639999,60.919998,53.110001,67.650002,60.919998,53.110001,67.650002,60.919998,53.110001,67.650002,15646979,15087017,16264257,15646979,15087017,16264257,15646979,15087017,16264257,15674412,15337931,16151464,15674412,15337931,16151464,15674412,15337931,16151464,35698.57,32170.5,39111.559,35698.57,32170.5,39111.559,35698.57,32170.5,39111.559,35568.121,30970.83,39532,35568.121,30970.83,39532,35568.121,30970.83,39532,2190.3,2454.96,2697.26,2190.3,2454.96,2697.26,2190.3,2454.96,2697.26,2127.6499,2455.03,2731.03,2127.6499,2455.03,2731.03,2127.6499,2455.03,2731.03,308.64001,343.5,377.59,308.64001,343.5,377.59,308.64001,343.5,377.59,296.32001,342.85999,381.54001,296.32001,342.85999,381.54001,296.32001,342.85999,381.54001,841.65002,944.54999,1033.1899,841.65002,944.54999,1033.1899,841.65002,944.54999,1033.1899,824.87,944.94,1048.8,824.87,944.94,1048.8,824.87,944.94,1048.8,88.150002,98.099998,107.83,88.150002,98.099998,107.83,88.150002,98.099998,107.83,84.620003,97.919998,108.96,84.620003,97.919998,108.96,84.620003,97.919998,108.96,223439.06,247940.98,271608.94,223439.06,247940.98,271608.94,223439.06,247940.98,271608.94,215218.63,247016.13,274515.47,215218.63,247016.13,274515.47,215218.63,247016.13,274515.47,1.63,1.64,1.67,1.63,1.64,1.67,1.63,1.64,1.67,1.62,1.64,1.67,1.62,1.64,1.67,1.62,1.64,1.67,1.9299999,1.95,1.98,1.9299999,1.95,1.98,1.9299999,1.95,1.98,1.92,1.95,1.98,1.92,1.95,1.98,1.92,1.95,1.98,.17053905,.16829082,.17038441,.17053905,.16829082,.17038441,.17053905,.16829082,.17038441,.17127697,.17148395,.17112719,.17127697,.17148395,.17112719,.17127697,.17148395,.17112719,189.98169,68157.422,358.75784,21841.178,61330,61330,61330,100,100,100,1754933,1754933,1754933,7980,7980,7980,1.2531328,1.2531328,1.2531328,167.9077,7854.3999,46.77808,4677.8081,,,,,,,,,,,,,,,,,,,,79.800003,28.614594,,,679.61908,352.36392,,,,,586.37598,306.58331,586.37598,306.58331,586.37598,306.58331,79.800003,28.614594,,,1,,2.3890646,2.3890646,2.3890646,.60879999,.60879999,.60879999,1,,1,,20.34654,,,4.473505,4.473505,4.473505,1,,1,,2.3890646,2.3890646,2.3890646,.83216417,.83216417,.83216417,1,,1,,29.419262,,,8.9159975,8.9159975,8.9159975,1,
16Mar2021,Iran,97,61427,194,485,122854,307135,8380,1763313,16760,41900,3526626,8816565,1506360,7059,1.1575179,195526,81.51786,7839.8301,168.70255,6686.9453,39.637489,3844.8364,,,,,,,,,,,,,,,,,,,,,,,,19419.686,22042.955,16456.041,6460.7134,7333.4458,5474.7422,1899.2386,2148.1914,1688.9305,608.20679,677.22504,548.64642,231.73927,,,146753.08,,,191.54095,191.54095,191.54095,146662.36,146662.36,146662.36,97,,,61427,,,80.174034,80.174034,80.174034,61389.027,61389.027,61389.027,75.425873,167487.95,148225.17,185756.55,51796320,59547964,44711632,231.73927,,,146753.08,,,191.54095,191.54095,191.54095,146662.36,146662.36,146662.36,75.425873,,,,,,,231.73927,,,146753.08,,,191.54095,191.54095,191.54095,146662.36,146662.36,146662.36,75.425873,,,,,,,.2749052,,,174.08868,,,.22721918,.22721918,.22721918,173.98108,173.98108,173.98108,.11506814,,,72.868973,,,.09510801,.09510801,.09510801,72.823929,72.823929,72.823929,9.940938,198.68584,175.83499,220.3573,.13836175,,,,,,,,,366.98276,119074.13,324.4679,75191.953,51098.898,48740.422,53582.84,51098.898,48740.422,53582.84,51098.898,48740.422,53582.84,50787.922,49595.809,52443.488,50787.922,49595.809,52443.488,50787.922,49595.809,52443.488,62.27,55.389999,68.139999,62.27,55.389999,68.139999,62.27,55.389999,68.139999,62.299999,54.220001,69.209999,62.299999,54.220001,69.209999,62.299999,54.220001,69.209999,15685656,15129009,16301939,15685656,15129009,16301939,15685656,15129009,16301939,15712930,15378642,16188326,15712930,15378642,16188326,15712930,15378642,16188326,38677.27,34829.75,42341.84,38677.27,34829.75,42341.84,38677.27,34829.75,42341.84,38518.172,33611.449,42810.941,38518.172,33611.449,42810.941,38518.172,33611.449,42810.941,2289.8899,2562.6101,2818.97,2289.8899,2562.6101,2818.97,2289.8899,2562.6101,2818.97,2219.8101,2561.8301,2850.02,2219.8101,2561.8301,2850.02,2219.8101,2561.8301,2850.02,333.82999,371.26999,407.81,333.82999,371.26999,407.81,333.82999,371.26999,407.81,320.73999,370.39999,411.89999,320.73999,370.39999,411.89999,320.73999,370.39999,411.89999,870.91998,976.13,1067.51,870.91998,976.13,1067.51,870.91998,976.13,1067.51,851.21997,976.25,1083.9399,851.21997,976.25,1083.9399,851.21997,976.25,1083.9399,95.349998,106.04,116.47,95.349998,106.04,116.47,95.349998,106.04,116.47,91.599998,105.79,117.64,91.599998,105.79,117.64,91.599998,105.79,117.64,241750.97,268488.5,293885.97,241750.97,268488.5,293885.97,241750.97,268488.5,293885.97,233438.3,267363.69,297132.38,233438.3,267363.69,297132.38,233438.3,267363.69,297132.38,1.63,1.64,1.67,1.63,1.64,1.67,1.63,1.64,1.67,1.62,1.64,1.67,1.62,1.64,1.67,1.62,1.64,1.67,1.9299999,1.95,1.98,1.9299999,1.95,1.98,1.9299999,1.95,1.98,1.92,1.95,1.98,1.92,1.95,1.98,1.92,1.95,1.98,.16099896,.15903071,.16092829,.16099896,.15903071,.16092829,.16099896,.15903071,.16092829,.16174184,.16131409,.16166428,.16174184,.16131409,.16166428,.16174184,.16131409,.16166428,189.98169,68157.422,358.75784,22339.852,61427,61427,61427,97,97,97,1763313,1763313,1763313,8380,8380,8380,1.1575179,1.1575179,1.1575179,167.9077,7854.3999,46.77808,4537.4736,,,,,,,,,,,,,,,,,,,,86.391754,28.70583,,,722.74304,352.94879,,,,,621.12201,306.96661,621.12201,306.96661,621.12201,306.96661,86.391754,28.70583,,,1,,2.3890648,2.3890648,2.3890648,.64195877,.64195877,.64195877,1,,1,,19.986629,,,4.6154261,4.6154261,4.6154261,1,,1,,2.3890648,2.3890648,2.3890648,.83186382,.83186382,.83186382,1,,1,,29.374434,,,8.8955593,8.8955593,8.8955593,1,
17Mar2021,Iran,65,61492,130,325,122984,307460,7802,1771115,15604,39010,3542230,8855575,1514061,7701,.83311969,195562,81.08036,7767.1162,168.70255,6686.9453,39.637489,2576.4368,,,,,,,,,,,,,,,,,,,,,,,,19815.682,22486.354,16895.418,6557.6445,7441.4561,5591.2358,1951.3862,2203.9966,1750.4662,622.8125,692.86786,564.43066,155.2892,,,146908.36,,,192.63597,192.63597,192.63597,146855,146855,146855,65,,,61492,,,80.632378,80.632378,80.632378,61469.66,61469.66,61469.66,75.595131,172753.22,152375.19,191479.97,51969072,59739444,44864008,155.2892,,,146908.36,,,192.63597,192.63597,192.63597,146855,146855,146855,75.595131,,,,,,,155.2892,,,146908.36,,,192.63597,192.63597,192.63597,146855,146855,146855,75.595131,,,,,,,.18421483,,,174.2729,,,.22851816,.22851816,.22851816,174.20959,174.20959,174.20959,.077107511,,,72.946083,,,.095651731,.095651731,.095651731,72.919579,72.919579,72.919579,9.2552738,204.93187,180.75803,227.14684,.089890771,,,,,,,,,366.98276,119074.13,324.4679,50386.359,51162.988,48809.16,53645.73,51162.988,48809.16,53645.73,51162.988,48809.16,53645.73,50852.031,49662.641,52503.531,50852.031,49662.641,52503.531,50852.031,49662.641,52503.531,64.099998,57.09,70.169998,64.099998,57.09,70.169998,64.099998,57.09,70.169998,64.110001,55.73,71.25,64.110001,55.73,71.25,64.110001,55.73,71.25,15727558,15174540,16342737,15727558,15174540,16342737,15727558,15174540,16342737,15754641,15422761,16228214,15754641,15422761,16228214,15754641,15422761,16228214,41902.039,37664.551,45835.559,41902.039,37664.551,45835.559,41902.039,37664.551,45835.559,41710.488,36475.879,46358.301,41710.488,36475.879,46358.301,41710.488,36475.879,46358.301,2408.6101,2691.1599,2963.2,2408.6101,2691.1599,2963.2,2408.6101,2691.1599,2963.2,2330.9099,2689.3501,2991.6799,2330.9099,2689.3501,2991.6799,2330.9099,2689.3501,2991.6799,361.39001,401.63,440.82999,361.39001,401.63,440.82999,361.39001,401.63,440.82999,347.5,400.51001,445.04999,347.5,400.51001,445.04999,347.5,400.51001,445.04999,906.47998,1014.59,1111.16,906.47998,1014.59,1111.16,906.47998,1014.59,1111.16,883.81,1014.37,1126.54,883.81,1014.37,1126.54,883.81,1014.37,1126.54,103.22,114.71,125.91,103.22,114.71,125.91,103.22,114.71,125.91,99.25,114.39,127.11,99.25,114.39,127.11,99.25,114.39,127.11,261263.91,290745.75,317993.13,261263.91,290745.75,317993.13,261263.91,290745.75,317993.13,253213.91,289394.53,321613.72,253213.91,289394.53,321613.72,253213.91,289394.53,321613.72,1.63,1.64,1.67,1.63,1.64,1.67,1.63,1.64,1.67,1.62,1.64,1.67,1.62,1.64,1.67,1.62,1.64,1.67,1.9299999,1.95,1.98,1.9299999,1.95,1.98,1.9299999,1.95,1.98,1.92,1.95,1.98,1.92,1.95,1.98,1.92,1.95,1.98,.15297584,.15157488,.15309075,.15297584,.15157488,.15309075,.15297584,.15157488,.15309075,.15370235,.1527859,.15369415,.15370235,.1527859,.15369415,.15370235,.1527859,.15369415,189.98169,68157.422,358.75784,22996.377,61492,61492,61492,65,65,65,1771115,1771115,1771115,7802,7802,7802,.83311969,.83311969,.83311969,167.9077,7854.3999,46.77808,3040.5752,,,,,,,,,,,,,,,,,,,,120.03077,28.802364,,,1112.4613,353.75165,,,,,653.698,307.40109,653.698,307.40109,653.698,307.40109,120.03077,28.802364,,,1,,2.3890646,2.3890646,2.3890646,.98615384,.98615384,.98615384,1,,1,,22.142172,,,5.3706794,5.3706794,5.3706794,1,,1,,2.3890646,2.3890646,2.3890646,.83202672,.83202672,.83202672,1,,1,,29.342573,,,8.8800325,8.8800325,8.8800325,1,
18Mar2021,Iran,89,61581,178,445,123162,307905,7530,1778645,15060,37650,3557290,8893225,1521377,7316,1.1819389,195687,80.1875,7694.9912,168.70255,6686.9453,39.637489,3527.7366,,,,,,,,,,,,,,,,,,,,,,,,20066.869,22756.008,17201.701,6682.1538,7577.6221,5728.0693,2006.8708,2262.3506,1810.3081,637.34033,708.23108,583.67334,212.62675,,,147120.98,,,193.25011,193.25011,193.25011,147048.25,147048.25,147048.25,89,,,61581,,,80.889442,80.889442,80.889442,61550.551,61550.551,61550.551,75.793938,178142,156786.56,198108.19,52147216,59937552,45020796,212.62675,,,147120.98,,,193.25011,193.25011,193.25011,147048.25,147048.25,147048.25,75.793938,,,,,,,212.62675,,,147120.98,,,193.25011,193.25011,193.25011,147048.25,147048.25,147048.25,75.793938,,,,,,,.25223261,,,174.52513,,,.22924669,.22924669,.22924669,174.43884,174.43884,174.43884,.10557798,,,73.051659,,,.095956668,.095956668,.095956668,73.015533,73.015533,73.015533,8.9326086,211.32442,185.99112,235.00969,.11935802,,,,,,,,,366.98276,119074.13,324.4679,68990.555,51229.379,48880.422,53710.75,51229.379,48880.422,53710.75,51229.379,48880.422,53710.75,50918.422,49731.941,52565.578,50918.422,49731.941,52565.578,50918.422,49731.941,52565.578,66.389999,59.220001,72.800003,66.389999,59.220001,72.800003,66.389999,59.220001,72.800003,66.389999,57.66,73.800003,66.389999,57.66,73.800003,66.389999,57.66,73.800003,15772951,15223904,16386902,15772951,15223904,16386902,15772951,15223904,16386902,15799805,15470571,16271374,15799805,15470571,16271374,15799805,15470571,16271374,45392.512,40718.07,49613.34,45392.512,40718.07,49613.34,45392.512,40718.07,49613.34,45164.27,39582.551,50195.172,45164.27,39582.551,50195.172,45164.27,39582.551,50195.172,2547.1201,2841.25,3127.49,2547.1201,2841.25,3127.49,2547.1201,2841.25,3127.49,2461.54,2838.23,3156.6699,2461.54,2838.23,3156.6699,2461.54,2838.23,3156.6699,391.42999,434.69,476.75,391.42999,434.69,476.75,391.42999,434.69,476.75,376.69,433.26999,481.45999,376.69,433.26999,481.45999,376.69,433.26999,481.45999,948.65002,1060.23,1162.71,948.65002,1060.23,1162.71,948.65002,1060.23,1162.71,922.94,1059.62,1176.92,922.94,1059.62,1176.92,922.94,1059.62,1176.92,111.81,124.16,136.17,111.81,124.16,136.17,111.81,124.16,136.17,107.6,123.76,137.52,107.6,123.76,137.52,107.6,123.76,137.52,282337.78,314845.59,344069.91,282337.78,314845.59,344069.91,282337.78,314845.59,344069.91,274670.59,313238.66,348102.16,274670.59,313238.66,348102.16,274670.59,313238.66,348102.16,1.63,1.64,1.67,1.63,1.64,1.67,1.63,1.64,1.67,1.62,1.64,1.67,1.62,1.64,1.67,1.62,1.64,1.67,1.9299999,1.95,1.98,1.9299999,1.95,1.98,1.9299999,1.95,1.98,1.92,1.95,1.98,1.92,1.95,1.98,1.92,1.95,1.98,.14625761,.14543912,.14673473,.14625761,.14543912,.14673473,.14625761,.14543912,.14673473,.14699674,.14567025,.14702609,.14699674,.14567025,.14702609,.14699674,.14567025,.14702609,189.98169,68157.422,358.75784,23817.934,61581,61581,61581,89,89,89,1778645,1778645,1778645,7530,7530,7530,1.1819389,1.1819389,1.1819389,167.9077,7854.3999,46.77808,4163.249,,,,,,,,,,,,,,,,,,,,84.606743,28.883017,,,837.81555,354.45123,,,,,683.72516,307.88879,683.72516,307.88879,683.72516,307.88879,84.606743,28.883017,,,1,,2.3890646,2.3890646,2.3890646,.74595505,.74595505,.74595505,1,,1,,23.657637,,,6.0282221,6.0282221,6.0282221,1,,1,,2.3890646,2.3890646,2.3890646,.83190233,.83190233,.83190233,1,,1,,29.318506,,,8.867959,8.867959,8.867959,1,
19Mar2021,Iran,68,61649,136,340,123298,308245,7620,1786265,15240,38100,3572530,8931325,1528694,7317,.89238846,195922,79.214287,7622.0356,168.70255,6686.9453,39.637489,2695.3494,,,,,,,,,,,,,,,,,,,,,,,,20351.865,23050.029,17553.434,6893.7617,7807.7075,5945.8521,2065.7424,2329.3691,1863.2106,651.78473,723.33179,595.57831,162.45639,,,147283.45,,,193.20634,193.20634,193.20634,147241.45,147241.45,147241.45,68,,,61649,,,80.871124,80.871124,80.871124,61631.422,61631.422,61631.422,76.035423,183632,161439.89,205661.02,52330848,60143212,45182236,162.45639,,,147283.45,,,193.20634,193.20634,193.20634,147241.45,147241.45,147241.45,76.035423,,,,,,,162.45639,,,147283.45,,,193.20634,193.20634,193.20634,147241.45,147241.45,147241.45,76.035423,,,,,,,.19271706,,,174.71785,,,.22919478,.22919478,.22919478,174.66803,174.66803,174.66803,.080666319,,,73.132324,,,.095934942,.095934942,.095934942,73.111473,73.111473,73.111473,9.0393734,217.83702,191.5112,243.96938,.088468455,,,,,,,,,366.98276,119074.13,324.4679,52711.883,51298.57,48954.762,53778.379,51298.57,48954.762,53778.379,51298.57,48954.762,53778.379,50987.578,49804.219,52630.672,50987.578,49804.219,52630.672,50987.578,49804.219,52630.672,69.18,61.810001,75.970001,69.18,61.810001,75.970001,69.18,61.810001,75.970001,69.160004,60.040001,76.879997,69.160004,60.040001,76.879997,69.160004,60.040001,76.879997,15822120,15277419,16434711,15822120,15277419,16434711,15822120,15277419,16434711,15848705,15522374,16318071,15848705,15522374,16318071,15848705,15522374,16318071,49169.309,44016.039,53696.809,49169.309,44016.039,53696.809,49169.309,44016.039,53696.809,48899.719,42950.98,54343.672,48899.719,42950.98,54343.672,48899.719,42950.98,54343.672,2704.3601,3013.5601,3314.8899,2704.3601,3013.5601,3314.8899,2704.3601,3013.5601,3314.8899,2610.9199,3009.1101,3345.7,2610.9199,3009.1101,3345.7,2610.9199,3009.1101,3345.7,424.07999,470.60001,515.73999,424.07999,470.60001,515.73999,424.07999,470.60001,515.73999,408.47,468.85001,521.01001,408.47,468.85001,521.01001,408.47,468.85001,521.01001,997.73999,1113.38,1222.35,997.73999,1113.38,1222.35,997.73999,1113.38,1222.35,968.89001,1112.3199,1235.4301,968.89001,1112.3199,1235.4301,968.89001,1112.3199,1235.4301,121.14,134.42,147.32001,121.14,134.42,147.32001,121.14,134.42,147.32001,116.68,133.92999,148.82001,116.68,133.92999,148.82001,116.68,133.92999,148.82001,305106.53,340930.59,372265.47,305106.53,340930.59,372265.47,305106.53,340930.59,372265.47,297943.19,339035.47,376750.34,297943.19,339035.47,376750.34,297943.19,339035.47,376750.34,1.63,1.64,1.67,1.63,1.64,1.67,1.63,1.64,1.67,1.61,1.64,1.66,1.61,1.64,1.66,1.61,1.64,1.66,1.9299999,1.95,1.98,1.9299999,1.95,1.98,1.9299999,1.95,1.98,1.92,1.95,1.98,1.92,1.95,1.98,1.92,1.95,1.98,.14069752,.14042608,.14147955,.14069752,.14042608,.14147955,.14069752,.14042608,.14147955,.14143232,.13978727,.14147002,.14143232,.13978727,.14147002,.14143232,.13978727,.14147002,189.98169,68157.422,358.75784,24818.867,61649,61649,61649,68,68,68,1786265,1786265,1786265,7620,7620,7620,.89238846,.89238846,.89238846,167.9077,7854.3999,46.77808,3180.9094,,,,,,,,,,,,,,,,,,,,112.05882,28.97476,,,1130.3464,355.30704,,,,,710.74457,308.43198,710.74457,308.43198,710.74457,308.43198,112.05882,28.97476,,,1,,2.3890646,2.3890646,2.3890646,1.0173529,1.0173529,1.0173529,1,,1,,24.098688,,,6.4526653,6.4526653,6.4526653,1,,1,,2.3890648,2.3890648,2.3890648,.83210707,.83210707,.83210707,1,,1,,29.29624,,,8.8576555,8.8576555,8.8576555,1,
20Mar2021,Iran,75,61724,150,375,123448,308620,7540,1793805,15080,37700,3587610,8969025,1536606,7912,.99469495,195475,78.64286,7555.6426,168.70255,6686.9453,39.637489,2972.8118,,,,,,,,,,,,,,,,,,,,,,,,20823.859,23589.084,18087.088,7183.856,8137.8081,6239.7188,2128.0337,2398.8616,1910.7917,666.6886,740.15051,608.29974,179.17986,,,147462.63,,,192.7412,192.7412,192.7412,147434.19,147434.19,147434.19,75,,,61724,,,80.676422,80.676422,80.676422,61712.098,61712.098,61712.098,76.326157,189198,166348.44,213190.34,52520044,60356400,45348584,179.17986,,,147462.63,,,192.7412,192.7412,192.7412,147434.19,147434.19,147434.19,76.326157,,,,,,,179.17986,,,147462.63,,,192.7412,192.7412,192.7412,147434.19,147434.19,147434.19,76.326157,,,,,,,.21255557,,,174.9304,,,.22864299,.22864299,.22864299,174.89667,174.89667,174.89667,.088970207,,,73.221291,,,.095703974,.095703974,.095703974,73.207176,73.207176,73.207176,8.9444714,224.4398,197.33406,252.90118,.094704941,,,,,,,,,366.98276,119074.13,324.4679,58138.109,51371.059,49032.73,53849.129,51371.059,49032.73,53849.129,51371.059,49032.73,53849.129,51060.02,49880.031,52700.949,51060.02,49880.031,52700.949,51060.02,49880.031,52700.949,72.5,64.870003,79.690002,72.5,64.870003,79.690002,72.5,64.870003,79.690002,72.440002,62.900002,80.540001,72.440002,62.900002,80.540001,72.440002,62.900002,80.540001,15875375,15335426,16486459,15875375,15335426,16486459,15875375,15335426,16486459,15901643,15578497,16368590,15901643,15578497,16368590,15901643,15578497,16368590,53254.52,47576.91,58109.02,53254.52,47576.91,58109.02,53254.52,47576.91,58109.02,52938.41,46602.109,58827.398,52938.41,46602.109,58827.398,52938.41,46602.109,58827.398,2881.9299,3208.8201,3527.1699,2881.9299,3208.8201,3527.1699,2881.9299,3208.8201,3527.1699,2781.01,3202.71,3559.53,2781.01,3202.71,3559.53,2781.01,3202.71,3559.53,458.92999,509.54999,557.98999,458.92999,509.54999,557.98999,458.92999,509.54999,557.98999,443.01001,507.42001,563.88,443.01001,507.42001,563.88,443.01001,507.42001,563.88,1054.08,1174.39,1290.46,1054.08,1174.39,1290.46,1054.08,1174.39,1290.46,1021.99,1172.79,1302.42,1021.99,1172.79,1302.42,1021.99,1172.79,1302.42,131.09,145.56,159.39,131.09,145.56,159.39,131.09,145.56,159.39,126.55,144.95,161.08,126.55,144.95,161.08,126.55,144.95,161.08,329667.06,369136.13,402715.63,329667.06,369136.13,402715.63,329667.06,369136.13,402715.63,323157.25,366918.63,407720.56,323157.25,366918.63,407720.56,323157.25,366918.63,407720.56,1.25,1.27,1.3,1.25,1.27,1.3,1.25,1.27,1.3,1.24,1.27,1.29,1.24,1.27,1.29,1.24,1.27,1.29,1.49,1.51,1.54,1.49,1.51,1.54,1.49,1.51,1.54,1.48,1.51,1.54,1.48,1.51,1.54,1.48,1.51,1.54,.13613868,.13634765,.13713878,.13613868,.13634765,.13713878,.13613868,.13634765,.13713878,.13683827,.13497244,.13690899,.13683827,.13497244,.13690899,.13683827,.13497244,.13690899,189.98169,68157.422,358.75784,26009.943,61724,61724,61724,75,75,75,1793805,1793805,1793805,7540,7540,7540,.99469495,.99469495,.99469495,167.9077,7854.3999,46.77808,3508.356,,,,,,,,,,,,,,,,,,,,100.53333,29.06171,,,1055.9111,356.15836,,,,,734.5451,309.03345,734.5451,309.03345,734.5451,309.03345,100.53333,29.06171,,,1,,2.3890648,2.3890648,2.3890648,.96666664,.96666664,.96666664,1,,1,,25.092573,,,7.0629334,7.0629334,7.0629334,1,,1,,2.3890646,2.3890646,2.3890646,.83227038,.83227038,.83227038,1,,1,,29.27857,,,8.850112,8.850112,8.850112,1,
21Mar2021,Iran,73,61797,146,365,123594,308985,7260,1801065,14520,36300,3602130,9005325,1543119,6513,1.0055096,196149,79.107147,7516.2769,168.70255,6686.9453,39.637489,2893.5366,,,,,,,,,,,,,,,,,,,,,,,,21183.318,24005.26,18540.238,7450.6475,8443.1875,6521.0171,2193.7505,2470.7385,1964.8477,682.77179,758.09869,620.53198,174.40172,,,147637.03,,,192.19032,192.19032,192.19032,147626.39,147626.39,147626.39,73,,,61797,,,80.445847,80.445847,80.445847,61792.543,61792.543,61792.543,76.666817,194811.28,171221.25,220805.77,52714856,60577208,45519804,174.40172,,,147637.03,,,192.19032,192.19032,192.19032,147626.39,147626.39,147626.39,76.666817,,,,,,,174.40172,,,147637.03,,,192.19032,192.19032,192.19032,147626.39,147626.39,147626.39,76.666817,,,,,,,.20688742,,,175.1373,,,.22798951,.22798951,.22798951,175.12466,175.12466,175.12466,.086597666,,,73.307892,,,.095430449,.095430449,.095430449,73.302605,73.302605,73.302605,8.6123161,231.09866,203.11452,261.93512,.08952342,,,,,,,,,366.98276,119074.13,324.4679,56587.758,51447.422,49114.941,53923.512,51447.422,49114.941,53923.512,51447.422,49114.941,53923.512,51136.289,49959.949,52774.801,51136.289,49959.949,52774.801,51136.289,49959.949,52774.801,76.360001,68.440002,84.010002,76.360001,68.440002,84.010002,76.360001,68.440002,84.010002,76.269997,66.260002,84.779999,76.269997,66.260002,84.779999,76.269997,66.260002,84.779999,15931814,15396867,16541258,15931814,15396867,16541258,15931814,15396867,16541258,15957725,15637945,16422129,15957725,15637945,16422129,15957725,15637945,16422129,56439.461,50470.762,61544.879,56439.461,50470.762,61544.879,56439.461,50470.762,61544.879,56081.422,49482.898,62344.91,56081.422,49482.898,62344.91,56081.422,49482.898,62344.91,3081.1399,3427.8601,3765.1599,3081.1399,3427.8601,3765.1599,3081.1399,3427.8601,3765.1599,2972.6101,3419.8201,3798.98,2972.6101,3419.8201,3798.98,2972.6101,3419.8201,3798.98,495.70001,551.51001,603.46997,495.70001,551.51001,603.46997,495.70001,551.51001,603.46997,480.29001,548.96002,610.03998,480.29001,548.96002,610.03998,480.29001,548.96002,610.03998,1117.01,1243.6,1367.14,1117.01,1243.6,1367.14,1117.01,1243.6,1367.14,1082.0699,1241.38,1378.27,1082.0699,1241.38,1378.27,1082.0699,1241.38,1378.27,141.60001,157.55,172.39,141.60001,157.55,172.39,141.60001,157.55,172.39,137.21001,156.82001,174.27,137.21001,156.82001,174.27,137.21001,156.82001,174.27,342208.38,382177.75,416762.44,342208.38,382177.75,416762.44,342208.38,382177.75,416762.44,335255.75,379739.63,422323.66,335255.75,379739.63,422323.66,335255.75,379739.63,422323.66,1.25,1.27,1.29,1.25,1.27,1.29,1.25,1.27,1.29,1.24,1.27,1.29,1.24,1.27,1.29,1.24,1.27,1.29,1.49,1.51,1.54,1.49,1.51,1.54,1.49,1.51,1.54,1.48,1.51,1.54,1.48,1.51,1.54,1.48,1.51,1.54,.13529541,.13560326,.13650201,.13529541,.13560326,.13650201,.13529541,.13560326,.13650201,.13599868,.13390486,.13598543,.13599868,.13390486,.13598543,.13599868,.13390486,.13598543,189.98169,68157.422,358.75784,27394.75,61797,61797,61797,73,73,73,1801065,1801065,1801065,7260,7260,7260,1.0055096,1.0055096,1.0055096,167.9077,7854.3999,46.77808,3414.7998,,,,,,,,,,,,,,,,,,,,99.452057,29.144861,,,1117.0261,357.05713,,,,,739.12335,309.67175,739.12335,309.67175,739.12335,309.67175,99.452057,29.144861,,,1,,2.3890646,2.3890646,2.3890646,1.0460274,1.0460274,1.0460274,1,,1,,26.833509,,,7.7740302,7.7740302,7.7740302,1,,1,,2.3890648,2.3890648,2.3890648,.83252299,.83252299,.83252299,1,,1,,29.268713,,,8.8457737,8.8457737,8.8457737,1,
22Mar2021,Iran,80,61877,160,400,123754,309385,7357,1808422,14714,36785,3616844,9042110,1549649,6530,1.0873997,196896,80.25,7518.4287,168.70255,6686.9453,39.637489,3170.999,,,,,,,,,,,,,,,,,,,,,,,,21565.346,24435.914,19018.795,7787.3379,8823.9121,6867.7676,2262.8687,2544.8979,2034.9738,700.68866,777.70514,635.79279,191.12517,,,147828.16,,,191.8866,191.8866,191.8866,147818.27,147818.27,147818.27,80,,,61877,,,80.31871,80.31871,80.31871,61872.863,61872.863,61872.863,77.055389,200439.55,176341.89,228312.72,52915296,60805520,45696144,191.12517,,,147828.16,,,191.8866,191.8866,191.8866,147818.27,147818.27,147818.27,77.055389,,,,,,,191.12517,,,147828.16,,,191.8866,191.8866,191.8866,147818.27,147818.27,147818.27,77.055389,,,,,,,.22672595,,,175.36401,,,.2276292,.2276292,.2276292,175.35229,175.35229,175.35229,.094901554,,,73.402794,,,.095279634,.095279634,.095279634,73.397888,73.397888,73.397888,8.7273846,237.7753,209.189,270.84039,.095353022,,,,,,,,,366.98276,119074.13,324.4679,62013.98,51528.199,49202.012,54002.09,51528.199,49202.012,54002.09,51528.199,49202.012,54002.09,51216.949,50044.57,52852.781,51216.949,50044.57,52852.781,51216.949,50044.57,52852.781,80.790001,72.480003,88.870003,80.790001,72.480003,88.870003,80.790001,72.480003,88.870003,80.660004,70.099998,89.639999,80.660004,70.099998,89.639999,80.660004,70.099998,89.639999,15990347,15460470,16598031,15990347,15460470,16598031,15990347,15460470,16598031,16015864,15699513,16477730,16015864,15699513,16477730,16015864,15699513,16477730,58533.422,52483.578,63809.879,58533.422,52483.578,63809.879,58533.422,52483.578,63809.879,58139.238,51427.828,64683.059,58139.238,51427.828,64683.059,58139.238,51427.828,64683.059,3301.96,3670.53,4028.6899,3301.96,3670.53,4028.6899,3301.96,3670.53,4028.6899,3185.6599,3660.29,4063.8701,3185.6599,3660.29,4063.8701,3185.6599,3660.29,4063.8701,533.39001,594.57001,650.09003,533.39001,594.57001,650.09003,533.39001,594.57001,650.09003,518.67999,591.56,657.44,518.67999,591.56,657.44,518.67999,591.56,657.44,1187.49,1321.1,1451.3,1187.49,1321.1,1451.3,1187.49,1321.1,1451.3,1149.5601,1318.17,1463.04,1149.5601,1318.17,1463.04,1149.5601,1318.17,1463.04,152.38,169.86,185.71001,152.38,169.86,185.71001,152.38,169.86,185.71001,148.17999,169,187.81,148.17999,169,187.81,148.17999,169,187.81,355670.5,396128.16,431846.75,355670.5,396128.16,431846.75,355670.5,396128.16,431846.75,348235.03,393445.94,437909.69,348235.03,393445.94,437909.69,348235.03,393445.94,437909.69,1.25,1.27,1.29,1.25,1.27,1.29,1.25,1.27,1.29,1.24,1.27,1.29,1.24,1.27,1.29,1.24,1.27,1.29,1.49,1.51,1.54,1.49,1.51,1.54,1.49,1.51,1.54,1.48,1.51,1.54,1.48,1.51,1.54,1.48,1.51,1.54,.1380237,.13810034,.13927311,.1380237,.13810034,.13927311,.1380237,.13810034,.13927311,.13873592,.13630752,.13858342,.13873592,.13630752,.13858342,.13873592,.13630752,.13858342,189.98169,68157.422,358.75784,28984.047,61877,61877,61877,80,80,80,1808422,1808422,1808422,7357,7357,7357,1.0873997,1.0873997,1.0873997,167.9077,7854.3999,46.77808,3742.2463,,,,,,,,,,,,,,,,,,,,91.962502,29.226078,,,1048.7345,357.95142,,,,,724.51318,310.32227,724.51318,310.32227,724.51318,310.32227,91.962502,29.226078,,,1,,2.3890646,2.3890646,2.3890646,1.0098751,1.0098751,1.0098751,1,,1,,27.24474,,,7.9561534,7.9561534,7.9561534,1,,1,,2.3890648,2.3890648,2.3890648,.83275205,.83275205,.83275205,1,,1,,29.260481,,,8.8421545,8.8421545,8.8421545,1,
23Mar2021,Iran,74,61951,148,370,123902,309755,7290,1815712,14580,36450,3631424,9078560,1555766,6117,1.0150892,197995,81.803574,7576.9912,168.70255,6686.9453,39.637489,2933.1743,,,,,,,,,,,,,,,,,,,,,,,,21766.701,24650.629,19369.045,8048.3706,9114.7207,7161.8228,2335.342,2621.4761,2103.9565,720.7207,799.21057,656.38116,176.79079,,,148004.94,,,192.16144,192.16144,192.16144,148010.44,148010.44,148010.44,74,,,61951,,,80.433754,80.433754,80.433754,61953.297,61953.297,61953.297,77.491455,206047.39,181526.88,235676.16,53121344,61041196,45877672,176.79079,,,148004.94,,,192.16144,192.16144,192.16144,148010.44,148010.44,148010.44,77.491455,,,,,,,176.79079,,,148004.94,,,192.16144,192.16144,192.16144,148010.44,148010.44,148010.44,77.491455,,,,,,,.20972151,,,175.57375,,,.22795524,.22795524,.22795524,175.58025,175.58025,175.58025,.08778394,,,73.490578,,,.095416106,.095416106,.095416106,73.493301,73.493301,73.493301,8.6479044,244.42772,215.33978,279.57541,.085801035,,,,,,,,,366.98276,119074.13,324.4679,57362.934,51614,49294.57,54085.41,51614,49294.57,54085.41,51614,49294.57,54085.41,51302.578,50134.5,52935.43,51302.578,50134.5,52935.43,51302.578,50134.5,52935.43,85.800003,77.040001,94.32,85.800003,77.040001,94.32,85.800003,77.040001,94.32,85.629997,74.459999,95.129997,85.629997,74.459999,95.129997,85.629997,74.459999,95.129997,16050749,15525958,16656551,16050749,15525958,16656551,16050749,15525958,16656551,16075835,15762940,16535204,16075835,15762940,16535204,16075835,15762940,16535204,60401.48,54323.039,65828.43,60401.48,54323.039,65828.43,60401.48,54323.039,65828.43,59970.762,53183.859,66778.813,59970.762,53183.859,66778.813,59970.762,53183.859,66778.813,3542.1101,3934.1899,4314.8301,3542.1101,3934.1899,4314.8301,3542.1101,3934.1899,4314.8301,3417.8899,3921.45,4353.1299,3417.8899,3921.45,4353.1299,3417.8899,3921.45,4353.1299,569.78998,636.16998,695.09003,569.78998,636.16998,695.09003,569.78998,636.16998,695.09003,555.94,632.67999,703.28003,555.94,632.67999,703.28003,555.94,632.67999,703.28003,1265,1406.23,1543.7,1265,1406.23,1543.7,1265,1406.23,1543.7,1224.04,1402.5,1556.02,1224.04,1402.5,1556.02,1224.04,1402.5,1556.02,162.78,181.74001,198.57001,162.78,181.74001,198.57001,162.78,181.74001,198.57001,158.82001,180.75,200.91,158.82001,180.75,200.91,158.82001,180.75,200.91,369912.25,410854.84,447771.5,369912.25,410854.84,447771.5,369912.25,410854.84,447771.5,361876.56,407909.5,454441.66,361876.56,407909.5,454441.66,361876.56,407909.5,454441.66,1.25,1.27,1.29,1.25,1.27,1.29,1.25,1.27,1.29,1.24,1.26,1.29,1.24,1.26,1.29,1.24,1.26,1.29,1.49,1.51,1.54,1.49,1.51,1.54,1.49,1.51,1.54,1.48,1.51,1.54,1.48,1.51,1.54,1.48,1.51,1.54,.14204951,.14181828,.14328156,.14204951,.14181828,.14328156,.14204951,.14181828,.14328156,.14278625,.14000489,.14245535,.14278625,.14000489,.14245535,.14278625,.14000489,.14245535,189.98169,68157.422,358.75784,30781.424,61951,61951,61951,74,74,74,1815712,1815712,1815712,7290,7290,7290,1.0150892,1.0150892,1.0150892,167.9077,7854.3999,46.77808,3461.5779,,,,,,,,,,,,,,,,,,,,98.513512,29.308842,,,1165.4872,358.91602,,,,,703.97992,310.97665,703.97992,310.97665,703.97992,310.97665,98.513512,29.308842,,,1,,2.3890648,2.3890648,2.3890648,1.1594595,1.1594595,1.1594595,1,,1,,28.264389,,,8.2855253,8.2855253,8.2855253,1,,1,,2.3890646,2.3890646,2.3890646,.83314234,.83314234,.83314234,1,,1,,29.256481,,,8.83992,8.83992,8.83992,1,
24Mar2021,Iran,94,62045,188,470,124090,310225,7605,1823317,15210,38025,3646634,9116585,1562709,6943,1.2360289,198563,83.508926,7706.4019,168.70255,6686.9453,39.637489,3725.9241,,,,,,,,,,,,,,,,,,,,,,,,22329.355,25263.139,20034.582,8389.2207,9491.4541,7527.0659,2411.1035,2696.2871,2159.1597,743.05829,822.76965,678.03857,224.57208,,,148229.52,,,193.35197,193.35197,193.35197,148203.78,148203.78,148203.78,94,,,62045,,,80.932083,80.932083,80.932083,62034.23,62034.23,62034.23,77.979042,211597.27,186703.2,242608,53332940,61283804,46064376,224.57208,,,148229.52,,,193.35197,193.35197,193.35197,148203.78,148203.78,148203.78,77.979042,,,,,,,224.57208,,,148229.52,,,193.35197,193.35197,193.35197,148203.78,148203.78,148203.78,77.979042,,,,,,,.26640299,,,175.84015,,,.22936754,.22936754,.22936754,175.80962,175.80962,175.80962,.11150932,,,73.602089,,,.096007258,.096007258,.096007258,73.58931,73.58931,73.58931,9.0215788,251.01137,221.4803,287.79846,.10613184,,,,,,,,,366.98276,119074.13,324.4679,72866.43,51705.379,49393.238,54174.02,51705.379,49393.238,54174.02,51705.379,49393.238,54174.02,51393.738,50230.34,53023.289,51393.738,50230.34,53023.289,51393.738,50230.34,53023.289,91.379997,82.120003,100.38,91.379997,82.120003,100.38,91.379997,82.120003,100.38,91.160004,79.339996,101.23,91.160004,79.339996,101.23,91.160004,79.339996,101.23,16113112,15593422,16716904,16113112,15593422,16716904,16113112,15593422,16716904,16137728,15828317,16594647,16137728,15828317,16594647,16137728,15828317,16594647,62363.07,56215.898,67946.508,62363.07,56215.898,67946.508,62363.07,56215.898,67946.508,61893.238,55011.148,69075.773,61893.238,55011.148,69075.773,61893.238,55011.148,69075.773,3797.6001,4214.2598,4618.6099,3797.6001,4214.2598,4618.6099,3797.6001,4214.2598,4618.6099,3665.4099,4198.7598,4662.3101,3665.4099,4198.7598,4662.3101,3665.4099,4198.7598,4662.3101,604.12,675.03998,737.09998,604.12,675.03998,737.09998,604.12,675.03998,737.09998,590.97998,671.07001,746.21002,590.97998,671.07001,746.21002,590.97998,671.07001,746.21002,1348.46,1497.78,1643.01,1348.46,1497.78,1643.01,1348.46,1497.78,1643.01,1304.45,1493.16,1655.84,1304.45,1493.16,1655.84,1304.45,1493.16,1655.84,172.59,192.85001,210.57001,172.59,192.85001,210.57001,172.59,192.85001,210.57001,168.84,191.71001,213.17999,168.84,191.71001,213.17999,168.84,191.71001,213.17999,384443.28,426239.03,464393.66,384443.28,426239.03,464393.66,384443.28,426239.03,464393.66,376097.53,423013.28,472304.41,376097.53,423013.28,472304.41,376097.53,423013.28,472304.41,1.25,1.27,1.29,1.25,1.27,1.29,1.25,1.27,1.29,1.24,1.26,1.29,1.24,1.26,1.29,1.24,1.26,1.29,1.49,1.51,1.54,1.49,1.51,1.54,1.49,1.51,1.54,1.48,1.51,1.54,1.48,1.51,1.54,1.48,1.51,1.54,.14652902,.14607967,.14773385,.14652902,.14607967,.14773385,.14652902,.14607967,.14773385,.14728588,.1442253,.14654921,.14728588,.1442253,.14654921,.14728588,.1442253,.14654921,189.98169,68157.422,358.75784,32783.289,62045,62045,62045,94,94,94,1823317,1823317,1823317,7605,7605,7605,1.2360289,1.2360289,1.2360289,167.9077,7854.3999,46.77808,4397.1396,,,,,,,,,,,,,,,,,,,,80.904259,29.387009,,,942.22424,359.79974,,,,,682.45868,311.63318,682.45868,311.63318,682.45868,311.63318,80.904259,29.387009,,,1,,2.3890648,2.3890648,2.3890648,.97212762,.97212762,.97212762,1,,1,,27.823441,,,8.2002726,8.2002726,8.2002726,1,,1,,2.3890646,2.3890646,2.3890646,.83335286,.83335286,.83335286,1,,1,,29.250504,,,8.8372517,8.8372517,8.8372517,1,
25Mar2021,Iran,97,62142,194,485,124284,310710,7506,1830823,15012,37530,3661646,9154115,1569697,6988,1.2922995,198984,85,7910.9019,168.70255,6686.9453,39.637489,3844.8364,,,,,,,,,,,,,,,,,,,,,,,,22705.033,25652.604,20479.256,8651.4492,9774.5811,7803.3467,2490.0527,2772.7695,2217.7935,767.90942,848.28748,696.79706,231.73927,,,148461.25,,,195.81406,195.81406,195.81406,148399.59,148399.59,148399.59,97,,,62142,,,81.962639,81.962639,81.962639,62116.191,62116.191,62116.191,78.526131,217049.95,191275.3,249534.28,53549992,61533340,46255652,231.73927,,,148461.25,,,195.81406,195.81406,195.81406,148399.59,148399.59,148399.59,78.526131,,,,,,,231.73927,,,148461.25,,,195.81406,195.81406,195.81406,148399.59,148399.59,148399.59,78.526131,,,,,,,.2749052,,,176.11505,,,.23228823,.23228823,.23228823,176.0419,176.0419,176.0419,.11506814,,,73.717155,,,.097229779,.097229779,.097229779,73.686539,73.686539,73.686539,8.9041386,257.47974,226.90404,296.01489,.10676771,,,,,,,,,366.98276,119074.13,324.4679,75191.953,51802.859,49498.59,54268.43,51802.859,49498.59,54268.43,51802.859,49498.59,54268.43,51490.949,50332.641,53116.871,51490.949,50332.641,53116.871,51490.949,50332.641,53116.871,97.489998,87.690002,107.01,97.489998,87.690002,107.01,97.489998,87.690002,107.01,97.209999,84.699997,107.89,97.209999,84.699997,107.89,97.209999,84.699997,107.89,16177606,15663041,16779250,16177606,15663041,16779250,16177606,15663041,16779250,16201710,15895818,16656223,16201710,15895818,16656223,16201710,15895818,16656223,64493.75,58228.871,70245.688,64493.75,58228.871,70245.688,64493.75,58228.871,70245.688,63981.82,56996.051,71571.773,63981.82,56996.051,71571.773,63981.82,56996.051,71571.773,4061.8701,4505.8101,4934.6602,4061.8701,4505.8101,4934.6602,4061.8701,4505.8101,4934.6602,3923.97,4487.3198,4984.21,3923.97,4487.3198,4984.21,3923.97,4487.3198,4984.21,637.59998,711.17999,776.12,637.59998,711.17999,776.12,637.59998,711.17999,776.12,623.78998,706.70001,786.21997,623.78998,706.70001,786.21997,623.78998,706.70001,786.21997,1436.71,1594.39,1747.76,1436.71,1594.39,1747.76,1436.71,1594.39,1747.76,1389.63,1588.78,1762.51,1389.63,1588.78,1762.51,1389.63,1588.78,1762.51,182.16,203.17999,221.72,182.16,203.17999,221.72,182.16,203.17999,221.72,178.22,201.89999,224.61,178.22,201.89999,224.61,178.22,201.89999,224.61,399388.75,442209.19,481634.34,399388.75,442209.19,481634.34,399388.75,442209.19,481634.34,390896.84,438686.53,490868.94,390896.84,438686.53,490868.94,390896.84,438686.53,490868.94,1.25,1.27,1.29,1.25,1.27,1.29,1.25,1.27,1.29,1.24,1.26,1.29,1.24,1.26,1.29,1.24,1.26,1.29,1.49,1.51,1.54,1.49,1.51,1.54,1.49,1.51,1.54,1.48,1.51,1.54,1.48,1.51,1.54,1.48,1.51,1.54,.15116192,.1505954,.15233676,.15116192,.1505954,.15233676,.15116192,.1505954,.15233676,.15193377,.14860678,.15074378,.15193377,.14860678,.15074378,.15193377,.14860678,.15074378,189.98169,68157.422,358.75784,34975.301,62142,62142,62142,97,97,97,1830823,1830823,1830823,7506,7506,7506,1.2922995,1.2922995,1.2922995,167.9077,7854.3999,46.77808,4537.4736,,,,,,,,,,,,,,,,,,,,77.381447,29.461926,,,936.61273,360.70013,,,,,661.54224,312.29175,661.54224,312.29175,661.54224,312.29175,77.381447,29.461926,,,1,,2.3890648,2.3890648,2.3890648,1.0050515,1.0050515,1.0050515,1,,1,,28.916861,,,8.5922928,8.5922928,8.5922928,1,,1,,2.3890646,2.3890646,2.3890646,.83362073,.83362073,.83362073,1,,1,,29.249136,,,8.8362484,8.8362484,8.8362484,1,
26Mar2021,Iran,81,62223,162,405,124446,311115,7980,1838803,15960,39900,3677606,9194015,1577408,7711,1.0150375,199172,86.223213,8200,168.70255,6686.9453,39.637489,3210.6367,,,,,,,,,,,,,,,,,,,,,,,,23171.834,26133.715,20905.293,8866.4043,9999.7305,7999.1421,2572.053,2859.7861,2281.8337,795.44489,875.20959,718.13977,193.51424,,,148654.77,,,199.8862,199.8862,199.8862,148599.48,148599.48,148599.48,81,,,62223,,,83.667137,83.667137,83.667137,62199.859,62199.859,62199.859,79.141319,222364.36,195306.92,256341.05,53772356,61789680,46450960,193.51424,,,148654.77,,,199.8862,199.8862,199.8862,148599.48,148599.48,148599.48,79.141319,,,,,,,193.51424,,,148654.77,,,199.8862,199.8862,199.8862,148599.48,148599.48,148599.48,79.141319,,,,,,,.22956002,,,176.3446,,,.23711888,.23711888,.23711888,176.27902,176.27902,176.27902,.096087821,,,73.81324,,,.099251769,.099251769,.099251769,73.785789,73.785789,73.785789,9.4664297,263.78406,231.68663,304.08954,.087025747,,,,,,,,,366.98276,119074.13,324.4679,62789.156,51906.91,49611.121,54369.07,51906.91,49611.121,54369.07,51906.91,49611.121,54369.07,51594.66,50441.879,53216.609,51594.66,50441.879,53216.609,51594.66,50441.879,53216.609,104.05,93.669998,114.14,104.05,93.669998,114.14,104.05,93.669998,114.14,103.71,90.480003,115.1,103.71,90.480003,115.1,103.71,90.480003,115.1,16244388,15734981,16843738,16244388,15734981,16843738,16244388,15734981,16843738,16267936,15965604,16720085,16267936,15965604,16720085,16267936,15965604,16720085,66782.719,60357.551,72610.508,66782.719,60357.551,72610.508,66782.719,60357.551,72610.508,66225.813,59129.301,74247.781,66225.813,59129.301,74247.781,66225.813,59129.301,74247.781,4324.0498,4804.6001,5258.3599,4324.0498,4804.6001,5258.3599,4324.0498,4804.6001,5258.3599,4189.9502,4782.8799,5314.23,4189.9502,4782.8799,5314.23,4189.9502,4782.8799,5314.23,669.52002,745.21002,812.88,669.52002,745.21002,812.88,669.52002,745.21002,812.88,654.94,740.22998,823.97998,654.94,740.22998,823.97998,654.94,740.22998,823.97998,1528.55,1694.84,1856.61,1528.55,1694.84,1856.61,1528.55,1694.84,1856.61,1478.55,1688.16,1873.63,1478.55,1688.16,1873.63,1478.55,1688.16,1873.63,191.28,212.89999,232.22,191.28,212.89999,232.22,191.28,212.89999,232.22,187.11,211.47,235.39999,187.11,211.47,235.39999,187.11,211.47,235.39999,414703.78,458732.06,498579.34,414703.78,458732.06,498579.34,414703.78,458732.06,498579.34,406247.78,454896.25,510099.88,406247.78,454896.25,510099.88,406247.78,454896.25,510099.88,1.25,1.27,1.29,1.25,1.27,1.29,1.25,1.27,1.29,1.24,1.26,1.29,1.24,1.26,1.29,1.24,1.26,1.29,1.49,1.51,1.54,1.49,1.51,1.54,1.49,1.51,1.54,1.48,1.51,1.54,1.48,1.51,1.54,1.48,1.51,1.54,.15580378,.15519185,.15719488,.15580378,.15519185,.15719488,.15580378,.15519185,.15719488,.15660056,.15302059,.15502146,.15660056,.15302059,.15502146,.15660056,.15302059,.15502146,189.98169,68157.422,358.75784,37328.754,62223,62223,62223,81,81,81,1838803,1838803,1838803,7980,7980,7980,1.0150375,1.0150375,1.0150375,167.9077,7854.3999,46.77808,3789.0244,,,,,,,,,,,,,,,,,,,,98.518517,29.551821,,,1149.0853,361.72641,,,,,641.83295,312.95233,641.83295,312.95233,641.83295,312.95233,98.518517,29.551821,,,1,,2.3890646,2.3890646,2.3890646,1.284568,1.284568,1.284568,1,,1,,27.865208,,,8.368762,8.368762,8.368762,1,,1,,2.3890646,2.3890646,2.3890646,.83420777,.83420777,.83420777,1,,1,,29.24313,,,8.834219,8.834219,8.834219,1,
27Mar2021,Iran,85,62308,170,425,124616,311540,8120,1846923,16240,40600,3693846,9234615,1585114,7706,1.046798,199501,87.553574,8571.4639,168.70255,6686.9453,39.637489,3369.1865,,,,,,,,,,,,,,,,,,,,,,,,23820.281,26813.328,21611.443,9060.1719,10198.594,8220.0293,2656.9287,2946.7307,2351.3555,825.50024,906.39014,742.57971,203.0705,,,148857.84,,,205.69365,205.69365,205.69365,148805.17,148805.17,148805.17,85,,,62308,,,86.097984,86.097984,86.097984,62285.957,62285.957,62285.957,79.83033,227497.95,199315.77,262705.25,53999852,62052384,46650272,203.0705,,,148857.84,,,205.69365,205.69365,205.69365,148805.17,148805.17,148805.17,79.83033,,,,,,,203.0705,,,148857.84,,,205.69365,205.69365,205.69365,148805.17,148805.17,148805.17,79.83033,,,,,,,.24089631,,,176.58551,,,.24400808,.24400808,.24400808,176.52303,176.52303,176.52303,.1008329,,,73.914078,,,.1021354,.1021354,.1021354,73.887924,73.887924,73.887924,9.6325073,269.87387,236.4422,311.63919,.08926256,,,,,,,,,366.98276,119074.13,324.4679,65889.859,52017.898,49731.211,54476.289,52017.898,49731.211,54476.289,52017.898,49731.211,54476.289,51705.238,50558.43,53322.871,51705.238,50558.43,53322.871,51705.238,50558.43,53322.871,110.99,100.02,121.66,110.99,100.02,121.66,110.99,100.02,121.66,110.58,96.610001,122.77,110.58,96.610001,122.77,110.58,96.610001,122.77,16313590,15809373,16910492,16313590,15809373,16910492,16313590,15809373,16910492,16336532,16037311,16786362,16336532,16037311,16786362,16336532,16037311,16786362,69201.531,62606.98,75069.602,69201.531,62606.98,75069.602,69201.531,62606.98,75069.602,68596.938,61386.391,77073.438,68596.938,61386.391,77073.438,68596.938,61386.391,77073.438,4589.7998,5107.5,5586.29,4589.7998,5107.5,5586.29,4589.7998,5107.5,5586.29,4460.6699,5082.3198,5648.9902,4460.6699,5082.3198,5648.9902,4460.6699,5082.3198,5648.9902,700.56,777.92999,848.32001,700.56,777.92999,848.32001,700.56,777.92999,848.32001,684.89001,772.42999,860.37,684.89001,772.42999,860.37,684.89001,772.42999,860.37,1620.5,1798.2,1968.5601,1620.5,1798.2,1968.5601,1620.5,1798.2,1968.5601,1570.42,1790.38,1988.01,1570.42,1790.38,1988.01,1570.42,1790.38,1988.01,200.14,222.25,242.35001,200.14,222.25,242.35001,200.14,222.25,242.35001,195.67,220.67,245.78999,195.67,220.67,245.78999,195.67,220.67,245.78999,430547.28,475798.31,515989.47,430547.28,475798.31,515989.47,430547.28,475798.31,515989.47,422145.66,471632.75,529988.38,422145.66,471632.75,529988.38,422145.66,471632.75,529988.38,1.25,1.26,1.29,1.25,1.26,1.29,1.25,1.26,1.29,1.24,1.26,1.29,1.24,1.26,1.29,1.24,1.26,1.29,1.49,1.51,1.54,1.49,1.51,1.54,1.49,1.51,1.54,1.48,1.51,1.54,1.48,1.51,1.54,1.48,1.51,1.54,.16038662,.15975854,.16206294,.16038662,.15975854,.16206294,.16038662,.15975854,.16206294,.16120254,.15738016,.15928963,.16120254,.15738016,.15928963,.16120254,.15738016,.15928963,189.98169,68157.422,358.75784,39818.531,62308,62308,62308,85,85,85,1846923,1846923,1846923,8120,8120,8120,1.046798,1.046798,1.046798,167.9077,7854.3999,46.77808,3976.1367,,,,,,,,,,,,,,,,,,,,95.529411,29.641829,,,1120.2905,362.7612,,,,,623.49341,313.61493,623.49341,313.61493,623.49341,313.61493,95.529411,29.641829,,,1,,2.3890646,2.3890646,2.3890646,1.3057647,1.3057647,1.3057647,1,,1,,28.016989,,,8.522356,8.522356,8.522356,1,,1,,2.3890648,2.3890648,2.3890648,.83485103,.83485103,.83485103,1,,1,,29.23774,,,8.8328476,8.8328476,8.8328476,1,
28Mar2021,Iran,89,62397,178,445,124794,311985,8751,1855674,17502,43755,3711348,9278370,1593219,8105,1.0170267,200058,89.142853,9005.1162,168.70255,6686.9453,39.637489,3527.7366,,,,,,,,,,,,,,,,,,,,,,,,24359.676,27405.93,22138.93,9187.2158,10336.106,8349.665,2744.457,3041.9609,2420.7197,857.80444,939.14362,770.07495,212.62675,,,149070.47,,,213.32521,213.32521,213.32521,149018.5,149018.5,149018.5,89,,,62397,,,89.292351,89.292351,89.292351,62375.25,62375.25,62375.25,80.59581,232407.2,203866.95,268557.69,54232260,62320944,46854140,212.62675,,,149070.47,,,213.32521,213.32521,213.32521,149018.5,149018.5,149018.5,80.59581,,,,,,,212.62675,,,149070.47,,,213.32521,213.32521,213.32521,149018.5,149018.5,149018.5,80.59581,,,,,,,.25223261,,,176.83774,,,.25306118,.25306118,.25306118,176.77609,176.77609,176.77609,.10557798,,,74.019653,,,.10592479,.10592479,.10592479,73.993851,73.993851,73.993851,10.381043,275.69754,241.84113,318.58179,.091488883,,,,,,,,,366.98276,119074.13,324.4679,68990.555,52136.129,49859.18,54590.371,52136.129,49859.18,54590.371,52136.129,49859.18,54590.371,51822.98,50682.59,53435.949,51822.98,50682.59,53435.949,51822.98,50682.59,53435.949,118.23,106.61,129.50999,118.23,106.61,129.50999,118.23,106.61,129.50999,117.74,103.03,130.77,117.74,103.03,130.77,117.74,103.03,130.77,16385317,15886324,16979610,16385317,15886324,16979610,16385317,15886324,16979610,16407605,16108398,16855160,16407605,16108398,16855160,16407605,16108398,16855160,71727.258,64957.711,77633.453,71727.258,64957.711,77633.453,71727.258,64957.711,77633.453,71072.367,63747.82,80024.531,71072.367,63747.82,80024.531,71072.367,63747.82,80024.531,4857.3799,5412.48,5916.2598,4857.3799,5412.48,5916.2598,4857.3799,5412.48,5916.2598,4734.4199,5383.6401,5986.3101,4734.4199,5383.6401,5986.3101,4734.4199,5383.6401,5986.3101,730.72998,810.09003,883.09998,730.72998,810.09003,883.09998,730.72998,810.09003,883.09998,714.42999,804.03998,897.35999,714.42999,804.03998,897.35999,714.42999,804.03998,897.35999,1713.12,1903.8101,2082.8701,1713.12,1903.8101,2082.8701,1713.12,1903.8101,2082.8701,1664.6801,1894.76,2104.9199,1664.6801,1894.76,2104.9199,1664.6801,1894.76,2104.9199,208.75999,231.42999,252.28,208.75999,231.42999,252.28,208.75999,231.42999,252.28,204.11,229.7,256.35999,204.11,229.7,256.35999,204.11,229.7,256.35999,446924.91,493411.03,533901.5,446924.91,493411.03,533901.5,446924.91,493411.03,533901.5,438597.25,488898.69,550539.06,438597.25,488898.69,550539.06,438597.25,488898.69,550539.06,1.25,1.26,1.29,1.25,1.26,1.29,1.25,1.26,1.29,1.23,1.26,1.28,1.23,1.26,1.28,1.23,1.26,1.28,1.49,1.51,1.54,1.49,1.51,1.54,1.49,1.51,1.54,1.48,1.51,1.54,1.48,1.51,1.54,1.48,1.51,1.54,.16483274,.16412216,.1668224,.16483274,.16412216,.1668224,.16483274,.16412216,.1668224,.16566212,.16162121,.16341239,.16566212,.16162121,.16341239,.16566212,.16162121,.16341239,189.98169,68157.422,358.75784,42415.941,62397,62397,62397,89,89,89,1855674,1855674,1855674,8751,8751,8751,1.0170267,1.0170267,1.0170267,167.9077,7854.3999,46.77808,4163.249,,,,,,,,,,,,,,,,,,,,98.325844,29.739796,,,1093.0289,363.80283,,,,,606.6756,314.27951,606.6756,314.27951,606.6756,314.27951,98.325844,29.739796,,,1,,2.3890646,2.3890646,2.3890646,1.328427,1.328427,1.328427,1,,1,,26.557789,,,8.1964645,8.1964645,8.1964645,1,,1,,2.3890648,2.3890648,2.3890648,.83555508,.83555508,.83555508,1,,1,,29.225101,,,8.8298464,8.8298464,8.8298464,1,
29Mar2021,Iran,81,62478,162,405,124956,312390,9310,1864984,18620,46550,3729968,9324920,1600488,7269,.87003225,202018,91.6875,9483.625,168.70255,6686.9453,39.637489,3210.6367,,,,,,,,,,,,,,,,,,,,,,,,24942.758,28033.1,22675.945,9249.9873,10396.036,8409.3428,2834.3616,3152.0374,2494.582,892.12793,976.06335,798.63983,193.51424,,,149263.98,,,222.91052,222.91052,222.91052,149241.41,149241.41,149241.41,81,,,62478,,,93.304512,93.304512,93.304512,62468.555,62468.555,62468.555,81.441582,237048.17,208361.48,273780.06,54469308,62594724,47062504,193.51424,,,149263.98,,,222.91052,222.91052,222.91052,149241.41,149241.41,149241.41,81.441582,,,,,,,193.51424,,,149263.98,,,222.91052,222.91052,222.91052,149241.41,149241.41,149241.41,81.441582,,,,,,,.22956002,,,177.06729,,,.26443192,.26443192,.26443192,177.04053,177.04053,177.04053,.096087821,,,74.115738,,,.11068429,.11068429,.11068429,74.104538,74.104538,74.104538,11.044168,281.203,247.17285,324.77692,.081634983,,,,,,,,,366.98276,119074.13,324.4679,62789.156,52261.82,49995.23,54711.52,52261.82,49995.23,54711.52,52261.82,49995.23,54711.52,51948.109,50814.59,53556.102,51948.109,50814.59,53556.102,51948.109,50814.59,53556.102,125.69,113.17,137.60001,125.69,113.17,137.60001,125.69,113.17,137.60001,125.12,109.68,139.02,125.12,109.68,139.02,125.12,109.68,139.02,16459664,15965923,17051178,16459664,15965923,17051178,16459664,15965923,17051178,16481244,16181708,16926578,16481244,16181708,16926578,16481244,16181708,16926578,74346.602,67398.703,80285.953,74346.602,67398.703,80285.953,74346.602,67398.703,80285.953,73638.813,66120.141,83087.094,73638.813,66120.141,83087.094,73638.813,66120.141,83087.094,5129.5898,5718.5098,6247.0898,5129.5898,5718.5098,6247.0898,5129.5898,5718.5098,6247.0898,5010.3198,5685.79,6325.0498,5010.3198,5685.79,6325.0498,5010.3198,5685.79,6325.0498,760.79999,842.21997,917.25,760.79999,842.21997,917.25,760.79999,842.21997,917.25,744.08002,835.59998,934.53998,744.08002,835.59998,934.53998,744.08002,835.59998,934.53998,1807.38,2011.27,2199.1101,1807.38,2011.27,2199.1101,1807.38,2011.27,2199.1101,1760.98,2000.91,2223.9399,1760.98,2000.91,2223.9399,1760.98,2000.91,2223.9399,217.35001,240.60001,262.04001,217.35001,240.60001,262.04001,217.35001,240.60001,262.04001,212.57001,238.71001,266.97,212.57001,238.71001,266.97,212.57001,238.71001,266.97,463847.75,511579.38,552320.56,463847.75,511579.38,552320.56,463847.75,511579.38,552320.56,454964.13,506702.78,571763.5,454964.13,506702.78,571763.5,454964.13,506702.78,571763.5,1.25,1.26,1.29,1.25,1.26,1.29,1.25,1.26,1.29,1.23,1.26,1.28,1.23,1.26,1.28,1.23,1.26,1.28,1.49,1.51,1.54,1.49,1.51,1.54,1.49,1.51,1.54,1.48,1.51,1.54,1.48,1.51,1.54,1.48,1.51,1.54,.16905951,.16791125,.1713874,.16905951,.16791125,.1713874,.16905951,.16791125,.1713874,.1699104,.16587986,.1673184,.1699104,.16587986,.1673184,.1699104,.16587986,.1673184,189.98169,68157.422,358.75784,45092.273,62478,62478,62478,81,81,81,1864984,1864984,1864984,9310,9310,9310,.87003225,.87003225,.87003225,167.9077,7854.3999,46.77808,3789.0244,,,,,,,,,,,,,,,,,,,,114.93827,29.850252,,,1224.9651,364.91928,,,,,591.50769,314.94626,591.50769,314.94626,591.50769,314.94626,114.93827,29.850252,,,1,,2.3890646,2.3890646,2.3890646,1.5517284,1.5517284,1.5517284,1,,1,,25.461672,,,7.9856715,7.9856715,7.9856715,1,,1,,2.3890648,2.3890648,2.3890648,.83648354,.83648354,.83648354,1,,1,,29.206314,,,8.825633,8.825633,8.825633,1,
30Mar2021,Iran,91,62569,182,455,125138,312845,10250,1875234,20500,51250,3750468,9376170,1608807,8319,.88780487,203858,96.196426,9985.4111,168.70255,6686.9453,39.637489,3607.0115,,,,,,,,,,,,,,,,,,,,,,,,25706.814,28848.506,23368.984,9317.1689,10455.843,8469.8467,2926.3169,3277.3662,2572.6687,928.49536,1020.3541,830.00305,217.40488,,,149481.39,,,234.62257,234.62257,234.62257,149476.03,149476.03,149476.03,91,,,62569,,,98.206871,98.206871,98.206871,62566.762,62566.762,62566.762,82.378922,241377.02,212764.73,278258.13,54710684,62872980,47275268,217.40488,,,149481.39,,,234.62257,234.62257,234.62257,149476.03,149476.03,149476.03,82.378922,,,,,,,217.40488,,,149481.39,,,234.62257,234.62257,234.62257,149476.03,149476.03,149476.03,82.378922,,,,,,,.25790077,,,177.3252,,,.27832559,.27832559,.27832559,177.31885,177.31885,177.31885,.10795052,,,74.223694,,,.11649981,.11649981,.11649981,74.221031,74.221031,74.221031,12.159262,286.33817,252.3963,330.08908,.090068594,,,,,,,,,366.98276,119074.13,324.4679,70540.906,52395.148,50139.539,54839.91,52395.148,50139.539,54839.91,52395.148,50139.539,54839.91,52080.781,50954.578,53683.48,52080.781,50954.578,53683.48,52080.781,50954.578,53683.48,133.33,119.87,145.87,133.33,119.87,145.87,133.33,119.87,145.87,132.67,116.5,147.47,132.67,116.5,147.47,132.67,116.5,147.47,16536717,16048251,17125278,16536717,16048251,17125278,16536717,16048251,17125278,16557534,16251162,17000708,16557534,16251162,17000708,16557534,16251162,17000708,77053.578,69925.289,83056.094,77053.578,69925.289,83056.094,77053.578,69925.289,83056.094,76290.25,68421.117,86180.43,76290.25,68421.117,86180.43,76290.25,68421.117,86180.43,5413.6201,6025.2202,6578.3999,5413.6201,6025.2202,6578.3999,5413.6201,6025.2202,6578.3999,5288.1099,5988.4102,6664.8398,5288.1099,5988.4102,6664.8398,5288.1099,5988.4102,6664.8398,790.98999,874.71997,950.65997,790.98999,874.71997,950.65997,790.98999,874.71997,950.65997,774.19,867.5,972.26001,774.19,867.5,972.26001,774.19,867.5,972.26001,1903.23,2120.3501,2317.02,1903.23,2120.3501,2317.02,1903.23,2120.3501,2317.02,1859.16,2108.6001,2344.8201,1859.16,2108.6001,2344.8201,1859.16,2108.6001,2344.8201,225.96001,249.88,271.57001,225.96001,249.88,271.57001,225.96001,249.88,271.57001,221.17,247.82001,277.73999,221.17,247.82001,277.73999,221.17,247.82001,277.73999,481328.25,530314,571538,481328.25,530314,571538,481328.25,530314,571538,470896.97,525055,593064.06,470896.97,525055,593064.06,470896.97,525055,593064.06,1.24,1.26,1.29,1.24,1.26,1.29,1.24,1.26,1.29,1.23,1.26,1.28,1.23,1.26,1.28,1.23,1.26,1.28,1.49,1.51,1.54,1.49,1.51,1.54,1.49,1.51,1.54,1.48,1.51,1.54,1.48,1.51,1.54,1.48,1.51,1.54,.17303544,.17142582,.17562829,.17303544,.17142582,.17562829,.17303544,.17142582,.17562829,.17390165,.17026907,.17111774,.17390165,.17026907,.17111774,.17390165,.17026907,.17111774,189.98169,68157.422,358.75784,47833.184,62569,62569,62569,91,91,91,1875234,1875234,1875234,10250,10250,10250,.88780487,.88780487,.88780487,167.9077,7854.3999,46.77808,4256.8052,,,,,,,,,,,,,,,,,,,,112.63736,29.970657,,,1110.265,366.00333,,,,,577.91626,315.61542,577.91626,315.61542,577.91626,315.61542,112.63736,29.970657,,,1,,2.3890646,2.3890646,2.3890646,1.4651649,1.4651649,1.4651649,1,,1,,23.548977,,,7.5174222,7.5174222,7.5174222,1,,1,,2.3890648,2.3890648,2.3890648,.83739787,.83739787,.83739787,1,,1,,29.17539,,,8.8184814,8.8184814,8.8184814,1,
31Mar2021,Iran,96,62665,192,480,125330,313325,10330,1885564,20660,51650,3771128,9427820,1617333,8526,.92933202,205566,102.77679,10526.304,168.70255,6686.9453,39.637489,3805.199,,,,,,,,,,,,,,,,,,,,,,,,26429.861,29624.412,24038.541,9378.0449,10511.56,8529.5381,3019.9497,3402.9116,2655.2283,967.01324,1068.3914,864.36841,229.3502,,,149710.73,,,248.68156,248.68156,248.68156,149724.72,149724.72,149724.72,96,,,62665,,,104.0916,104.0916,104.0916,62670.852,62670.852,62670.852,83.429955,245349.8,217039.94,281965.09,54956036,63154944,47492308,229.3502,,,149710.73,,,248.68156,248.68156,248.68156,149724.72,149724.72,149724.72,83.429955,,,,,,,229.3502,,,149710.73,,,248.68156,248.68156,248.68156,149724.72,149724.72,149724.72,83.429955,,,,,,,.27207112,,,177.59727,,,.29500332,.29500332,.29500332,177.61386,177.61386,177.61386,.11388186,,,74.33757,,,.12348068,.12348068,.12348068,74.344513,74.344513,74.344513,12.254163,291.05096,257.46783,334.48654,.093478866,,,,,,,,,366.98276,119074.13,324.4679,74416.781,52536.25,50292.199,54975.629,52536.25,50292.199,54975.629,52536.25,50292.199,54975.629,52221.129,51102.672,53818.262,52221.129,51102.672,53818.262,52221.129,51102.672,53818.262,141.10001,126.68,154.27,141.10001,126.68,154.27,141.10001,126.68,154.27,140.35001,123.47,156.07001,140.35001,123.47,156.07001,140.35001,123.47,156.07001,16616564,16133388,17201984,16616564,16133388,17201984,16616564,16133388,17201984,16636559,16320803,17077642,16636559,16320803,17077642,16636559,16320803,17077642,79846.547,72526.5,85967.18,79846.547,72526.5,85967.18,79846.547,72526.5,85967.18,79024.977,70774.859,89213.32,79024.977,70774.859,89213.32,79024.977,70774.859,89213.32,5700.2598,6332.7598,6910.3101,5700.2598,6332.7598,6910.3101,5700.2598,6332.7598,6910.3101,5566.7598,6291.6401,7005.8198,5566.7598,6291.6401,7005.8198,5566.7598,6291.6401,7005.8198,821.71997,907.87,984.56,821.71997,907.87,984.56,821.71997,907.87,984.56,804.98999,900.02002,1010.82,804.98999,900.02002,1010.82,804.98999,900.02002,1010.82,2005.67,2230.96,2436.49,2005.67,2230.96,2436.49,2005.67,2230.96,2436.49,1959.15,2217.73,2467.47,1959.15,2217.73,2467.47,1959.15,2217.73,2467.47,234.73,259.34,281.25,234.73,259.34,281.25,234.73,259.34,281.25,229.96001,257.10001,288.75,229.96001,257.10001,288.75,229.96001,257.10001,288.75,499313.84,549625.69,591673.13,499313.84,549625.69,591673.13,499313.84,549625.69,591673.13,487176.09,543965.75,614037.06,487176.09,543965.75,614037.06,487176.09,543965.75,614037.06,1.24,1.26,1.28,1.24,1.26,1.28,1.24,1.26,1.28,1.23,1.26,1.28,1.23,1.26,1.28,1.23,1.26,1.28,1.49,1.51,1.54,1.49,1.51,1.54,1.49,1.51,1.54,1.48,1.51,1.54,1.48,1.51,1.54,1.48,1.51,1.54,.17671397,.17466719,.17945221,.17671397,.17466719,.17945221,.17671397,.17466719,.17945221,.17760208,.1744546,.17494026,.17760208,.1744546,.17494026,.17760208,.1744546,.17494026,189.98169,68157.422,358.75784,50620.734,62665,62665,62665,96,96,96,1885564,1885564,1885564,10330,10330,10330,.92933202,.92933202,.92933202,167.9077,7854.3999,46.77808,4490.6958,,,,,,,,,,,,,,,,,,,,107.60416,30.089588,,,1069.7605,367.08148,,,,,565.88623,316.2876,565.88623,316.2876,565.88623,316.2876,107.60416,30.089588,,,1,,2.3890646,2.3890646,2.3890646,1.4697918,1.4697918,1.4697918,1,,1,,23.75119,,,7.7295785,7.7295785,7.7295785,1,,1,,2.3890646,2.3890646,2.3890646,.83836669,.83836669,.83836669,1,,1,,29.145676,,,8.8125162,8.8125162,8.8125162,1,
01Apr2021,Iran,94,62759,188,470,125518,313795,11750,1897314,23500,58750,3794628,9486570,1626144,8811,.80000001,208411,111.76786,11168.661,168.70255,6686.9453,39.637489,3725.9241,,,,,,,,,,,,,,,,,,,,,,,,27261.596,30469.295,24740.625,9482.9502,10598.748,8606.0303,3114.8286,3530.4534,2737.6487,1007.7921,1118.85,902.08661,224.57208,,,149935.31,,,265.36017,265.36017,265.36017,149990.08,149990.08,149990.08,94,,,62759,,,111.07282,111.07282,111.07282,62781.926,62781.926,62781.926,84.624176,248922.89,221148.38,284815.22,55204956,63439760,47713456,224.57208,,,149935.31,,,265.36017,265.36017,265.36017,149990.08,149990.08,149990.08,84.624176,,,,,,,224.57208,,,149935.31,,,265.36017,265.36017,265.36017,149990.08,149990.08,149990.08,84.624176,,,,,,,.26640299,,,177.86368,,,.31478864,.31478864,.31478864,177.92863,177.92863,177.92863,.11150932,,,74.449081,,,.1317623,.1317623,.1317623,74.47628,74.47628,74.47628,13.938665,295.28961,262.34155,337.86758,.090217531,,,,,,,,,366.98276,119074.13,324.4679,72866.43,52685.211,50453.289,55118.781,52685.211,50453.289,55118.781,52685.211,50453.289,55118.781,52369.238,51258.93,53960.559,52369.238,51258.93,53960.559,52369.238,51258.93,53960.559,148.96001,133.73,162.78,148.96001,133.73,162.78,148.96001,133.73,162.78,148.11,130.56,164.78,148.11,130.56,164.78,148.11,130.56,164.78,16699290,16221412,17281380,16699290,16221412,17281380,16699290,16221412,17281380,16718402,16393010,17157470,16718402,16393010,17157470,16718402,16393010,17157470,82725.938,75200.063,88962.703,82725.938,75200.063,88962.703,82725.938,75200.063,88962.703,81843.359,73166.172,92333.773,81843.359,73166.172,92333.773,81843.359,73166.172,92333.773,5989.9702,6641.6001,7243.29,5989.9702,6641.6001,7243.29,5989.9702,6641.6001,7243.29,5847.23,6595.9399,7348.4902,5847.23,6595.9399,7348.4902,5847.23,6595.9399,7348.4902,853.26001,941.82001,1019.16,853.26001,941.82001,1019.16,853.26001,941.82001,1019.16,836.65002,933.31,1050.41,836.65002,933.31,1050.41,836.65002,933.31,1050.41,2110.1101,2343.1101,2557.53,2110.1101,2343.1101,2557.53,2110.1101,2343.1101,2557.53,2060.53,2328.3201,2591.8799,2060.53,2328.3201,2591.8799,2060.53,2328.3201,2591.8799,243.74001,269.03,291.12,243.74001,269.03,291.12,243.74001,269.03,291.12,239,266.60001,300.04999,239,266.60001,300.04999,239,266.60001,300.04999,517788.06,569525,612380.94,517788.06,569525,612380.94,517788.06,569525,612380.94,503711.69,563445.06,635604.31,503711.69,563445.06,635604.31,503711.69,563445.06,635604.31,1.24,1.26,1.28,1.24,1.26,1.28,1.24,1.26,1.28,1.23,1.25,1.28,1.23,1.25,1.28,1.23,1.25,1.28,1.49,1.51,1.54,1.49,1.51,1.54,1.49,1.51,1.54,1.48,1.51,1.54,1.48,1.51,1.54,1.48,1.51,1.54,.18006445,.17783229,.18297556,.18006445,.17783229,.18297556,.18006445,.17783229,.18297556,.18096764,.17844312,.17846124,.18096764,.17844312,.17846124,.18096764,.17844312,.17846124,189.98169,68157.422,358.75784,53440.57,62759,62759,62759,94,94,94,1897314,1897314,1897314,11750,11750,11750,.80000001,.80000001,.80000001,167.9077,7854.3999,46.77808,4397.1396,,,,,,,,,,,,,,,,,,,,125,30.231743,,,1108.432,368.19183,,,,,555.35669,316.96353,555.35669,316.96353,555.35669,316.96353,125,30.231743,,,1,,2.3890648,2.3890648,2.3890648,1.5846809,1.5846809,1.5846809,1,,1,,21.184927,,,7.0405054,7.0405054,7.0405054,1,,1,,2.3890648,2.3890648,2.3890648,.83948457,.83948457,.83948457,1,,1,,29.096373,,,8.8015423,8.8015423,8.8015423,1,
02Apr2021,Iran,117,62876,234,585,125752,314380,11660,1908974,23320,58300,3817948,9544870,1633949,7805,1.0034305,212149,122.71429,11981.259,168.70255,6686.9453,39.637489,4637.5864,,,,,,,,,,,,,,,,,,,,,,,,28178.33,31406.338,25471.477,9658.46,10764.898,8730.6533,3210.4641,3656.9119,2824.489,1050.899,1171.8601,943.74622,279.52057,,,150214.83,,,284.95496,284.95496,284.95496,150275.03,150275.03,150275.03,117,,,62876,,,119.27469,119.27469,119.27469,62901.199,62901.199,62901.199,85.988831,252054.78,224732.3,287758.09,55457012,63727520,47938188,279.52057,,,150214.83,,,284.95496,284.95496,284.95496,150275.03,150275.03,150275.03,85.988831,,,,,,,279.52057,,,150214.83,,,284.95496,284.95496,284.95496,150275.03,150275.03,150275.03,85.988831,,,,,,,.33158669,,,178.19525,,,.33803335,.33803335,.33803335,178.26668,178.26668,178.26668,.13879353,,,74.587875,,,.14149192,.14149192,.14149192,74.617767,74.617767,74.617767,13.831902,299.00488,266.59305,341.35864,.11089675,,,,,,,,,366.98276,119074.13,324.4679,90695.453,52842.129,50622.859,55269.441,52842.129,50622.859,55269.441,52842.129,50622.859,55269.441,52525.199,51423.449,54110.488,52525.199,51423.449,54110.488,52525.199,51423.449,54110.488,156.92,141.10001,171.38,156.92,141.10001,171.38,156.92,141.10001,171.38,155.96001,137.75999,173.60001,155.96001,137.75999,173.60001,155.96001,137.75999,173.60001,16784982,16312402,17363540,16784982,16312402,17363540,16784982,16312402,17363540,16803148,16466919,17240286,16803148,16466919,17240286,16803148,16466919,17240286,85692.961,77959.242,92062.953,85692.961,77959.242,92062.953,85692.961,77959.242,92062.953,84746.523,75626.289,95542.508,84746.523,75626.289,95542.508,84746.523,75626.289,95542.508,6278.71,6952.3799,7579.2202,6278.71,6952.3799,7579.2202,6278.71,6952.3799,7579.2202,6130.54,6901.9502,7701.4502,6130.54,6901.9502,7701.4502,6130.54,6901.9502,7701.4502,885.73999,976.71002,1054.58,885.73999,976.71002,1054.58,885.73999,976.71002,1054.58,868.53998,967.51001,1091.15,868.53998,967.51001,1091.15,868.53998,967.51001,1091.15,2216.6599,2456.8701,2680.1899,2216.6599,2456.8701,2680.1899,2216.6599,2456.8701,2680.1899,2163.5901,2440.4299,2718.1499,2163.5901,2440.4299,2718.1499,2163.5901,2440.4299,2718.1499,253.00999,278.98999,301.23001,253.00999,278.98999,301.23001,253.00999,278.98999,301.23001,248.10001,276.35999,311.67999,248.10001,276.35999,311.67999,248.10001,276.35999,311.67999,536846.94,590022,633828.94,536846.94,590022,633828.94,536846.94,590022,633828.94,520715.94,583502.44,657772.75,520715.94,583502.44,657772.75,520715.94,583502.44,657772.75,1.24,1.26,1.28,1.24,1.26,1.28,1.24,1.26,1.28,1.23,1.25,1.28,1.23,1.25,1.28,1.23,1.25,1.28,1.49,1.51,1.54,1.49,1.51,1.54,1.49,1.51,1.54,1.48,1.51,1.54,1.48,1.51,1.54,1.48,1.51,1.54,.18311889,.18099202,.18615523,.18311889,.18099202,.18615523,.18311889,.18099202,.18615523,.18403116,.18215887,.18169923,.18403116,.18215887,.18169923,.18403116,.18215887,.18169923,189.98169,68157.422,358.75784,56296.281,62876,62876,62876,117,117,117,1908974,1908974,1908974,11660,11660,11660,1.0034305,1.0034305,1.0034305,167.9077,7854.3999,46.77808,5473.0352,,,,,,,,,,,,,,,,,,,,99.658119,30.360933,,,901.73969,369.18466,,,,,546.09332,317.64395,546.09332,317.64395,546.09332,317.64395,99.658119,30.360933,,,1,,2.3890648,2.3890648,2.3890648,1.3411965,1.3411965,1.3411965,1,,1,,21.617048,,,7.3493104,7.3493104,7.3493104,1,,1,,2.3890646,2.3890646,2.3890646,.8404181,.8404181,.8404181,1,,1,,29.05069,,,8.7926722,8.7926722,8.7926722,1,
03Apr2021,Iran,123,62999,246,615,125998,314995,11420,1920394,22840,57100,3840788,9601970,1642418,8469,1.0770578,214977,134.30357,13016.795,168.70255,6686.9453,39.637489,4875.4111,,,,,,,,,,,,,,,,,,,,,,,,29011.303,32239.592,26090.027,9882.8936,10982.632,8887.7412,3306.3127,3781.7468,2912.8474,1096.0646,1226.4183,986.58667,293.85495,,,150508.69,,,307.59213,307.59213,307.59213,150582.63,150582.63,150582.63,123,,,62999,,,128.75003,128.75003,128.75003,63029.949,63029.949,63029.949,87.538864,254707.7,227520.7,289426.09,55711720,64016944,48165708,293.85495,,,150508.69,,,307.59213,307.59213,307.59213,150582.63,150582.63,150582.63,87.538864,,,,,,,293.85495,,,150508.69,,,307.59213,307.59213,307.59213,150582.63,150582.63,150582.63,87.538864,,,,,,,.34859115,,,178.54385,,,.36488715,.36488715,.36488715,178.63156,178.63156,178.63156,.14591114,,,74.733788,,,.15273222,.15273222,.15273222,74.7705,74.7705,74.7705,13.547196,302.15198,269.90085,343.33731,.11536948,,,,,,,,,366.98276,119074.13,324.4679,95346.5,53007.09,50800.961,55427.66,53007.09,50800.961,55427.66,53007.09,50800.961,55427.66,52689.09,51596.262,54268.16,52689.09,51596.262,54268.16,52689.09,51596.262,54268.16,164.96001,148.59,180.05,164.96001,148.59,180.05,164.96001,148.59,180.05,163.89,145.02,182.50999,163.89,145.02,182.50999,163.89,145.02,182.50999,16873732,16406438,17448550,16873732,16406438,17448550,16873732,16406438,17448550,16890884,16541722,17326188,16890884,16541722,17326188,16890884,16541722,17326188,88748.977,80805.727,95318.32,88748.977,80805.727,95318.32,88748.977,80805.727,95318.32,87735.758,78156.328,98840.438,87735.758,78156.328,98840.438,87735.758,78156.328,98840.438,6569.21,7265.8799,7907.8701,6569.21,7265.8799,7907.8701,6569.21,7265.8799,7907.8701,6417.3799,7210.4199,8060.5698,6417.3799,7210.4199,8060.5698,6417.3799,7210.4199,8060.5698,919.21997,1012.61,1091.36,919.21997,1012.61,1091.36,919.21997,1012.61,1091.36,899.40002,1002.68,1132.98,899.40002,1002.68,1132.98,899.40002,1002.68,1132.98,2324.4399,2572.3501,2802.6001,2324.4399,2572.3501,2802.6001,2324.4399,2572.3501,2802.6001,2268.5801,2554.1699,2847.79,2268.5801,2554.1699,2847.79,2268.5801,2554.1699,2847.79,262.56,289.23999,311.73001,262.56,289.23999,311.73001,262.56,289.23999,311.73001,256.89999,286.39999,323.60999,256.89999,286.39999,323.60999,256.89999,286.39999,323.60999,556505.75,611101.56,656282.75,556505.75,611101.56,656282.75,556505.75,611101.56,656282.75,538178.5,604114.63,680542,538178.5,604114.63,680542,538178.5,604114.63,680542,.94999999,.98000002,1.02,.94999999,.98000002,1.02,.94999999,.98000002,1.02,.94999999,.97000003,1.01,.94999999,.97000003,1.01,.94999999,.97000003,1.01,1.15,1.1799999,1.23,1.15,1.1799999,1.23,1.15,1.1799999,1.23,1.14,1.17,1.21,1.14,1.17,1.21,1.14,1.17,1.21,.18587257,.18388548,.18889339,.18587257,.18388548,.18889339,.18587257,.18388548,.18889339,.18679954,.1855512,.18465114,.18679954,.1855512,.18465114,.18679954,.1855512,.18465114,189.98169,68157.422,358.75784,59180.695,62999,62999,62999,123,123,123,1920394,1920394,1920394,11420,11420,11420,1.0770578,1.0770578,1.0770578,167.9077,7854.3999,46.77808,5753.7036,,,,,,,,,,,,,,,,,,,,92.845528,30.482929,,,866.7804,370.15619,,,,,538.00299,318.32971,538.00299,318.32971,538.00299,318.32971,92.845528,30.482929,,,1,,2.3890646,2.3890646,2.3890646,1.3411382,1.3411382,1.3411382,1,,1,,22.303652,,,7.7713637,7.7713637,7.7713637,1,,1,,2.3890648,2.3890648,2.3890648,.84139574,.84139574,.84139574,1,,1,,29.010567,,,8.7865992,8.7865992,8.7865992,1,
04Apr2021,Iran,161,63160,322,805,126320,315800,11680,1932074,23360,58400,3864148,9660370,1650569,8151,1.3784246,218345,146,14253.535,168.70255,6686.9453,39.637489,6381.6357,,,,,,,,,,,,,,,,,,,,,,,,30084.104,33357.934,26935.32,10247.095,11362.211,9174.5723,3401.7939,3900.3455,3001.5786,1142.7738,1281.5662,1031.0179,384.6394,,,150893.33,,,333.29288,333.29288,333.29288,150915.92,150915.92,150915.92,161,,,63160,,,139.50769,139.50769,139.50769,63169.457,63169.457,63169.457,89.273544,256847.98,230307.33,290136.19,55968568,64307080,48396016,384.6394,,,150893.33,,,333.29288,333.29288,333.29288,150915.92,150915.92,150915.92,89.273544,,,,,,,384.6394,,,150893.33,,,333.29288,333.29288,333.29288,150915.92,150915.92,150915.92,89.273544,,,,,,,.45628598,,,179.00014,,,.39537516,.39537516,.39537516,179.02693,179.02693,179.02693,.19098938,,,74.924774,,,.1654937,.1654937,.1654937,74.935997,74.935997,74.935997,13.855627,304.69092,273.20654,344.17972,.14975372,,,,,,,,,366.98276,119074.13,324.4679,124803.14,53180.16,50987.641,55593.52,53180.16,50987.641,55593.52,53180.16,50987.641,55593.52,52860.98,51777.43,54433.672,52860.98,51777.43,54433.672,52860.98,51777.43,54433.672,173.07001,156.2,188.81,173.07001,156.2,188.81,173.07001,156.2,188.81,171.89,152.39,191.52,171.89,152.39,191.52,171.89,152.39,191.52,16963980,16501891,17534786,16963980,16501891,17534786,16963980,16501891,17534786,16980042,16617974,17413626,16980042,16617974,17413626,16980042,16617974,17413626,90248.93,82222.891,96850.641,90248.93,82222.891,96850.641,90248.93,82222.891,96850.641,89157.547,79286.75,100360.57,89157.547,79286.75,100360.57,89157.547,79286.75,100360.57,6862.5698,7582.8101,8238.4004,6862.5698,7582.8101,8238.4004,6862.5698,7582.8101,8238.4004,6708.4502,7522.0801,8424.7402,6708.4502,7522.0801,8424.7402,6708.4502,7522.0801,8424.7402,953.45001,1049.24,1129.55,953.45001,1049.24,1129.55,953.45001,1049.24,1129.55,930.5,1038.54,1172.79,930.5,1038.54,1172.79,930.5,1038.54,1172.79,2432.9199,2689.6799,2925.9199,2432.9199,2689.6799,2925.9199,2432.9199,2689.6799,2925.9199,2375.6299,2669.6599,2982.05,2375.6299,2669.6599,2982.05,2375.6299,2669.6599,2982.05,272.32999,299.69,322.62,272.32999,299.69,322.62,272.32999,299.69,322.62,265.78,296.63,334.97,265.78,296.63,334.97,265.78,296.63,334.97,555316,609615.13,653820.5,555316,609615.13,653820.5,555316,609615.13,653820.5,535405.13,602050,677570.81,535405.13,602050,677570.81,535405.13,602050,677570.81,.94999999,.98000002,1.02,.94999999,.98000002,1.02,.94999999,.98000002,1.02,.94,.97000003,1.01,.94,.97000003,1.01,.94,.97000003,1.01,1.15,1.1799999,1.23,1.15,1.1799999,1.23,1.15,1.1799999,1.23,1.14,1.17,1.21,1.14,1.17,1.21,1.14,1.17,1.21,.1917696,.18997143,.19494966,.1917696,.18997143,.19494966,.1917696,.18997143,.19494966,.19279355,.19220109,.19083191,.19279355,.19220109,.19083191,.19279355,.19220109,.19083191,189.98169,68157.422,358.75784,62090.223,63160,63160,63160,161,161,161,1932074,1932074,1932074,11680,11680,11680,1.3784246,1.3784246,1.3784246,167.9077,7854.3999,46.77808,7531.271,,,,,,,,,,,,,,,,,,,,72.546585,30.590153,,,667.76306,370.91479,,,,,521.45911,318.99075,521.45911,318.99075,521.45911,318.99075,72.546585,30.590153,,,1,,2.3890646,2.3890646,2.3890646,1.0749689,1.0749689,1.0749689,1,,1,,21.99041,,,7.7267919,7.7267919,7.7267919,1,,1,,2.3890648,2.3890648,2.3890648,.84199113,.84199113,.84199113,1,,1,,28.968128,,,8.7801914,8.7801914,8.7801914,1,
05Apr2021,Iran,172,63332,344,860,126664,316660,13890,1945964,27780,69450,3891928,9729820,1658978,8409,1.2383009,223654,157.27678,15615.009,168.70255,6686.9453,39.637489,6817.6479,,,,,,,,,,,,,,,,,,,,,,,,31161.646,34672.371,27797.564,10723.509,11931.638,9565.8438,3496.2954,4019.5613,3081.1108,1190.3583,1338.5225,1070.5371,410.91913,,,151304.25,,,362.01141,362.01141,362.01141,151277.92,151277.92,151277.92,172,,,63332,,,151.5285,151.5285,151.5285,63320.984,63320.984,63320.984,91.183174,258446.45,232265.11,289972.03,56227016,64597052,48628280,410.91913,,,151304.25,,,362.01141,362.01141,362.01141,151277.92,151277.92,151277.92,91.183174,,,,,,,410.91913,,,151304.25,,,362.01141,362.01141,362.01141,151277.92,151277.92,151277.92,91.183174,,,,,,,.48746079,,,179.48759,,,.42944306,.42944306,.42944306,179.45638,179.45638,179.45638,.20403834,,,75.128815,,,.17975365,.17975365,.17975365,75.115746,75.115746,75.115746,16.477282,306.58713,275.52899,343.98495,.15899585,,,,,,,,,366.98276,119074.13,324.4679,133330.06,53361.441,51182.949,55767.078,53361.441,51182.949,55767.078,53361.441,51182.949,55767.078,53040.949,51967.012,54607.148,53040.949,51967.012,54607.148,53040.949,51967.012,54607.148,181.28,163.78999,197.49001,181.28,163.78999,197.49001,181.28,163.78999,197.49001,179.97,159.86,200.83,179.97,159.86,200.83,179.97,159.86,200.83,17053994,16596936,17620492,17053994,16596936,17620492,17053994,16596936,17620492,17068878,16694333,17500858,17068878,16694333,17500858,17068878,16694333,17500858,90012.477,82035.977,96543.797,90012.477,82035.977,96543.797,90012.477,82035.977,96543.797,88835,78857.172,99896.344,88835,78857.172,99896.344,88835,78857.172,99896.344,7156.8501,7902.48,8570.0098,7156.8501,7902.48,8570.0098,7156.8501,7902.48,8570.0098,7003.2002,7836.1899,8793.0596,7003.2002,7836.1899,8793.0596,7003.2002,7836.1899,8793.0596,985.94,1083.78,1165.29,985.94,1083.78,1165.29,985.94,1083.78,1165.29,959.33002,1072.26,1210.09,959.33002,1072.26,1210.09,959.33002,1072.26,1210.09,2543.26,2808.5801,3050.3999,2543.26,2808.5801,3050.3999,2543.26,2808.5801,3050.3999,2484.52,2786.6201,3118.4399,2484.52,2786.6201,3118.4399,2484.52,2786.6201,3118.4399,281.60999,309.54999,332.82001,281.60999,309.54999,332.82001,281.60999,309.54999,332.82001,274,306.26001,345.60999,274,306.26001,345.60999,274,306.26001,345.60999,553992.94,607973,651880.19,553992.94,607973,651880.19,553992.94,607973,651880.19,532462.44,599826.5,674376.19,532462.44,599826.5,674376.19,532462.44,599826.5,674376.19,.94999999,.98000002,1.02,.94999999,.98000002,1.02,.94999999,.98000002,1.02,.94,.97000003,1.01,.94,.97000003,1.01,.94,.97000003,1.01,1.15,1.1799999,1.23,1.15,1.1799999,1.23,1.15,1.1799999,1.23,1.14,1.17,1.21,1.14,1.17,1.21,1.14,1.17,1.21,.2013943,.19965629,.20456001,.2013943,.19965629,.20456001,.2013943,.19965629,.20456001,.20258906,.20272094,.20103839,.20258906,.20272094,.20103839,.20258906,.20272094,.20103839,189.98169,68157.422,358.75784,65035.621,63332,63332,63332,172,172,172,1945964,1945964,1945964,13890,13890,13890,1.2383009,1.2383009,1.2383009,167.9077,7854.3999,46.77808,8045.8296,,,,,,,,,,,,,,,,,,,,80.755814,30.726395,,,628.94727,371.61557,,,,,496.53839,319.59396,496.53839,319.59396,496.53839,319.59396,80.755814,30.726395,,,1,,2.3890648,2.3890648,2.3890648,1.0539535,1.0539535,1.0539535,1,,1,,18.606657,,,6.4803801,6.4803801,6.4803801,1,,1,,2.3890648,2.3890648,2.3890648,.84256679,.84256679,.84256679,1,,1,,28.894171,,,8.7637768,8.7637768,8.7637768,1,
06Apr2021,Iran,174,63506,348,870,127012,317530,17430,1963394,34860,87150,3926788,9816970,1667079,8101,.99827886,232809,168.0625,17017.982,168.70255,6686.9453,39.637489,6896.9233,,,,,,,,,,,,,,,,,,,,,,,,32216.309,35994.73,28654.045,11257.769,12578.112,10012.96,3589.1704,4137.5859,3152.4377,1238.1624,1394.0516,1111.045,415.69724,,,151719.94,,,393.60287,393.60287,393.60287,151671.53,151671.53,151671.53,174,,,63506,,,164.75186,164.75186,164.75186,63485.738,63485.738,63485.738,93.262291,259478.47,232434.83,291618.78,56486492,64888672,48860716,415.69724,,,151719.94,,,393.60287,393.60287,393.60287,151671.53,151671.53,151671.53,93.262291,,,,,,,415.69724,,,151719.94,,,393.60287,393.60287,393.60287,151671.53,151671.53,151671.53,93.262291,,,,,,,.49312893,,,179.98073,,,.46691903,.46691903,.46691903,179.92329,179.92329,179.92329,.20641088,,,75.335228,,,.1954401,.1954401,.1954401,75.311188,75.311188,75.311188,20.676676,307.81137,275.73032,345.93845,.1602049,,,,,,,,,366.98276,119074.13,324.4679,134880.41,53551.012,51386.93,55948.422,53551.012,51386.93,55948.422,53551.012,51386.93,55948.422,53229.078,52165.051,54788.699,53229.078,52165.051,54788.699,53229.078,52165.051,54788.699,189.57001,171.47,206.2,189.57001,171.47,206.2,189.57001,171.47,206.2,188.13,167.42999,210.31,188.13,167.42999,210.31,188.13,167.42999,210.31,17143278,16691057,17705166,17143278,16691057,17705166,17143278,16691057,17705166,17156896,16770425,17587394,17156896,16770425,17587394,17156896,16770425,17587394,89284.422,81395.609,95784.102,89284.422,81395.609,95784.102,89284.422,81395.609,95784.102,88018.367,77986.148,98867.273,88018.367,77986.148,98867.273,88018.367,77986.148,98867.273,7450.7202,8220.6299,8898.0303,7450.7202,8220.6299,8898.0303,7450.7202,8220.6299,8898.0303,7298,8148.48,9160.46,7298,8148.48,9160.46,7298,8148.48,9160.46,1013,1112.67,1194.77,1013,1112.67,1194.77,1013,1112.67,1194.77,982.65002,1100.27,1240.84,982.65002,1100.27,1240.84,982.65002,1100.27,1240.84,2652.8301,2927.77,3174.51,2652.8301,2927.77,3174.51,2652.8301,2927.77,3174.51,2594.1599,2903.76,3255.46,2594.1599,2903.76,3255.46,2594.1599,2903.76,3255.46,289.32999,317.79001,341.23999,289.32999,317.79001,341.23999,289.32999,317.79001,341.23999,280.66,314.25,354.39001,280.66,314.25,354.39001,280.66,314.25,354.39001,552576.56,606215.5,650296.75,552576.56,606215.5,650296.75,552576.56,606215.5,650296.75,529415.31,597483.06,671021.44,529415.31,597483.06,671021.44,529415.31,597483.06,671021.44,.94999999,.97000003,1.02,.94999999,.97000003,1.02,.94999999,.97000003,1.02,.94,.97000003,1.01,.94,.97000003,1.01,.94,.97000003,1.01,1.15,1.1799999,1.23,1.15,1.1799999,1.23,1.15,1.1799999,1.23,1.14,1.17,1.21,1.14,1.17,1.21,1.14,1.17,1.21,.21232148,.21066247,.21527581,.21232148,.21066247,.21527581,.21232148,.21066247,.21527581,.21373948,.21469197,.21271953,.21373948,.21469197,.21271953,.21373948,.21469197,.21271953,189.98169,68157.422,358.75784,68009.727,63506,63506,63506,174,174,174,1963394,1963394,1963394,17430,17430,17430,.99827886,.99827886,.99827886,167.9077,7854.3999,46.77808,8139.3857,,,,,,,,,,,,,,,,,,,,100.17242,30.91667,,,624.20062,372.30765,,,,,470.98392,320.12985,470.98392,320.12985,470.98392,320.12985,100.17242,30.91667,,,1,,2.3890646,2.3890646,2.3890646,1.0894828,1.0894828,1.0894828,1,,1,,14.886889,,,5.122457,5.122457,5.122457,1,,1,,2.3890646,2.3890646,2.3890646,.84324336,.84324336,.84324336,1,,1,,28.769819,,,8.731451,8.731451,8.731451,1,
07Apr2021,Iran,193,63699,386,965,127398,318495,20954,1984348,41908,104770,3968696,9921740,1675891,8812,.92106521,244758,179.53571,18375.615,168.70255,6686.9453,39.637489,7650.0356,,,,,,,,,,,,,,,,,,,,,,,,33146.066,37298.434,29415.916,11830.882,13312.992,10499.473,3679.7427,4249.2148,3223.9001,1285.4401,1447.9172,1154.1821,461.08948,,,152181.03,,,427.7883,427.7883,427.7883,152099.31,152099.31,152099.31,193,,,63699,,,179.06099,179.06099,179.06099,63664.797,63664.797,63664.797,95.520279,259923.56,232825.44,293204.66,56746416,65181876,49093540,461.08948,,,152181.03,,,427.7883,427.7883,427.7883,152099.31,152099.31,152099.31,95.520279,,,,,,,461.08948,,,152181.03,,,427.7883,427.7883,427.7883,152099.31,152099.31,152099.31,95.520279,,,,,,,.54697633,,,180.52769,,,.50747216,.50747216,.50747216,180.43077,180.43077,180.43077,.22894999,,,75.564178,,,.21241458,.21241458,.21241458,75.523605,75.523605,75.523605,24.85709,308.33939,276.1937,347.81973,.17739426,,,,,,,,,366.98276,119074.13,324.4679,149608.73,53748.91,51599.578,56137.539,53748.91,51599.578,56137.539,53748.91,51599.578,56137.539,53425.398,52371.578,54978.391,53425.398,52371.578,54978.391,53425.398,52371.578,54978.391,197.89999,179.19,214.89999,197.89999,179.19,214.89999,197.89999,179.19,214.89999,196.32001,175.07001,219.87,196.32001,175.07001,219.87,196.32001,175.07001,219.87,17231820,16783290,17788798,17231820,16783290,17788798,17231820,16783290,17788798,17244084,16846242,17673220,17244084,16846242,17673220,17244084,16846242,17673220,88542.102,80736.172,95167.156,88542.102,80736.172,95167.156,88542.102,80736.172,95167.156,87187.672,77104.242,97819.227,87187.672,77104.242,97819.227,87187.672,77104.242,97819.227,7738.2002,8530.54,9215.04,7738.2002,8530.54,9215.04,7738.2002,8530.54,9215.04,7587.1001,8452.1904,9519,7587.1001,8452.1904,9519,7587.1001,8452.1904,9519,1033.27,1134.3199,1217.12,1033.27,1134.3199,1217.12,1033.27,1134.3199,1217.12,999.39001,1120.97,1263.22,999.39001,1120.97,1263.22,999.39001,1120.97,1263.22,2761.2,3045.26,3296.05,2761.2,3045.26,3296.05,2761.2,3045.26,3296.05,2702.8501,3019.0801,3390.75,2702.8501,3019.0801,3390.75,2702.8501,3019.0801,3390.75,295.12,323.98001,347.62,295.12,323.98001,347.62,295.12,323.98001,347.62,285.44,320.16,360.78,285.44,320.16,360.78,285.44,320.16,360.78,550887.75,604351.19,649755.81,550887.75,604351.19,649755.81,550887.75,604351.19,649755.81,526285.75,595033.81,667528.75,526285.75,595033.81,667528.75,526285.75,595033.81,667528.75,.94999999,.97000003,1.02,.94999999,.97000003,1.02,.94999999,.97000003,1.02,.94,.97000003,1,.94,.97000003,1,.94,.97000003,1,1.15,1.1799999,1.23,1.15,1.1799999,1.23,1.15,1.1799999,1.23,1.14,1.17,1.21,1.14,1.17,1.21,1.14,1.17,1.21,.22350949,.22194514,.2258132,.22350949,.22194514,.2258132,.22350949,.22194514,.2258132,.22516945,.22705626,.22477175,.22516945,.22705626,.22477175,.22516945,.22705626,.22477175,189.98169,68157.422,358.75784,70998.172,63699,63699,63699,193,193,193,1984348,1984348,1984348,20954,20954,20954,.92106521,.92106521,.92106521,167.9077,7854.3999,46.77808,9028.1699,,,,,,,,,,,,,,,,,,,,108.56995,31.151949,,,563.71613,372.88757,,,,,447.40829,320.59851,447.40829,320.59851,447.40829,320.59851,108.56995,31.151949,,,1,,2.3890646,2.3890646,2.3890646,1.0253886,1.0253886,1.0253886,1,,1,,12.404484,,,4.2255464,4.2255464,4.2255464,1,,1,,2.3890648,2.3890648,2.3890648,.84379518,.84379518,.84379518,1,,1,,28.597008,,,8.6838703,8.6838703,8.6838703,1,
08Apr2021,Iran,185,63884,370,925,127768,319420,22586,2006934,45172,112930,4013868,10034670,1684570,8679,.8190915,258480,192.17857,19646.09,168.70255,6686.9453,39.637489,7332.9355,,,,,,,,,,,,,,,,,,,,,,,,34225.785,38701.004,30299.551,12410.036,14032.721,10986.411,3785.4126,4374.2261,3320.5535,1331.2821,1498.9338,1198.3428,441.97696,,,152623,,,464.11914,464.11914,464.11914,152563.44,152563.44,152563.44,185,,,63884,,,194.26814,194.26814,194.26814,63859.066,63859.066,63859.066,97.981194,259766,232828.13,294074.75,57006184,65475952,49326368,441.97696,,,152623,,,464.11914,464.11914,464.11914,152563.44,152563.44,152563.44,97.981194,,,,,,,441.97696,,,152623,,,464.11914,464.11914,464.11914,152563.44,152563.44,152563.44,97.981194,,,,,,,.52430373,,,181.052,,,.55057037,.55057037,.55057037,180.98134,180.98134,180.98134,.21945985,,,75.783638,,,.23045436,.23045436,.23045436,75.754059,75.754059,75.754059,26.793081,308.15247,276.19687,348.85187,.17014427,,,,,,,,,366.98276,119074.13,324.4679,143407.33,53955.102,51820.84,56334.398,53955.102,51820.84,56334.398,53955.102,51820.84,56334.398,53629.859,52586.512,55176.219,53629.859,52586.512,55176.219,53629.859,52586.512,55176.219,206.19,186.82001,223.50999,206.19,186.82001,223.50999,206.19,186.82001,223.50999,204.47,182.72,229.41,204.47,182.72,229.41,204.47,182.72,229.41,17319732,16873598,17871506,17319732,16873598,17871506,17319732,16873598,17871506,17330554,16921872,17758732,17330554,16921872,17758732,17330554,16921872,17758732,87912.344,80036.094,94683.977,87912.344,80036.094,94683.977,87912.344,80036.094,94683.977,86470.891,76327.039,96898.398,86470.891,76327.039,96898.398,86470.891,76327.039,96898.398,8013.0898,8825.2402,9513.4004,8013.0898,8825.2402,9513.4004,8013.0898,8825.2402,9513.4004,7850.8901,8740.3096,9860.3896,7850.8901,8740.3096,9860.3896,7850.8901,8740.3096,9860.3896,1047.11,1148.96,1231.76,1047.11,1148.96,1231.76,1047.11,1148.96,1231.76,1009.78,1134.61,1277.53,1009.78,1134.61,1277.53,1009.78,1134.61,1277.53,2866.54,3158.95,3412.6899,2866.54,3158.95,3412.6899,2866.54,3158.95,3412.6899,2808.78,3130.47,3521.8301,2808.78,3130.47,3521.8301,2808.78,3130.47,3521.8301,299.07001,328.16,351.81,299.07001,328.16,351.81,299.07001,328.16,351.81,288.41,324.07001,364.87,288.41,324.07001,364.87,288.41,324.07001,364.87,548339.63,602383.19,648675.63,548339.63,602383.19,648675.63,548339.63,602383.19,648675.63,523085.66,592485.44,663910.25,523085.66,592485.44,663910.25,523085.66,592485.44,663910.25,.94,.97000003,1.02,.94,.97000003,1.02,.94,.97000003,1.02,.94,.97000003,1,.94,.97000003,1,.94,.97000003,1,1.15,1.1799999,1.23,1.15,1.1799999,1.23,1.15,1.1799999,1.23,1.14,1.17,1.21,1.14,1.17,1.21,1.14,1.17,1.21,.23454045,.2334197,.23605895,.23454045,.2334197,.23605895,.23454045,.2334197,.23605895,.23646107,.23939092,.23675314,.23646107,.23939092,.23675314,.23646107,.23939092,.23675314,189.98169,68157.422,358.75784,73972.281,63884,63884,63884,185,185,185,2006934,2006934,2006934,22586,22586,22586,.8190915,.8190915,.8190915,167.9077,7854.3999,46.77808,8653.9443,,,,,,,,,,,,,,,,,,,,122.08649,31.415283,,,587.73651,373.5098,,,,,426.36569,321.00269,426.36569,321.00269,426.36569,321.00269,122.08649,31.415283,,,1,,2.3890646,2.3890646,2.3890646,1.1145406,1.1145406,1.1145406,1,,1,,11.501196,,,3.8923378,3.8923378,3.8923378,1,,1,,2.3890646,2.3890646,2.3890646,.84457928,.84457928,.84457928,1,,1,,28.404613,,,8.6299458,8.6299458,8.6299458,1,
09Apr2021,Iran,155,64039,310,775,128078,320195,22478,2029412,44956,112390,4058824,10147060,1693005,8435,.68956316,272368,206.33928,20778.955,168.70255,6686.9453,39.637489,6143.811,,,,,,,,,,,,,,,,,,,,,,,,35363.566,40161.75,31306.996,13034.736,14803.309,11539.516,3870.5928,4470.3618,3402.188,1374.7091,1545.8561,1241.4182,370.30502,,,152993.31,,,502.005,502.005,502.005,153065.44,153065.44,153065.44,155,,,64039,,,210.12616,210.12616,210.12616,64069.191,64069.191,64069.191,100.67113,258995.67,232430.41,294099.19,57265180,65770052,49558800,370.30502,,,152993.31,,,502.005,502.005,502.005,153065.44,153065.44,153065.44,100.67113,,,,,,,370.30502,,,152993.31,,,502.005,502.005,502.005,153065.44,153065.44,153065.44,100.67113,,,,,,,.43928152,,,181.49129,,,.59551316,.59551316,.59551316,181.57686,181.57686,181.57686,.18387176,,,75.967506,,,.24926624,.24926624,.24926624,76.003326,76.003326,76.003326,26.664965,307.23865,275.7251,348.88089,.1429773,,,,,,,,,366.98276,119074.13,324.4679,120152.09,54169.441,52050.488,56538.809,54169.441,52050.488,56538.809,54169.441,52050.488,56538.809,53842.32,52809.648,55382.051,53842.32,52809.648,55382.051,53842.32,52809.648,55382.051,214.34,194.35001,231.89999,214.34,194.35001,231.89999,214.34,194.35001,231.89999,212.46001,190.27,238.8,212.46001,190.27,238.8,212.46001,190.27,238.8,17407122,16963318,17953408,17407122,16963318,17953408,17407122,16963318,17953408,17416418,16997402,17843828,17416418,16997402,17843828,17416418,16997402,17843828,87390.328,79442.211,94070.359,87390.328,79442.211,94070.359,87390.328,79442.211,94070.359,85863.594,75651.328,96100.438,85863.594,75651.328,96100.438,85863.594,75651.328,96100.438,8270.2803,9099,9793.1201,8270.2803,9099,9793.1201,8270.2803,9099,9793.1201,8083.4399,9007.1104,10170.95,8083.4399,9007.1104,10170.95,8083.4399,9007.1104,10170.95,1055.59,1157.77,1240.54,1055.59,1157.77,1240.54,1055.59,1157.77,1240.54,1014.9,1142.37,1285.11,1014.9,1142.37,1285.11,1014.9,1142.37,1285.11,2967.24,3267.0601,3522.51,2967.24,3267.0601,3522.51,2967.24,3267.0601,3522.51,2908.48,3236.1299,3646.5901,2908.48,3236.1299,3646.5901,2908.48,3236.1299,3646.5901,301.51001,330.69,354.34,301.51001,330.69,354.34,301.51001,330.69,354.34,289.89001,326.29999,367.04999,289.89001,326.29999,367.04999,289.89001,326.29999,367.04999,545712.19,600311.44,646096.25,545712.19,600311.44,646096.25,545712.19,600311.44,646096.25,519820.16,589840.06,660171.13,519820.16,589840.06,660171.13,519820.16,589840.06,660171.13,.94,.97000003,1.02,.94,.97000003,1.02,.94,.97000003,1.02,.94,.95999998,1,.94,.95999998,1,.94,.95999998,1,1.15,1.1799999,1.23,1.15,1.1799999,1.23,1.15,1.1799999,1.23,1.14,1.17,1.21,1.14,1.17,1.21,1.14,1.17,1.21,.24526741,.24464326,.2465176,.24526741,.24464326,.2465176,.24526741,.24464326,.2465176,.24743898,.25150913,.24849002,.24743898,.25150913,.24849002,.24743898,.25150913,.24849002,189.98169,68157.422,358.75784,76896.156,64039,64039,64039,155,155,155,2029412,2029412,2029412,22478,22478,22478,.68956316,.68956316,.68956316,167.9077,7854.3999,46.77808,7250.6025,,,,,,,,,,,,,,,,,,,,145.01935,31.69025,,,699.41174,374.29858,,,,,407.71826,321.34579,407.71826,321.34579,407.71826,321.34579,145.01935,31.69025,,,1,,2.3890646,2.3890646,2.3890646,1.3828387,1.3828387,1.3828387,1,,1,,11.522185,,,3.887816,3.887816,3.887816,1,,1,,2.3890648,2.3890648,2.3890648,.84588206,.84588206,.84588206,1,,1,,28.217621,,,8.5774212,8.5774212,8.5774212,1,
10Apr2021,Iran,193,64232,386,965,128464,321160,19666,2049078,39332,98330,4098156,10245390,1702062,9057,.98138922,282784,222.55357,21727.58,168.70255,6686.9453,39.637489,7650.0356,,,,,,,,,,,,,,,,,,,,,,,,36257.086,41332.52,32117.605,13677.999,15592.708,12116.378,3951.4048,4555.1577,3483.0142,1415.3152,1588.0603,1283.0022,461.08948,,,153454.41,,,541.13214,541.13214,541.13214,153606.58,153606.58,153606.58,193,,,64232,,,226.50377,226.50377,226.50377,64295.695,64295.695,64295.695,103.59972,257608.58,231417.94,289435.25,57522788,66059488,49790216,461.08948,,,153454.41,,,541.13214,541.13214,541.13214,153606.58,153606.58,153606.58,103.59972,,,,,,,461.08948,,,153454.41,,,541.13214,541.13214,541.13214,153606.58,153606.58,153606.58,103.59972,,,,,,,.54697633,,,182.03827,,,.64192849,.64192849,.64192849,182.21878,182.21878,182.21878,.22894999,,,76.196457,,,.26869449,.26869449,.26869449,76.272018,76.272018,76.272018,23.329174,305.5932,274.52402,343.34818,.1789884,,,,,,,,,366.98276,119074.13,324.4679,149608.73,54391.648,52288.23,56750.469,54391.648,52288.23,56750.469,54391.648,52288.23,56750.469,54062.488,53039.84,55595.641,54062.488,53039.84,55595.641,54062.488,53039.84,55595.641,222.21001,201.66,239.96001,222.21001,201.66,239.96001,222.21001,201.66,239.96001,220.17,197.63,247.89,220.17,197.63,247.89,220.17,197.63,247.89,17494060,17052520,18034580,17494060,17052520,18034580,17494060,17052520,18034580,17501746,17072882,17928498,17501746,17072882,17928498,17501746,17072882,17928498,86938.109,78918.539,93601.047,86938.109,78918.539,93601.047,86938.109,78918.539,93601.047,85327.891,75480.258,95382.727,85327.891,75480.258,95382.727,85327.891,75480.258,95382.727,8502.4404,9347.9697,10048.11,8502.4404,9347.9697,10048.11,8502.4404,9347.9697,10048.11,8291.0898,9248.7402,10437.5,8291.0898,9248.7402,10437.5,8291.0898,9248.7402,10437.5,1060.01,1162.16,1245.79,1060.01,1162.16,1245.79,1060.01,1162.16,1245.79,1016.04,1145.6899,1287.59,1016.04,1145.6899,1287.59,1016.04,1145.6899,1287.59,3062.1699,3368.29,3624.3501,3062.1699,3368.29,3624.3501,3062.1699,3368.29,3624.3501,2995.97,3334.79,3763.5,2995.97,3334.79,3763.5,2995.97,3334.79,3763.5,302.79001,331.97,355.85999,302.79001,331.97,355.85999,302.79001,331.97,355.85999,290.23001,327.26001,367.78,290.23001,327.26001,367.78,290.23001,327.26001,367.78,543005.81,598135.25,643883.19,543005.81,598135.25,643883.19,543005.81,598135.25,643883.19,519236.72,587098.06,656313.56,519236.72,587098.06,656313.56,519236.72,587098.06,656313.56,.94,.97000003,1.01,.94,.97000003,1.01,.94,.97000003,1.01,.94,.95999998,1,.94,.95999998,1,.94,.95999998,1,1.15,1.1799999,1.23,1.15,1.1799999,1.23,1.15,1.1799999,1.23,1.14,1.17,1.21,1.14,1.17,1.21,1.14,1.17,1.21,.25559562,.25552931,.25636467,.25559562,.25552931,.25636467,.25559562,.25552931,.25636467,.25802818,.26183006,.25988981,.25802818,.26183006,.25988981,.25802818,.26183006,.25988981,189.98169,68157.422,358.75784,79719.586,64232,64232,64232,193,193,193,2049078,2049078,2049078,19666,19666,19666,.98138922,.98138922,.98138922,167.9077,7854.3999,46.77808,9028.1699,,,,,,,,,,,,,,,,,,,,101.89637,31.901201,,,558.69543,374.85263,,,,,391.24301,321.63135,391.24301,321.63135,391.24301,321.63135,101.89637,31.901201,,,1,,2.3890646,2.3890646,2.3890646,1.1513472,1.1513472,1.1513472,1,,1,,13.099185,,,4.4207315,4.4207315,4.4207315,1,,1,,2.3890648,2.3890648,2.3890648,.84679985,.84679985,.84679985,1,,1,,28.072523,,,8.537528,8.537528,8.537528,1,
11Apr2021,Iran,258,64490,516,1290,128980,322450,21063,2070141,42126,105315,4140282,10350705,1710974,8912,1.2248968,294677,240.19643,22472.357,168.70255,6686.9453,39.637489,10226.473,,,,,,,,,,,,,,,,,,,,,,,,37446.473,42823.641,33192.227,14322.382,16379.02,12695.233,4027.1179,4628.1133,3562.446,1458.5409,1631.6416,1327.8174,616.37866,,,154070.78,,,581.34039,581.34039,581.34039,154187.92,154187.92,154187.92,258,,,64490,,,243.33389,243.33389,243.33389,64539.031,64539.031,64539.031,106.74509,255608,229632.77,286085.47,57778396,66345572,50019852,616.37866,,,154070.78,,,581.34039,581.34039,581.34039,154187.92,154187.92,154187.92,106.74509,,,,,,,616.37866,,,154070.78,,,581.34039,581.34039,581.34039,154187.92,154187.92,154187.92,106.74509,,,,,,,.73119116,,,182.76945,,,.68962634,.68962634,.68962634,182.90842,182.90842,182.90842,.30605751,,,76.502518,,,.28865957,.28865957,.28865957,76.560677,76.560677,76.560677,24.986393,303.21994,272.40634,339.37445,.24114217,,,,,,,,,366.98276,119074.13,324.4679,199995.09,54621.359,52533.602,56968.969,54621.359,52533.602,56968.969,54621.359,52533.602,56968.969,54289.98,53270.871,55816.629,54289.98,53270.871,55816.629,54289.98,53270.871,55816.629,229.71001,208.64999,247.53999,229.71001,208.64999,247.53999,229.71001,208.64999,247.53999,227.49001,204.39,256.54001,227.49001,204.39,256.54001,227.49001,204.39,256.54001,17580582,17141240,18115062,17580582,17141240,18115062,17580582,17141240,18115062,17586574,17148340,18012774,17586574,17148340,18012774,17586574,17148340,18012774,86520.891,78275.258,93174.43,86520.891,78275.258,93174.43,86520.891,78275.258,93174.43,84828.891,75457.469,94705.883,84828.891,75457.469,94705.883,84828.891,75457.469,94705.883,8708.29,9570.1504,10272.43,8708.29,9570.1504,10272.43,8708.29,9570.1504,10272.43,8469.1104,9463.2002,10672.61,8469.1104,9463.2002,10672.61,8469.1104,9463.2002,10672.61,1061.52,1163.38,1249.02,1061.52,1163.38,1249.02,1061.52,1163.38,1249.02,1014.35,1145.8199,1286.42,1014.35,1145.8199,1286.42,1014.35,1145.8199,1286.42,3149.05,3461.8401,3720.52,3149.05,3461.8401,3720.52,3149.05,3461.8401,3720.52,3075.1399,3425.6201,3865.8701,3075.1399,3425.6201,3865.8701,3075.1399,3425.6201,3865.8701,303.25,332.35001,356.82001,303.25,332.35001,356.82001,303.25,332.35001,356.82001,289.78,327.32999,367.48001,289.78,327.32999,367.48001,289.78,327.32999,367.48001,539262.69,595854.31,641557.13,539262.69,595854.31,641557.13,539262.69,595854.31,641557.13,519527.72,584259.81,652339.31,519527.72,584259.81,652339.31,519527.72,584259.81,652339.31,.94,.97000003,1.01,.94,.97000003,1.01,.94,.97000003,1.01,.94,.95999998,1,.94,.95999998,1,.94,.95999998,1,1.15,1.1799999,1.23,1.15,1.1799999,1.23,1.15,1.1799999,1.23,1.14,1.17,1.21,1.14,1.17,1.21,1.14,1.17,1.21,.26549658,.26655933,.26567373,.26549658,.26655933,.26567373,.26549658,.26655933,.26567373,.26817515,.27086782,.27088076,.26817515,.27086782,.27088076,.26817515,.27086782,.27088076,189.98169,68157.422,358.75784,82410.266,64490,64490,64490,258,258,258,2070141,2070141,2070141,21063,21063,21063,1.2248968,1.2248968,1.2248968,167.9077,7854.3999,46.77808,12068.745,,,,,,,,,,,,,,,,,,,,81.639534,32.100185,,,414.69315,375.01202,,,,,376.65268,321.86276,376.65268,321.86276,376.65268,321.86276,81.639534,32.100185,,,1,,2.3890646,2.3890646,2.3890646,.89034885,.89034885,.89034885,1,,1,,12.135404,,,4.1077194,4.1077194,4.1077194,1,,1,,2.3890648,2.3890648,2.3890648,.84697407,.84697407,.84697407,1,,1,,27.910368,,,8.4924564,8.4924564,8.4924564,1,
12Apr2021,Iran,274,64764,548,1370,129528,323820,23311,2093452,46622,116555,4186904,10467260,1720084,9110,1.1754107,308604,259.22321,23009.455,168.70255,6686.9453,39.637489,10860.672,,,,,,,,,,,,,,,,,,,,,,,,38674.727,44289.281,34251.504,14940.757,17109.764,13231.985,4096.6797,4687.3823,3639.5774,1494.0647,1665.4598,1363.979,654.6037,,,154725.39,,,622.45142,622.45142,622.45142,154810.38,154810.38,154810.38,274,,,64764,,,260.5419,260.5419,260.5419,64799.574,64799.574,64799.574,110.04949,253004.84,227400.33,283597.66,58031400,66629168,50247252,654.6037,,,154725.39,,,622.45142,622.45142,622.45142,154810.38,154810.38,154810.38,110.04949,,,,,,,654.6037,,,154725.39,,,622.45142,622.45142,622.45142,154810.38,154810.38,154810.38,110.04949,,,,,,,.77653635,,,183.54599,,,.73839509,.73839509,.73839509,183.6468,183.6468,183.6468,.32503781,,,76.827553,,,.30907288,.30907288,.30907288,76.869751,76.869751,76.869751,27.653126,300.1319,269.75806,336.42322,.25873169,,,,,,,,,366.98276,119074.13,324.4679,212397.89,54858.078,52786.09,57193.781,54858.078,52786.09,57193.781,54858.078,52786.09,57193.781,54524.301,53503.648,56044.57,54524.301,53503.648,56044.57,54524.301,53503.648,56044.57,236.72,215.24001,254.69,236.72,215.24001,254.69,236.72,215.24001,254.69,234.32001,210.36,264.62,234.32001,210.36,264.62,234.32001,210.36,264.62,17666698,17229490,18194874,17666698,17229490,18194874,17666698,17229490,18194874,17670918,17223782,18096668,17670918,17223782,18096668,17670918,17223782,18096668,86115.578,77618.523,92802.406,86115.578,77618.523,92802.406,86115.578,77618.523,92802.406,84343.422,75442.523,94043.656,84343.422,75442.523,94043.656,84343.422,75442.523,94043.656,8889.3301,9765.0195,10469.23,8889.3301,9765.0195,10469.23,8889.3301,9765.0195,10469.23,8621.9297,9650.0098,10875.76,8621.9297,9650.0098,10875.76,8621.9297,9650.0098,10875.76,1059.66,1162.41,1252.78,1059.66,1162.41,1252.78,1059.66,1162.41,1252.78,1010.71,1143.75,1282.72,1010.71,1143.75,1282.72,1010.71,1143.75,1282.72,3227.9399,3547.3201,3807.3899,3227.9399,3547.3201,3807.3899,3227.9399,3547.3201,3807.3899,3144.1399,3508.26,3956.72,3144.1399,3508.26,3956.72,3144.1399,3508.26,3956.72,302.76001,332.12,357.95001,302.76001,332.12,357.95001,302.76001,332.12,357.95001,288.78,326.79001,366.47,288.78,326.79001,366.47,288.78,326.79001,366.47,535151.13,593469.63,639429.81,535151.13,593469.63,639429.81,535151.13,593469.63,639429.81,519732.63,581326.63,648250.75,519732.63,581326.63,648250.75,519732.63,581326.63,648250.75,.94,.97000003,1.01,.94,.97000003,1.01,.94,.97000003,1.01,.94,.95999998,1,.94,.95999998,1,.94,.95999998,1,1.15,1.1799999,1.23,1.15,1.1799999,1.23,1.15,1.1799999,1.23,1.14,1.17,1.21,1.14,1.17,1.21,1.14,1.17,1.21,.2748864,.27730495,.27444333,.2748864,.27730495,.27444333,.2748864,.27730495,.27444333,.27781656,.27883479,.28137994,.27781656,.27883479,.28137994,.27781656,.27883479,.28137994,189.98169,68157.422,358.75784,84925.156,64764,64764,64764,274,274,274,2093452,2093452,2093452,23311,23311,23311,1.1754107,1.1754107,1.1754107,167.9077,7854.3999,46.77808,12817.194,,,,,,,,,,,,,,,,,,,,85.076645,32.324314,,,386.50079,375.06061,,,,,363.78665,322.0437,363.78665,322.0437,363.78665,322.0437,85.076645,32.324314,,,1,,2.3890646,2.3890646,2.3890646,.86394161,.86394161,.86394161,1,,1,,10.853453,,,3.6942036,3.6942036,3.6942036,1,,1,,2.3890648,2.3890648,2.3890648,.84704584,.84704584,.84704584,1,,1,,27.720434,,,8.4390268,8.4390268,8.4390268,1,
13Apr2021,Iran,291,65055,582,1455,130110,325275,24760,2118212,49520,123800,4236424,10591060,1729293,9209,1.1752827,323864,279.17856,23387.393,168.70255,6686.9453,39.637489,11534.51,,,,,,,,,,,,,,,,,,,,,,,,39804.586,45589.957,35151,15497.917,17750.451,13686.043,4159.7466,4748.9707,3708.8342,1526.7809,1697.2998,1396.9506,695.21783,,,155420.59,,,664.26892,664.26892,664.26892,155474.64,155474.64,155474.64,291,,,65055,,,278.04562,278.04562,278.04562,65077.617,65077.617,65077.617,113.42652,249816.25,223996.05,282381.75,58281216,66911552,50471248,695.21783,,,155420.59,,,664.26892,664.26892,664.26892,155474.64,155474.64,155474.64,113.42652,,,,,,,695.21783,,,155420.59,,,664.26892,664.26892,664.26892,155474.64,155474.64,155474.64,113.42652,,,,,,,.82471561,,,184.37071,,,.78800195,.78800195,.78800195,184.43481,184.43481,184.43481,.34520441,,,77.17276,,,.32983702,.32983702,.32983702,77.199585,77.199585,77.199585,29.37203,296.3494,265.71967,334.98087,.27829167,,,,,,,,,366.98276,119074.13,324.4679,225575.88,55101.262,53045.078,57426.398,55101.262,53045.078,57426.398,55101.262,53045.078,57426.398,54764.898,53742.5,56278.93,54764.898,53742.5,56278.93,54764.898,53742.5,56278.93,243.19,221.28,261.32001,243.19,221.28,261.32001,243.19,221.28,261.32001,240.60001,215.8,271.54999,240.60001,215.8,271.54999,240.60001,215.8,271.54999,17752406,17317268,18274024,17752406,17317268,18274024,17752406,17317268,18274024,17754776,17299208,18180182,17754776,17299208,18180182,17754776,17299208,18180182,85709.422,76967.813,92426.602,85709.422,76967.813,92426.602,85709.422,76967.813,92426.602,83858.633,75425.461,93381.578,83858.633,75425.461,93381.578,83858.633,75425.461,93381.578,9046.0898,9933.1602,10641.5,9046.0898,9933.1602,10641.5,9046.0898,9933.1602,10641.5,8750.2002,9809.7803,11047.69,8750.2002,9809.7803,11047.69,8750.2002,9809.7803,11047.69,1056.03,1159.9301,1248.7,1056.03,1159.9301,1248.7,1056.03,1159.9301,1248.7,1005.76,1140.1801,1277.29,1005.76,1140.1801,1277.29,1005.76,1140.1801,1277.29,3299.46,3624.6499,3885.28,3299.46,3624.6499,3885.28,3299.46,3624.6499,3885.28,3205.5701,3582.6299,4037.97,3205.5701,3582.6299,4037.97,3205.5701,3582.6299,4037.97,301.78,331.47,356.82001,301.78,331.47,356.82001,301.78,331.47,356.82001,287.41,325.82999,364.98999,287.41,325.82999,364.98999,287.41,325.82999,364.98999,530981.13,590983.13,637174.69,530981.13,590983.13,637174.69,530981.13,590983.13,637174.69,519851.72,578300.75,644051.31,519851.72,578300.75,644051.31,519851.72,578300.75,644051.31,.94,.97000003,1.01,.94,.97000003,1.01,.94,.97000003,1.01,.94,.95999998,1,.94,.95999998,1,.94,.95999998,1,1.15,1.1799999,1.23,1.15,1.1799999,1.23,1.15,1.1799999,1.23,1.14,1.17,1.21,1.14,1.17,1.21,1.14,1.17,1.21,.28373778,.28749681,.28273246,.28373778,.28749681,.28273246,.28373778,.28749681,.28273246,.28691143,.28611028,.2907961,.28691143,.28611028,.2907961,.28691143,.28611028,.2907961,189.98169,68157.422,358.75784,87246.32,65055,65055,65055,291,291,291,2118212,2118212,2118212,24760,24760,24760,1.1752827,1.1752827,1.1752827,167.9077,7854.3999,46.77808,13612.421,,,,,,,,,,,,,,,,,,,,85.085907,32.560326,,,359.33521,374.9903,,,,,352.43811,322.17786,352.43811,322.17786,352.43811,322.17786,85.085907,32.560326,,,1,,2.3890648,2.3890648,2.3890648,.83570451,.83570451,.83570451,1,,1,,10.089509,,,3.4616084,3.4616084,3.4616084,1,,1,,2.3890646,2.3890646,2.3890646,.84699506,.84699506,.84699506,1,,1,,27.514345,,,8.3808451,8.3808451,8.3808451,1,
14Apr2021,Iran,304,65359,608,1520,130718,326795,25582,2143794,51164,127910,4287588,10718970,1739002,9709,1.1883355,339433,298.8125,23647.125,168.70255,6686.9453,39.637489,12049.797,,,,,,,,,,,,,,,,,,,,,,,,40590.117,46458.582,35757.984,16130.818,18462.99,14210.492,4215.3525,4789.9336,3765.4141,1556.3778,1721.2954,1432.7939,726.27563,,,156146.88,,,706.58038,706.58038,706.58038,156181.22,156181.22,156181.22,304,,,65359,,,295.75607,295.75607,295.75607,65373.375,65373.375,65373.375,116.77643,246066.36,220802.16,280251.09,58527284,67191800,50692048,726.27563,,,156146.88,,,706.58038,706.58038,706.58038,156181.22,156181.22,156181.22,116.77643,,,,,,,726.27563,,,156146.88,,,706.58038,706.58038,706.58038,156181.22,156181.22,156181.22,116.77643,,,,,,,.86155862,,,185.23227,,,.83819473,.83819473,.83819473,185.27299,185.27299,185.27299,.36062589,,,77.533386,,,.35084641,.35084641,.35084641,77.550438,77.550438,77.550438,30.347145,291.901,261.93085,332.45331,.29515439,,,,,,,,,366.98276,119074.13,324.4679,235653.13,55350.328,53309.93,57665,55350.328,53309.93,57665,55350.328,53309.93,57665,55011.172,53965.211,56519.141,55011.172,53965.211,56519.141,55011.172,53965.211,56519.141,249.07001,226.72,267.26999,249.07001,226.72,267.26999,249.07001,226.72,267.26999,246.27,220.52,277.78,246.27,220.52,277.78,246.27,220.52,277.78,17837702,17400244,18352508,17837702,17400244,18352508,17837702,17400244,18352508,17838144,17374608,18263306,17838144,17374608,18263306,17838144,17374608,18263306,85296.391,76317.008,92040.57,85296.391,76317.008,92040.57,85296.391,76317.008,92040.57,83368.492,75261.133,92712.859,83368.492,75261.133,92712.859,83368.492,75261.133,92712.859,9179.7402,10075.89,10785.79,9179.7402,10075.89,10785.79,9179.7402,10075.89,10785.79,8855.2305,9943.8799,11189.99,8855.2305,9943.8799,11189.99,8855.2305,9943.8799,11189.99,1051.45,1156.42,1244.61,1051.45,1156.42,1244.61,1051.45,1156.42,1244.61,1001.28,1135.59,1270.67,1001.28,1135.59,1270.67,1001.28,1135.59,1270.67,3363.75,3693.98,3956.4199,3363.75,3693.98,3956.4199,3363.75,3693.98,3956.4199,3259.5901,3648.8899,4109.8198,3259.5901,3648.8899,4109.8198,3259.5901,3648.8899,4109.8198,300.54001,330.54001,355.75,300.54001,330.54001,355.75,300.54001,330.54001,355.75,286.22,324.57999,363.17999,286.22,324.57999,363.17999,286.22,324.57999,363.17999,526756.06,588397.75,634794.88,526756.06,588397.75,634794.88,526756.06,588397.75,634794.88,519138.91,575185.5,639745.56,519138.91,575185.5,639745.56,519138.91,575185.5,639745.56,.94,.97000003,1.01,.94,.97000003,1.01,.94,.97000003,1.01,.94,.95999998,1,.94,.95999998,1,.94,.95999998,1,1.15,1.1799999,1.23,1.15,1.1799999,1.23,1.15,1.1799999,1.23,1.14,1.17,1.21,1.14,1.17,1.21,1.14,1.17,1.21,.29200533,.29707664,.2903828,.29200533,.29707664,.2903828,.29200533,.29707664,.2903828,.29539937,.29300648,.29961324,.29539937,.29300648,.29961324,.29539937,.29300648,.29961324,189.98169,68157.422,358.75784,89355.82,65359,65359,65359,304,304,304,2143794,2143794,2143794,25582,25582,25582,1.1883355,1.1883355,1.1883355,167.9077,7854.3999,46.77808,14220.536,,,,,,,,,,,,,,,,,,,,84.151314,32.800289,,,338.80576,374.82199,,,,,342.4595,322.26913,342.4595,322.26913,342.4595,322.26913,84.151314,32.800289,,,1,,2.3890646,2.3890646,2.3890646,.81930923,.81930923,.81930923,1,,1,,9.6187305,,,3.3342347,3.3342347,3.3342347,1,,1,,2.3890646,2.3890646,2.3890646,.84686619,.84686619,.84686619,1,,1,,27.300797,,,8.3206234,8.3206234,8.3206234,1,
15Apr2021,Iran,321,65680,642,1605,131360,328400,25078,2168872,50156,125390,4337744,10844360,1749041,10039,1.2800064,354151,317.66965,23818.492,168.70255,6686.9453,39.637489,12723.634,,,,,,,,,,,,,,,,,,,,,,,,41667.027,47687.211,36727.402,16713.797,19128.658,14732.376,4263.1357,4815.6504,3822.6169,1582.481,1739.5386,1453.8558,766.88977,,,156913.77,,,749.15894,749.15894,749.15894,156930.38,156930.38,156930.38,321,,,65680,,,313.57834,313.57834,313.57834,65686.953,65686.953,65686.953,120.00522,241785.41,216924.63,277573.5,58769068,67469376,50908972,766.88977,,,156913.77,,,749.15894,749.15894,749.15894,156930.38,156930.38,156930.38,120.00522,,,,,,,766.88977,,,156913.77,,,749.15894,749.15894,749.15894,156930.38,156930.38,156930.38,120.00522,,,,,,,.90973788,,,186.142,,,.8887043,.8887043,.8887043,186.16171,186.16171,186.16171,.3807925,,,77.914177,,,.37198839,.37198839,.37198839,77.922424,77.922424,77.922424,29.749264,286.82263,257.33105,329.27698,.31717786,,,,,,,,,366.98276,119074.13,324.4679,248831.11,55604.66,53579.969,57908.191,55604.66,53579.969,57908.191,55604.66,53579.969,57908.191,55262.5,54187.941,56764.59,55262.5,54187.941,56764.59,55262.5,54187.941,56764.59,254.33,231.60001,272.63,254.33,231.60001,272.63,254.33,231.60001,272.63,251.33,224.67999,283.29999,251.33,224.67999,283.29999,251.33,224.67999,283.29999,17922578,17482454,18430324,17922578,17482454,18430324,17922578,17482454,18430324,17921016,17449978,18346032,17921016,17449978,18346032,17921016,17449978,18346032,84874.203,75634.398,91641.906,84874.203,75634.398,91641.906,84874.203,75634.398,91641.906,82870.711,74984.648,92034.977,82870.711,74984.648,92034.977,82870.711,74984.648,92034.977,9291.8701,10194.95,10912.91,9291.8701,10194.95,10912.91,9291.8701,10194.95,10912.91,8938.6904,10054.09,11304.71,8938.6904,10054.09,11304.71,8938.6904,10054.09,11304.71,1045.15,1152.17,1240.29,1045.15,1152.17,1240.29,1045.15,1152.17,1240.29,1001.9,1130.27,1263.21,1001.9,1130.27,1263.21,1001.9,1130.27,1263.21,3421.05,3755.5901,4019.3101,3421.05,3755.5901,4019.3101,3421.05,3755.5901,4019.3101,3306.5,3707.3301,4172.6201,3306.5,3707.3301,4172.6201,3306.5,3707.3301,4172.6201,298.82001,329.42001,354.60999,298.82001,329.42001,354.60999,298.82001,329.42001,354.60999,286.48001,323.14999,361.14001,286.48001,323.14999,361.14001,286.48001,323.14999,361.14001,522319.16,585717.13,632294.25,522319.16,585717.13,632294.25,522319.16,585717.13,632294.25,517424.41,571984.63,635338.63,517424.41,571984.63,635338.63,517424.41,571984.63,635338.63,.94,.97000003,1.01,.94,.97000003,1.01,.94,.97000003,1.01,.94,.95999998,1,.94,.95999998,1,.94,.95999998,1,1.15,1.1799999,1.23,1.15,1.1799999,1.23,1.15,1.1799999,1.23,1.14,1.17,1.21,1.14,1.17,1.21,1.14,1.17,1.21,.29965526,.30620989,.29749492,.29965526,.30620989,.29749492,.29965526,.30620989,.29749492,.30327964,.29963467,.30781776,.30327964,.29963467,.30781776,.30327964,.29963467,.30781776,189.98169,68157.422,358.75784,91242.883,65680,65680,65680,321,321,321,2168872,2168872,2168872,25078,25078,25078,1.2800064,1.2800064,1.2800064,167.9077,7854.3999,46.77808,15015.764,,,,,,,,,,,,,,,,,,,,78.124611,33.021801,,,315.28052,374.53098,,,,,333.71683,322.3215,333.71683,322.3215,333.71683,322.3215,78.124611,33.021801,,,1,,2.3890648,2.3890648,2.3890648,.79230529,.79230529,.79230529,1,,1,,9.6413355,,,3.3844087,3.3844087,3.3844087,1,,1,,2.3890646,2.3890646,2.3890646,.84659958,.84659958,.84659958,1,,1,,27.096605,,,8.2635479,8.2635479,8.2635479,1,
16Apr2021,Iran,328,66008,656,1640,132016,330040,25261,2194133,50522,126305,4388266,10970665,1761497,12456,1.2984443,366628,335.29465,23923.635,168.70255,6686.9453,39.637489,13001.097,,,,,,,,,,,,,,,,,,,,,,,,42774.547,48989.625,37727.414,17321.377,19838.146,15277.562,4302.5586,4827.3892,3866.6973,1604.9146,1758.8995,1469.8247,783.61322,,,157697.38,,,791.72943,791.72943,791.72943,157722.11,157722.11,157722.11,328,,,66008,,,331.39725,331.39725,331.39725,66018.352,66018.352,66018.352,123.04287,237010.64,212242.94,272266.94,59006080,67741640,51121216,783.61322,,,157697.38,,,791.72943,791.72943,791.72943,157722.11,157722.11,157722.11,123.04287,,,,,,,783.61322,,,157697.38,,,791.72943,791.72943,791.72943,157722.11,157722.11,157722.11,123.04287,,,,,,,.9295764,,,187.07158,,,.93920445,.93920445,.93920445,187.10091,187.10091,187.10091,.38909638,,,78.303268,,,.39312643,.39312643,.39312643,78.315552,78.315552,78.315552,29.966352,281.15848,251.77731,322.98193,.33062366,,,,,,,,,366.98276,119074.13,324.4679,254257.33,55863.648,53854.531,58155.309,55863.648,53854.531,58155.309,55863.648,53854.531,58155.309,55518.27,54415.141,57014.699,55518.27,54415.141,57014.699,55518.27,54415.141,57014.699,258.98999,235.92999,277.39001,258.98999,235.92999,277.39001,258.98999,235.92999,277.39001,255.77,228.28,288.10001,255.77,228.28,288.10001,255.77,228.28,288.10001,18007020,17564290,18507468,18007020,17564290,18507468,18007020,17564290,18507468,18003380,17525306,18428352,18003380,17525306,18428352,18003380,17525306,18428352,84442.313,74942.719,91230.047,84442.313,74942.719,91230.047,84442.313,74942.719,91230.047,82364.742,74700.352,91347.422,82364.742,74700.352,91347.422,82364.742,74700.352,91347.422,9384.25,10292.29,11027.13,9384.25,10292.29,11027.13,9384.25,10292.29,11027.13,9002.4502,10142.4,11394.15,9002.4502,10142.4,11394.15,9002.4502,10142.4,11394.15,1037.01,1147.38,1235.61,1037.01,1147.38,1235.61,1037.01,1147.38,1235.61,1002.08,1124.41,1255.14,1002.08,1124.41,1255.14,1002.08,1124.41,1255.14,3471.7,3809.8601,4075.1499,3471.7,3809.8601,4075.1499,3471.7,3809.8601,4075.1499,3346.6799,3758.3501,4226.8101,3346.6799,3758.3501,4226.8101,3346.6799,3758.3501,4226.8101,296.57999,328.14999,353.39001,296.57999,328.14999,353.39001,296.57999,328.14999,353.39001,286.62,321.57999,358.95001,286.62,321.57999,358.95001,286.62,321.57999,358.95001,517752.94,582944.69,629676.63,517752.94,582944.69,629676.63,517752.94,582944.69,629676.63,515635.25,568701.88,630835.63,515635.25,568701.88,630835.63,515635.25,568701.88,630835.63,.94,.95999998,1.01,.94,.95999998,1.01,.94,.95999998,1.01,.93000001,.95999998,1,.93000001,.95999998,1,.93000001,.95999998,1,1.15,1.1799999,1.23,1.15,1.1799999,1.23,1.15,1.1799999,1.23,1.14,1.17,1.21,1.14,1.17,1.21,1.14,1.17,1.21,.30670643,.31481376,.30405554,.30670643,.31481376,.30405554,.30670643,.31481376,.30405554,.31053337,.30559427,.31538931,.31053337,.30559427,.31538931,.31053337,.30559427,.31538931,189.98169,68157.422,358.75784,92914.688,66008,66008,66008,328,328,328,2194133,2194133,2194133,25261,25261,25261,1.2984443,1.2984443,1.2984443,167.9077,7854.3999,46.77808,15343.21,,,,,,,,,,,,,,,,,,,,77.015244,33.24041,,,302.45871,374.17288,,,,,326.04471,322.33878,326.04471,322.33878,326.04471,322.33878,77.015244,33.24041,,,1,,2.3890648,2.3890648,2.3890648,.78960365,.78960365,.78960365,1,,1,,9.382473,,,3.3427937,3.3427937,3.3427937,1,,1,,2.3890646,2.3890646,2.3890646,.84631634,.84631634,.84631634,1,,1,,26.892664,,,8.2068958,8.2068958,8.2068958,1,
17Apr2021,Iran,319,66327,638,1595,132654,331635,21312,2215445,42624,106560,4430890,11077225,1772688,11191,1.4968094,376430,351.15179,23945.277,168.70255,6686.9453,39.637489,12644.359,,,,,,,,,,,,,,,,,,,,,,,,43526.496,49848.371,38436.313,17805.043,20391.082,15722.842,4333.1465,4869.8721,3881.5327,1622.8923,1784.1077,1486.7742,762.11163,,,158459.48,,,833.64093,833.64093,833.64093,158555.75,158555.75,158555.75,319,,,66327,,,348.94028,348.94028,348.94028,66367.289,66367.289,66367.289,125.85644,231786.69,207185.25,265676.47,59237864,68007320,51328400,762.11163,,,158459.48,,,833.64093,833.64093,833.64093,158555.75,158555.75,158555.75,125.85644,,,,,,,762.11163,,,158459.48,,,833.64093,833.64093,833.64093,158555.75,158555.75,158555.75,125.85644,,,,,,,.90406972,,,187.97565,,,.98892272,.98892272,.98892272,188.08983,188.08983,188.08983,.37841994,,,78.681694,,,.41393718,.41393718,.41393718,78.729485,78.729485,78.729485,25.281775,274.96146,245.77753,315.16388,.32879871,,,,,,,,,366.98276,119074.13,324.4679,247280.75,56126.691,54132.969,58405.762,56126.691,54132.969,58405.762,56126.691,54132.969,58405.762,55777.879,54644.34,57268.871,55777.879,54644.34,57268.871,55777.879,54644.34,57268.871,263.04001,239.71001,281.51001,263.04001,239.71001,281.51001,263.04001,239.71001,281.51001,259.60001,231.32001,292.20001,259.60001,231.32001,292.20001,259.60001,231.32001,292.20001,18091020,17645742,18589248,18091020,17645742,18589248,18091020,17645742,18589248,18085232,17600582,18510254,18085232,17600582,18510254,18085232,17600582,18510254,84000.82,74248.508,90805.117,84000.82,74248.508,90805.117,84000.82,74248.508,90805.117,81850.742,74250.844,90668.844,81850.742,74250.844,90668.844,81850.742,74250.844,90668.844,9455.8301,10369.91,11139.11,9455.8301,10369.91,11139.11,9455.8301,10369.91,11139.11,9048.4102,10210.85,11460.68,9048.4102,10210.85,11460.68,9048.4102,10210.85,11460.68,1028.53,1142.15,1230.83,1028.53,1142.15,1230.83,1028.53,1142.15,1230.83,1001.91,1118.15,1246.58,1001.91,1118.15,1246.58,1001.91,1118.15,1246.58,3516.1001,3857.22,4128.27,3516.1001,3857.22,4128.27,3516.1001,3857.22,4128.27,3380.54,3802.3899,4272.9102,3380.54,3802.3899,4272.9102,3380.54,3802.3899,4272.9102,294.26999,326.78,352.14999,294.26999,326.78,352.14999,294.26999,326.78,352.14999,286.67999,319.91,356.64001,286.67999,319.91,356.64001,286.67999,319.91,356.64001,513082.97,580044.25,626916.5,513082.97,580044.25,626916.5,513082.97,580044.25,626916.5,512907.31,565319.94,626244.31,512907.31,565319.94,626244.31,512907.31,565319.94,626244.31,.88,.89999998,.93000001,.88,.89999998,.93000001,.88,.89999998,.93000001,.88,.89999998,.92000002,.88,.89999998,.92000002,.88,.89999998,.92000002,1.0700001,1.11,1.14,1.0700001,1.11,1.14,1.0700001,1.11,1.14,1.0700001,1.1,1.12,1.0700001,1.1,1.12,1.0700001,1.1,1.12,.3131398,.32284826,.31001559,.3131398,.32284826,.31001559,.3131398,.32284826,.31001559,.31716269,.31153855,.32227167,.31716269,.31153855,.32227167,.31716269,.31153855,.32227167,189.98169,68157.422,358.75784,94367.664,66327,66327,66327,319,319,319,2215445,2215445,2215445,21312,21312,21312,1.4968094,1.4968094,1.4968094,167.9077,7854.3999,46.77808,14922.207,,,,,,,,,,,,,,,,,,,,66.808777,33.401859,,,304.13745,373.83603,,,,,319.34616,322.32471,319.34616,322.32471,319.34616,322.32471,66.808777,33.401859,,,1,,2.3890648,2.3890648,2.3890648,.82457685,.82457685,.82457685,1,,1,,10.875876,,,3.9414799,3.9414799,3.9414799,1,,1,,2.3890646,2.3890646,2.3890646,.84621179,.84621179,.84621179,1,,1,,26.738585,,,8.165863,8.165863,8.165863,1,
18Apr2021,Iran,405,66732,810,2025,133464,333660,21644,2237089,43288,108220,4474178,11185445,1785358,12670,1.8711883,384999,365.41965,23867.68,168.70255,6686.9453,39.637489,16053.184,,,,,,,,,,,,,,,,,,,,,,,,44674.996,51125.543,39520.316,18405.238,21062.738,16281.609,4354.4858,4912.042,3900.5122,1635.5304,1803.324,1499.5798,967.57117,,,159427.06,,,873.94952,873.94952,873.94952,159429.7,159429.7,159429.7,405,,,66732,,,365.81244,365.81244,365.81244,66733.102,66733.102,66733.102,128.45363,226163.58,201116.45,258367.2,59464028,68265688,51529520,967.57117,,,159427.06,,,873.94952,873.94952,873.94952,159429.7,159429.7,159429.7,128.45363,,,,,,,967.57117,,,159427.06,,,873.94952,873.94952,873.94952,159429.7,159429.7,159429.7,128.45363,,,,,,,1.1478001,,,189.12344,,,1.0367396,1.0367396,1.0367396,189.12657,189.12657,189.12657,.48043913,,,79.162132,,,.43395209,.43395209,.43395209,79.163437,79.163437,79.163437,25.675615,268.29095,238.57829,306.4931,.42781919,,,,,,,,,366.98276,119074.13,324.4679,313945.78,56393.219,54414.648,58658.922,56393.219,54414.648,58658.922,56393.219,54414.648,58658.922,56040.738,54871.289,57526.551,56040.738,54871.289,57526.551,56040.738,54871.289,57526.551,266.53,242.98,285.16,266.53,242.98,285.16,266.53,242.98,285.16,262.85999,233.84,295.63,262.85999,233.84,295.63,262.85999,233.84,295.63,18174206,17726410,18675694,18174206,17726410,18675694,18174206,17726410,18675694,18166226,17675424,18591398,18166226,17675424,18591398,18166226,17675424,18591398,83185.141,73284.906,90023.367,83185.141,73284.906,90023.367,83185.141,73284.906,90023.367,80994.031,73531.047,89672.961,80994.031,73531.047,89672.961,80994.031,73531.047,89672.961,9501.3496,10429.76,11234.15,9501.3496,10429.76,11234.15,9501.3496,10429.76,11234.15,9078.4102,10261.44,11506.58,9078.4102,10261.44,11506.58,9078.4102,10261.44,11506.58,1019.73,1136.5,1225.55,1019.73,1136.5,1225.55,1019.73,1136.5,1225.55,1001.36,1111.48,1237.5699,1001.36,1111.48,1237.5699,1001.36,1111.48,1237.5699,3554.6599,3898.1201,4179.6001,3554.6599,3898.1201,4179.6001,3554.6599,3898.1201,4179.6001,3408.51,3839.8999,4311.46,3408.51,3839.8999,4311.46,3408.51,3839.8999,4311.46,291.88,325.31,350.79001,291.88,325.31,350.79001,291.88,325.31,350.79001,286.64999,318.14001,354.20999,286.64999,318.14001,354.20999,286.64999,318.14001,354.20999,504796.44,572033.69,618195.25,504796.44,572033.69,618195.25,504796.44,572033.69,618195.25,506319.09,557206.13,616891,506319.09,557206.13,616891,506319.09,557206.13,616891,.88,.89999998,.93000001,.88,.89999998,.93000001,.88,.89999998,.93000001,.88,.89999998,.92000002,.88,.89999998,.92000002,.88,.89999998,.92000002,1.0700001,1.11,1.14,1.0700001,1.11,1.14,1.0700001,1.11,1.14,1.0700001,1.1,1.12,1.0700001,1.1,1.12,1.0700001,1.1,1.12,.32040578,.33155531,.31676221,.32040578,.33155531,.31676221,.32040578,.33155531,.31676221,.3245424,.31801534,.32967573,.3245424,.31801534,.32967573,.3245424,.31801534,.32967573,189.98169,68157.422,358.75784,95619.727,66732,66732,66732,405,405,405,2237089,2237089,2237089,21644,21644,21644,1.8711883,1.8711883,1.8711883,167.9077,7854.3999,46.77808,18945.123,,,,,,,,,,,,,,,,,,,,53.441975,33.523483,,,233.74361,372.98578,,,,,312.10422,322.27646,312.10422,322.27646,312.10422,322.27646,53.441975,33.523483,,,1,,2.3890646,2.3890646,2.3890646,.65809876,.65809876,.65809876,1,,1,,10.44925,,,3.8433349,3.8433349,3.8433349,1,,1,,2.3890646,2.3890646,2.3890646,.84507012,.84507012,.84507012,1,,1,,26.580984,,,8.1240425,8.1240425,8.1240425,1,
19Apr2021,Iran,398,67130,796,1990,134260,335650,24346,2261435,48692,121730,4522870,11307175,1797319,11961,1.6347655,396986,378.16071,23695.83,168.70255,6686.9453,39.637489,15775.721,,,,,,,,,,,,,,,,,,,,,,,,45577.023,52088.711,40411.922,18906.318,21607.504,16763.723,4366.2305,4942.9023,3913.45,1641.8988,1815.1709,1507.2961,950.84772,,,160377.91,,,911.59833,911.59833,911.59833,160341.3,160341.3,160341.3,398,,,67130,,,381.57123,381.57123,381.57123,67114.672,67114.672,67114.672,130.87534,220198.5,195034.5,250510.39,59684228,68516200,51724552,950.84772,,,160377.91,,,911.59833,911.59833,911.59833,160341.3,160341.3,160341.3,130.87534,,,,,,,950.84772,,,160377.91,,,911.59833,911.59833,911.59833,160341.3,160341.3,160341.3,130.87534,,,,,,,1.1279616,,,190.2514,,,1.0814012,1.0814012,1.0814012,190.20798,190.20798,190.20798,.47213522,,,79.63427,,,.45264629,.45264629,.45264629,79.616081,79.616081,79.616081,28.880915,261.21475,231.36346,297.17282,.4318139,,,,,,,,,366.98276,119074.13,324.4679,308519.56,56662.68,54699.012,58914.262,56662.68,54699.012,58914.262,56662.68,54699.012,58914.262,56306.301,55101.391,57787.211,56306.301,55101.391,57787.211,56306.301,55101.391,57787.211,269.45999,245.75,288.53,269.45999,245.75,288.53,269.45999,245.75,288.53,265.56,235.87,298.42001,265.56,235.87,298.42001,265.56,235.87,298.42001,18256184,17805864,18761282,18256184,17805864,18761282,18256184,17805864,18761282,18246000,17749432,18671438,18246000,17749432,18671438,18246000,17749432,18671438,81978.648,72050.609,88726.68,81978.648,72050.609,88726.68,81978.648,72050.609,88726.68,79775.578,72539.258,88268.938,79775.578,72539.258,88268.938,79775.578,72539.258,88268.938,9531.6602,10473.36,11268.92,9531.6602,10473.36,11268.92,9531.6602,10473.36,11268.92,9093.9902,10295.75,11533.73,9093.9902,10295.75,11533.73,9093.9902,10295.75,11533.73,1009.91,1129.85,1219.05,1009.91,1129.85,1219.05,1009.91,1129.85,1219.05,996.98999,1103.89,1227.54,996.98999,1103.89,1227.54,996.98999,1103.89,1227.54,3584.02,3932.9099,4231.02,3584.02,3932.9099,4231.02,3584.02,3932.9099,4231.02,3430.98,3871.27,4342.8901,3430.98,3871.27,4342.8901,3430.98,3871.27,4342.8901,289.20999,323.56,349.10999,289.20999,323.56,349.10999,289.20999,323.56,349.10999,285.53,316.12,351.51001,285.53,316.12,351.51001,285.53,316.12,351.51001,496527.38,563973.75,609527.19,496527.38,563973.75,609527.19,496527.38,563973.75,609527.19,499668.97,549051.63,607488.75,499668.97,549051.63,607488.75,499668.97,549051.63,607488.75,.88,.89999998,.93000001,.88,.89999998,.93000001,.88,.89999998,.93000001,.88,.89999998,.92000002,.88,.89999998,.92000002,.88,.89999998,.92000002,1.0700001,1.11,1.14,1.0700001,1.11,1.14,1.0700001,1.11,1.14,1.0700001,1.1,1.12,1.0700001,1.1,1.12,1.0700001,1.1,1.12,.32869533,.34107968,.32518968,.32869533,.34107968,.32518968,.32869533,.34107968,.32518968,.33288383,.32516184,.33808044,.33288383,.32516184,.33808044,.33288383,.32516184,.33808044,189.98169,68157.422,358.75784,96670.883,67130,67130,67130,398,398,398,2261435,2261435,2261435,24346,24346,24346,1.6347655,1.6347655,1.6347655,167.9077,7854.3999,46.77808,18617.676,,,,,,,,,,,,,,,,,,,,61.170853,33.687397,,,231.58125,372.14743,,,,,304.23309,322.19061,304.23309,322.19061,304.23309,322.19061,61.170853,33.687397,,,1,,2.3890646,2.3890646,2.3890646,.67703515,.67703515,.67703515,1,,1,,9.0445452,,,3.3672328,3.3672328,3.3672328,1,,1,,2.3890646,2.3890646,2.3890646,.84407389,.84407389,.84407389,1,,1,,26.392193,,,8.0728321,8.0728321,8.0728321,1,
20Apr2021,Iran,395,67525,790,1975,135050,337625,25492,2286927,50984,127460,4573854,11434635,1810531,13212,1.5495057,408871,389.20535,23422.885,168.70255,6686.9453,39.637489,15656.809,,,,,,,,,,,,,,,,,,,,,,,,46489.395,53029.02,41338.25,19483.018,22223.676,17324.248,4368.1191,4960.1616,3920.0801,1641.4318,1810.1498,1507.4661,943.68054,,,161321.59,,,945.44269,945.44269,945.44269,161286.73,161286.73,161286.73,395,,,67525,,,395.73758,395.73758,395.73758,67510.414,67510.414,67510.414,133.18016,213952.94,188958.33,242246.53,59898180,68758440,51913512,943.68054,,,161321.59,,,945.44269,945.44269,945.44269,161286.73,161286.73,161286.73,133.18016,,,,,,,943.68054,,,161321.59,,,945.44269,945.44269,945.44269,161286.73,161286.73,161286.73,133.18016,,,,,,,1.1194594,,,191.37086,,,1.1215497,1.1215497,1.1215497,191.32953,191.32953,191.32953,.46857643,,,80.102844,,,.4694514,.4694514,.4694514,80.085533,80.085533,80.085533,30.240379,253.80583,224.15549,287.36966,.44106922,,,,,,,,,366.98276,119074.13,324.4679,306194.03,56934.57,54985.469,59174.43,56934.57,54985.469,59174.43,56934.57,54985.469,59174.43,56574.051,55334.27,58050.34,56574.051,55334.27,58050.34,56574.051,55334.27,58050.34,271.89001,248.03,291.84,271.89001,248.03,291.84,271.89001,248.03,291.84,267.75,237.42999,300.63,267.75,237.42999,300.63,267.75,237.42999,300.63,18336854,17883994,18845382,18336854,17883994,18845382,18336854,17883994,18845382,18324464,17822500,18750758,18324464,17822500,18750758,18324464,17822500,18750758,80670.156,70752.109,87478.453,80670.156,70752.109,87478.453,80670.156,70752.109,87478.453,78463.906,71432.789,86808.359,78463.906,71432.789,86808.359,78463.906,71432.789,86808.359,9547.6504,10501.36,11292.36,9547.6504,10501.36,11292.36,9547.6504,10501.36,11292.36,9096.04,10314.55,11543.06,9096.04,10314.55,11543.06,9096.04,10314.55,11543.06,998.71997,1121.48,1210.4399,998.71997,1121.48,1210.4399,998.71997,1121.48,1210.4399,991.07001,1094.72,1215.76,991.07001,1094.72,1215.76,991.07001,1094.72,1215.76,3607.1399,3961.73,4264.0498,3607.1399,3961.73,4264.0498,3607.1399,3961.73,4264.0498,3448.1499,3896.6599,4367.4302,3448.1499,3896.6599,4367.4302,3448.1499,3896.6599,4367.4302,286.16,321.34,346.82999,286.16,321.34,346.82999,286.16,321.34,346.82999,283.98999,313.67001,348.32999,283.98999,313.67001,348.32999,283.98999,313.67001,348.32999,488300.38,555909.19,601699.31,488300.38,555909.19,601699.31,488300.38,555909.19,601699.31,493018.5,540903.56,598096.5,493018.5,540903.56,598096.5,493018.5,540903.56,598096.5,.88,.89999998,.93000001,.88,.89999998,.93000001,.88,.89999998,.93000001,.88,.89999998,.92000002,.88,.89999998,.92000002,.88,.89999998,.92000002,1.0700001,1.11,1.14,1.0700001,1.11,1.14,1.0700001,1.11,1.14,1.0700001,1.1,1.12,1.0700001,1.1,1.12,1.0700001,1.1,1.12,.33703914,.35056198,.33361357,.33703914,.35056198,.33361357,.33703914,.35056198,.33361357,.34123969,.33238235,.34631458,.34123969,.33238235,.34631458,.34123969,.33238235,.34631458,189.98169,68157.422,358.75784,97542.672,67525,67525,67525,395,395,395,2286927,2286927,2286927,25492,25492,25492,1.5495057,1.5495057,1.5495057,167.9077,7854.3999,46.77808,18477.342,,,,,,,,,,,,,,,,,,,,64.536713,33.867855,,,226.72179,371.29672,,,,,296.70142,322.06888,296.70142,322.06888,296.70142,322.06888,64.536713,33.867855,,,1,,2.3890646,2.3890646,2.3890646,.68832916,.68832916,.68832916,1,,1,,8.3929443,,,3.1645284,3.1645284,3.1645284,1,,1,,2.3890648,2.3890648,2.3890648,.84316283,.84316283,.84316283,1,,1,,26.191557,,,8.0181198,8.0181198,8.0181198,1,
21Apr2021,Iran,388,67913,776,1940,135826,339565,24886,2311813,49772,124430,4623626,11559065,1823958,13427,1.5591096,419942,399.33035,23059.732,168.70255,6686.9453,39.637489,15379.346,,,,,,,,,,,,,,,,,,,,,,,,46899.793,53362.098,41842.438,19528.42,22219.232,17422.605,4359.8984,4898.5493,3916.6348,1633.8688,1796.0846,1500.7938,926.95709,,,162248.55,,,974.28497,974.28497,974.28497,162261.02,162261.02,162261.02,388,,,67913,,,407.81021,407.81021,407.81021,67918.219,67918.219,67918.219,135.42755,207489.92,182896.19,234190.8,60105672,68992632,52096408,926.95709,,,162248.55,,,974.28497,974.28497,974.28497,162261.02,162261.02,162261.02,135.42755,,,,,,,926.95709,,,162248.55,,,974.28497,974.28497,974.28497,162261.02,162261.02,162261.02,135.42755,,,,,,,1.0996208,,,192.47049,,,1.1557645,1.1557645,1.1557645,192.48529,192.48529,192.48529,.46027255,,,80.563118,,,.48377278,.48377278,.48377278,80.569305,80.569305,80.569305,29.521502,246.13895,216.96414,277.81339,.44674802,,,,,,,,,366.98276,119074.13,324.4679,300767.81,57208.398,55273.531,59435.922,57208.398,55273.531,59435.922,57208.398,55273.531,59435.922,56843.5,55569.531,58315.461,56843.5,55569.531,58315.461,56843.5,55569.531,58315.461,273.82999,249.58,294.94,273.82999,249.58,294.94,273.82999,249.58,294.94,269.45001,238.56,302.26999,269.45001,238.56,302.26999,269.45001,238.56,302.26999,18416224,17960808,18928002,18416224,17960808,18928002,18416224,17960808,18928002,18401626,17894632,18830830,18401626,17894632,18830830,18401626,17894632,18830830,79370.633,69468.57,86313.68,79370.633,69468.57,86313.68,79370.633,69468.57,86313.68,77162.289,70215.094,85513.32,77162.289,70215.094,85513.32,77162.289,70215.094,85513.32,9548.2197,10513.77,11307.9,9548.2197,10513.77,11307.9,9548.2197,10513.77,11307.9,9136.2803,10318.01,11534.86,9136.2803,10318.01,11534.86,9136.2803,10318.01,11534.86,986.15997,1111.14,1199.39,986.15997,1111.14,1199.39,986.15997,1111.14,1199.39,983.59003,1083.73,1202,983.59003,1083.73,1202,983.59003,1083.73,1202,3624.8,3984.5601,4284.27,3624.8,3984.5601,4284.27,3624.8,3984.5601,4284.27,3460.1399,3916.1001,4385.1299,3460.1399,3916.1001,4385.1299,3460.1399,3916.1001,4385.1299,282.72,318.56,343.85999,282.72,318.56,343.85999,282.72,318.56,343.85999,282.01001,310.70001,344.59,282.01001,310.70001,344.59,282.01001,310.70001,344.59,480133.5,547861.63,594689.38,480133.5,547861.63,594689.38,480133.5,547861.63,594689.38,485291.03,532782.81,590119.75,485291.03,532782.81,590119.75,485291.03,532782.81,590119.75,.88,.89999998,.93000001,.88,.89999998,.93000001,.88,.89999998,.93000001,.88,.89999998,.92000002,.88,.89999998,.92000002,.88,.89999998,.92000002,1.0700001,1.11,1.14,1.0700001,1.11,1.14,1.0700001,1.11,1.14,1.0700001,1.1,1.12,1.0700001,1.1,1.12,1.0700001,1.1,1.12,.34500164,.35927039,.34170714,.34500164,.35927039,.34170714,.34500164,.35927039,.34170714,.34919909,.33975601,.35347709,.34919909,.33975601,.35347709,.34919909,.33975601,.35347709,189.98169,68157.422,358.75784,98238.656,67913,67913,67913,388,388,388,2311813,2311813,2311813,24886,24886,24886,1.5591096,1.5591096,1.5591096,167.9077,7854.3999,46.77808,18149.895,,,,,,,,,,,,,,,,,,,,64.139175,34.040802,,,223.83983,370.45432,,,,,289.8537,321.9147,289.8537,321.9147,289.8537,321.9147,64.139175,34.040802,,,1,,2.3890648,2.3890648,2.3890648,.70574737,.70574737,.70574737,1,,1,,8.337616,,,3.1893687,3.1893687,3.1893687,1,,1,,2.3890646,2.3890646,2.3890646,.84237772,.84237772,.84237772,1,,1,,25.999367,,,7.9661393,7.9661393,7.9661393,1,
22Apr2021,Iran,453,68366,906,2265,136732,341830,24092,2335905,48184,120460,4671810,11679525,1837590,13632,1.8802922,429949,408.89285,22639.615,168.70255,6686.9453,39.637489,17955.783,,,,,,,,,,,,,,,,,,,,,,,,47545.422,53929.875,42467.371,19932.947,22609.566,17804.023,4341.6045,4859.2769,3900.4048,1619.1284,1776.2418,1485.9366,1082.2463,,,163330.8,,,996.92065,996.92065,996.92065,163257.94,163257.94,163257.94,453,,,68366,,,417.28494,417.28494,417.28494,68335.508,68335.508,68335.508,137.66542,200871.36,176919.89,225812.42,60306540,69218448,52273328,1082.2463,,,163330.8,,,996.92065,996.92065,996.92065,163257.94,163257.94,163257.94,137.66542,,,,,,,1082.2463,,,163330.8,,,996.92065,996.92065,996.92065,163257.94,163257.94,163257.94,137.66542,,,,,,,1.2838356,,,193.75433,,,1.1826165,1.1826165,1.1826165,193.66791,193.66791,193.66791,.53738004,,,81.100494,,,.49501234,.49501234,.49501234,81.064323,81.064323,81.064323,28.579603,238.28755,209.87465,267.87439,.53877586,,,,,,,,,366.98276,119074.13,324.4679,351154.19,57483.699,55562.672,59698.039,57483.699,55562.672,59698.039,57483.699,55562.672,59698.039,57114.191,55806.84,58582.121,57114.191,55806.84,58582.121,57114.191,55806.84,58582.121,275.29999,250.7,296.32999,275.29999,250.7,296.32999,275.29999,250.7,296.32999,270.69,239.28,303.37,270.69,239.28,303.37,270.69,239.28,303.37,18494334,18036348,19009186,18494334,18036348,19009186,18494334,18036348,19009186,18477526,17965856,18909684,18477526,17965856,18909684,18477526,17965856,18909684,78109.82,68221.102,85260.203,78109.82,68221.102,85260.203,78109.82,68221.102,85260.203,75898.531,68956.391,84254.68,75898.531,68956.391,84254.68,75898.531,68956.391,84254.68,9517.4004,10510.5,11305.67,9517.4004,10510.5,11305.67,9517.4004,10510.5,11305.67,9166.5996,10306.17,11509.29,9166.5996,10306.17,11509.29,9166.5996,10306.17,11509.29,972.34998,1098.98,1186.09,972.34998,1098.98,1186.09,972.34998,1098.98,1186.09,973.14001,1071.0699,1186.54,973.14001,1071.0699,1186.54,973.14001,1071.0699,1186.54,3637.0801,4001.3401,4300.4702,3637.0801,4001.3401,4300.4702,3637.0801,4001.3401,4300.4702,3469.24,3929.5901,4396.0098,3469.24,3929.5901,4396.0098,3469.24,3929.5901,4396.0098,278.94,315.28,340.26999,278.94,315.28,340.26999,278.94,315.28,340.26999,279.17999,307.26999,340.38,279.17999,307.26999,340.38,279.17999,307.26999,340.38,472036.75,539843.25,588285.94,472036.75,539843.25,588285.94,472036.75,539843.25,588285.94,477202.13,524701.19,582147.31,477202.13,524701.19,582147.31,477202.13,524701.19,582147.31,.87,.89999998,.93000001,.87,.89999998,.93000001,.87,.89999998,.93000001,.88,.89999998,.92000002,.88,.89999998,.92000002,.88,.89999998,.92000002,1.0700001,1.11,1.14,1.0700001,1.11,1.14,1.0700001,1.11,1.14,1.0700001,1.1,1.12,1.0700001,1.1,1.12,1.0700001,1.1,1.12,.35245246,.36748159,.34755957,.35245246,.36748159,.34755957,.35245246,.36748159,.34755957,.35664722,.34700191,.36006308,.35664722,.34700191,.36006308,.35664722,.34700191,.36006308,189.98169,68157.422,358.75784,98766.031,68366,68366,68366,453,453,453,2335905,2335905,2335905,24092,24092,24092,1.8802922,1.8802922,1.8802922,167.9077,7854.3999,46.77808,21190.471,,,,,,,,,,,,,,,,,,,,53.183224,34.167641,,,185.60596,369.22946,,,,,283.7262,321.73181,283.7262,321.73181,283.7262,321.73181,53.183224,34.167641,,,1,,2.3890648,2.3890648,2.3890648,.60772622,.60772622,.60772622,1,,1,,8.3376789,,,3.2421477,3.2421477,3.2421477,1,,1,,2.3890648,2.3890648,2.3890648,.84082294,.84082294,.84082294,1,,1,,25.817205,,,7.917417,7.917417,7.917417,1,
23Apr2021,Iran,380,68746,760,1900,137492,343730,22904,2358809,45808,114520,4717618,11794045,1850791,13201,1.6590989,439272,417.16071,22163.152,168.70255,6686.9453,39.637489,15062.246,,,,,,,,,,,,,,,,,,,,,,,,48149.102,54418.051,43069.16,20207.729,22838.748,18075.725,4313.3096,4834.8657,3876.7952,1597.4053,1758.2971,1463.0352,907.84454,,,164238.64,,,1012.2621,1012.2621,1012.2621,164270.2,164270.2,164270.2,380,,,68746,,,423.70648,423.70648,423.70648,68759.211,68759.211,68759.211,139.92418,194156.09,171053.77,217225.16,60500696,69435672,52444380,907.84454,,,164238.64,,,1012.2621,1012.2621,1012.2621,164270.2,164270.2,164270.2,139.92418,,,,,,,907.84454,,,164238.64,,,1012.2621,1012.2621,1012.2621,164270.2,164270.2,164270.2,139.92418,,,,,,,1.0769483,,,194.83127,,,1.2008157,1.2008157,1.2008157,194.86873,194.86873,194.86873,.45078239,,,81.551277,,,.50263005,.50263005,.50263005,81.566948,81.566948,81.566948,27.170315,230.32144,202.91585,257.68756,.46758488,,,,,,,,,366.98276,119074.13,324.4679,294566.41,57760.02,55852.398,59960.34,57760.02,55852.398,59960.34,57760.02,55852.398,59960.34,57385.672,56045.809,58849.879,57385.672,56045.809,58849.879,57385.672,56045.809,58849.879,276.32001,251.39999,297.10999,276.32001,251.39999,297.10999,276.32001,251.39999,297.10999,271.47,239.60001,303.95001,271.47,239.60001,303.95001,271.47,239.60001,303.95001,18571222,18110658,19088978,18571222,18110658,19088978,18571222,18110658,19088978,18552198,18036208,18987352,18552198,18036208,18987352,18552198,18036208,18987352,76886.797,67008.859,84244.93,76886.797,67008.859,84244.93,76886.797,67008.859,84244.93,74671.813,67701.813,83031.461,74671.813,67701.813,83031.461,74671.813,67701.813,83031.461,9473.1504,10491.64,11289.9,9473.1504,10491.64,11289.9,9473.1504,10491.64,11289.9,9183.4199,10279.26,11466.66,9183.4199,10279.26,11466.66,9183.4199,10279.26,11466.66,957.54999,1085.35,1171.66,957.54999,1085.35,1171.66,957.54999,1085.35,1171.66,961.41998,1057.0699,1170.38,961.41998,1057.0699,1170.38,961.41998,1057.0699,1170.38,3642.1001,4012.1101,4312.4902,3642.1001,4012.1101,4312.4902,3642.1001,4012.1101,4312.4902,3490,3937.1899,4400.1802,3490,3937.1899,4400.1802,3490,3937.1899,4400.1802,274.89001,311.59,336.38,274.89001,311.59,336.38,274.89001,311.59,336.38,276.01999,303.47,335.98001,276.01999,303.47,335.98001,276.01999,303.47,335.98001,464016.31,531861.94,581869.38,464016.31,531861.94,581869.38,464016.31,531861.94,581869.38,468887.56,516666.19,574187.5,468887.56,516666.19,574187.5,468887.56,516666.19,574187.5,.87,.89999998,.92000002,.87,.89999998,.92000002,.87,.89999998,.92000002,.88,.89999998,.92000002,.88,.89999998,.92000002,.88,.89999998,.92000002,1.0700001,1.11,1.14,1.0700001,1.11,1.14,1.0700001,1.11,1.14,1.0700001,1.1,1.12,1.0700001,1.1,1.12,1.0700001,1.1,1.12,.35938552,.37517425,.35267404,.35938552,.37517425,.35267404,.35938552,.37517425,.35267404,.36355084,.35390487,.36606607,.36355084,.35390487,.36606607,.36355084,.35390487,.36606607,189.98169,68157.422,358.75784,99131.969,68746,68746,68746,380,380,380,2358809,2358809,2358809,22904,22904,22904,1.6590989,1.6590989,1.6590989,167.9077,7854.3999,46.77808,17775.67,,,,,,,,,,,,,,,,,,,,60.273685,34.311947,,,213.86491,368.37067,,,,,278.25275,321.5238,278.25275,321.5238,278.25275,321.5238,60.273685,34.311947,,,1,,2.3890646,2.3890646,2.3890646,.72715789,.72715789,.72715789,1,,1,,8.4769516,,,3.3569157,3.3569157,3.3569157,1,,1,,2.3890648,2.3890648,2.3890648,.84019464,.84019464,.84019464,1,,1,,25.648832,,,7.8731351,7.8731351,7.8731351,1,
24Apr2021,Iran,374,69120,748,1870,138240,345600,18230,2377039,36460,91150,4754078,11885195,1863405,12614,2.0515633,444514,423.80356,21648.393,168.70255,6686.9453,39.637489,14824.421,,,,,,,,,,,,,,,,,,,,,,,,48498.828,54729.852,43447.34,19904.527,22461.818,17831.334,4275.1875,4832.4917,3833.3179,1569.9401,1737.2833,1438.6932,893.51019,,,165132.16,,,1020.1839,1020.1839,1020.1839,165290.39,165290.39,165290.39,374,,,69120,,,427.02231,427.02231,427.02231,69186.234,69186.234,69186.234,142.21536,187399.63,164862.73,208907.63,60688096,69644576,52609244,893.51019,,,165132.16,,,1020.1839,1020.1839,1020.1839,165290.39,165290.39,165290.39,142.21536,,,,,,,893.51019,,,165132.16,,,1020.1839,1020.1839,1020.1839,165290.39,165290.39,165290.39,142.21536,,,,,,,1.0599438,,,195.89122,,,1.2102129,1.2102129,1.2102129,196.07893,196.07893,196.07893,.44366476,,,81.994942,,,.50656348,.50656348,.50656348,82.073517,82.073517,82.073517,21.625692,222.30644,195.57161,247.82072,.476794,,,,,,,,,366.98276,119074.13,324.4679,289915.38,58036.91,56142.25,60222.379,58036.91,56142.25,60222.379,58036.91,56142.25,60222.379,57657.48,56286.078,59119.059,57657.48,56286.078,59119.059,57657.48,56286.078,59119.059,276.89001,251.7,297.69,276.89001,251.7,297.69,276.89001,251.7,297.69,271.81,240.27,304.03,271.81,240.27,304.03,271.81,240.27,304.03,18646914,18183766,19167408,18646914,18183766,19167408,18646914,18183766,19167408,18625672,18105706,19063862,18625672,18105706,19063862,18625672,18105706,19063862,75692.797,65825.406,83255.711,75692.797,65825.406,83255.711,75692.797,65825.406,83255.711,73474.023,66476.898,81834.602,73474.023,66476.898,81834.602,73474.023,66476.898,81834.602,9416.1602,10457.65,11257.22,9416.1602,10457.65,11257.22,9416.1602,10457.65,11257.22,9186.7998,10237.79,11407.65,9186.7998,10237.79,11407.65,9186.7998,10237.79,11407.65,942.04999,1070.63,1156.3199,942.04999,1070.63,1156.3199,942.04999,1070.63,1156.3199,948.94,1042.0699,1153.1,948.94,1042.0699,1153.1,948.94,1042.0699,1153.1,3637.1899,4016.99,4317.8101,3637.1899,4016.99,4317.8101,3637.1899,4016.99,4317.8101,3505.77,3939.04,4397.8198,3505.77,3939.04,4397.8198,3505.77,3939.04,4397.8198,270.64999,307.60001,332.25,270.64999,307.60001,332.25,270.64999,307.60001,332.25,272.64001,299.39001,331.28,272.64001,299.39001,331.28,272.64001,299.39001,331.28,456075.84,523922.59,575425.88,456075.84,523922.59,575425.88,456075.84,523922.59,575425.88,460659.41,508682.59,566245.81,460659.41,508682.59,566245.81,460659.41,508682.59,566245.81,.87,.89999998,.92000002,.87,.89999998,.92000002,.87,.89999998,.92000002,.88,.89999998,.92000002,.88,.89999998,.92000002,.88,.89999998,.92000002,1.0700001,1.11,1.14,1.0700001,1.11,1.14,1.0700001,1.11,1.14,1.0700001,1.1,1.12,1.0700001,1.1,1.12,1.0700001,1.1,1.12,.36580762,.38237515,.35756105,.36580762,.38237515,.35756105,.36580762,.38237515,.35756105,.36994025,.36143383,.37151766,.36994025,.36143383,.37151766,.36994025,.36143383,.37151766,189.98169,68157.422,358.75784,99336.461,69120,69120,69120,374,374,374,2377039,2377039,2377039,18230,18230,18230,2.0515633,2.0515633,2.0515633,167.9077,7854.3999,46.77808,17495.002,,,,,,,,,,,,,,,,,,,,48.743317,34.390034,,,209.73418,367.5123,,,,,273.36774,321.29404,273.36774,321.29404,273.36774,321.29404,48.743317,34.390034,,,1,,2.3890648,2.3890648,2.3890648,.74034762,.74034762,.74034762,1,,1,,10.279738,,,4.1521006,4.1521006,4.1521006,1,,1,,2.3890648,2.3890648,2.3890648,.83965439,.83965439,.83965439,1,,1,,25.530964,,,7.8445973,7.8445973,7.8445973,1,
25Apr2021,Iran,454,69574,908,2270,139148,347870,19165,2396204,38330,95825,4792408,11981020,1877517,14112,2.3689017,449113,427.71429,21144.902,168.70255,6686.9453,39.637489,17995.42,,,,,,,,,,,,,,,,,,,,,,,,48769.941,54957.348,43469.16,19761.205,22268.293,17613.369,4227.5288,4814.8379,3793.4785,1538.6959,1713.3778,1409.4617,1084.6354,,,166216.78,,,1021.3024,1021.3024,1021.3024,166311.69,166311.69,166311.69,454,,,69574,,,427.49048,427.49048,427.49048,69613.727,69613.727,69613.727,144.53178,180653.39,158500.08,200562.17,60868752,69845144,52767744,1084.6354,,,166216.78,,,1021.3024,1021.3024,1021.3024,166311.69,166311.69,166311.69,144.53178,,,,,,,1084.6354,,,166216.78,,,1021.3024,1021.3024,1021.3024,166311.69,166311.69,166311.69,144.53178,,,,,,,1.2866697,,,197.17789,,,1.2115399,1.2115399,1.2115399,197.29047,197.29047,197.29047,.53856629,,,82.533508,,,.50711888,.50711888,.50711888,82.580635,82.580635,82.580635,22.734854,214.30359,188.02379,237.92078,.6003958,,,,,,,,,366.98276,119074.13,324.4679,351929.34,58313.93,56431.73,60483.75,58313.93,56431.73,60483.75,58313.93,56431.73,60483.75,57929.211,56527.289,59389.039,57929.211,56527.289,59389.039,57929.211,56527.289,59389.039,277.01999,251.21001,297.85999,277.01999,251.21001,297.85999,277.01999,251.21001,297.85999,271.73001,241.21001,303.62,271.73001,241.21001,303.62,271.73001,241.21001,303.62,18721434,18255698,19244500,18721434,18255698,19244500,18721434,18255698,19244500,18697968,18174368,19139232,18697968,18174368,19139232,18697968,18174368,19139232,74519.703,64664.789,82281.43,74519.703,64664.789,82281.43,74519.703,64664.789,82281.43,72297.617,65201.16,80655.789,72297.617,65201.16,80655.789,72297.617,65201.16,80655.789,9347.3301,10409.28,11207.76,9347.3301,10409.28,11207.76,9347.3301,10409.28,11207.76,9177.2002,10182.57,11333.2,9177.2002,10182.57,11333.2,9177.2002,10182.57,11333.2,926.08002,1055.14,1143.2,926.08002,1055.14,1143.2,926.08002,1055.14,1143.2,934.97998,1026.37,1136.03,934.97998,1026.37,1136.03,934.97998,1026.37,1136.03,3627.3501,4016.2,4318.2998,3627.3501,4016.2,4318.2998,3627.3501,4016.2,4318.2998,3516.6499,3935.3999,4389.2402,3516.6499,3935.3999,4389.2402,3516.6499,3935.3999,4389.2402,266.29001,303.41,328.76001,266.29001,303.41,328.76001,266.29001,303.41,328.76001,268.85001,295.13,326.67001,268.85001,295.13,326.67001,268.85001,295.13,326.67001,448217.56,516028.59,568958.88,448217.56,516028.59,568958.88,448217.56,516028.59,568958.88,452079.38,500753.47,558326.25,452079.38,500753.47,558326.25,452079.38,500753.47,558326.25,.87,.89999998,.92000002,.87,.89999998,.92000002,.87,.89999998,.92000002,.88,.89999998,.92000002,.88,.89999998,.92000002,.88,.89999998,.92000002,1.0700001,1.11,1.14,1.0700001,1.11,1.14,1.0700001,1.11,1.14,1.0700001,1.1,1.12,1.0700001,1.1,1.12,1.0700001,1.1,1.12,.37174061,.38848037,.36200148,.37174061,.38848037,.36200148,.37174061,.38848037,.36200148,.37584919,.3699474,.37643918,.37584919,.3699474,.37643918,.37584919,.3699474,.37643918,189.98169,68157.422,358.75784,99383.094,69574,69574,69574,454,454,454,2396204,2396204,2396204,19165,19165,19165,2.3689017,2.3689017,2.3689017,167.9077,7854.3999,46.77808,21237.248,,,,,,,,,,,,,,,,,,,,42.213657,34.441086,,,166.55679,366.20099,,,,,269.00479,321.04565,269.00479,321.04565,269.00479,321.04565,42.213657,34.441086,,,1,,2.3890648,2.3890648,2.3890648,.61017621,.61017621,.61017621,1,,1,,9.4262142,,,3.8883226,3.8883226,3.8883226,1,,1,,2.3890646,2.3890646,2.3890646,.83815694,.83815694,.83815694,1,,1,,25.402157,,,7.8129549,7.8129549,7.8129549,1,
26Apr2021,Iran,496,70070,992,2480,140140,350350,21026,2417230,42052,105130,4834460,12086150,1892229,14712,2.3589842,454931,428.02679,20677.652,168.70255,6686.9453,39.637489,19660.195,,,,,,,,,,,,,,,,,,,,,,,,49041.391,55433.195,43624.586,19459.172,21995.381,17309.834,4170.856,4788.209,3742.0012,1505.5034,1686.0148,1378.635,1184.9761,,,167401.77,,,1016.395,1016.395,1016.395,167328.09,167328.09,167328.09,496,,,70070,,,425.43634,425.43634,425.43634,70039.164,70039.164,70039.164,146.84775,173964.63,152764.16,194729.55,61042716,70039872,52920508,1184.9761,,,167401.77,,,1016.395,1016.395,1016.395,167328.09,167328.09,167328.09,146.84775,,,,,,,1184.9761,,,167401.77,,,1016.395,1016.395,1016.395,167328.09,167328.09,167328.09,146.84775,,,,,,,1.4057009,,,198.58359,,,1.2057183,1.2057183,1.2057183,198.49619,198.49619,198.49619,.58838964,,,83.121895,,,.50468212,.50468212,.50468212,83.08532,83.08532,83.08532,24.942501,206.36891,181.21945,231.00171,.6811592,,,,,,,,,366.98276,119074.13,324.4679,384486.69,58590.648,56720.398,60744.051,58590.648,56720.398,60744.051,58590.648,56720.398,60744.051,58200.43,56769.07,59658.809,58200.43,56769.07,59658.809,58200.43,56769.07,59658.809,276.72,250.25999,297.59,276.72,250.25999,297.59,276.72,250.25999,297.59,271.23001,241.78,302.75,271.23001,241.78,302.75,271.23001,241.78,302.75,18794796,18326470,19320276,18794796,18326470,19320276,18794796,18326470,19320276,18769106,18242198,19213474,18769106,18242198,19213474,18769106,18242198,19213474,73362.07,63522.941,81314.758,73362.07,63522.941,81314.758,73362.07,63522.941,81314.758,71137.523,63942.262,79489.469,71137.523,63942.262,79489.469,71137.523,63942.262,79489.469,9265.5,10347.52,11142.61,9265.5,10347.52,11142.61,9265.5,10347.52,11142.61,9148.5703,10114.6,11244.49,9148.5703,10114.6,11244.49,9148.5703,10114.6,11244.49,909.83002,1039.14,1129.92,909.83002,1039.14,1129.92,909.83002,1039.14,1129.92,919.41998,1010.22,1120.0699,919.41998,1010.22,1120.0699,919.41998,1010.22,1120.0699,3612.9099,4010.04,4312.6802,3612.9099,4010.04,4312.6802,3612.9099,4010.04,4312.6802,3522.8401,3926.5701,4374.79,3522.8401,3926.5701,4374.79,3522.8401,3926.5701,4374.79,261.87,299.09,325.26001,261.87,299.09,325.26001,261.87,299.09,325.26001,264.62,290.76999,322.39001,264.62,290.76999,322.39001,264.62,290.76999,322.39001,440442.88,508182.47,562471.63,440442.88,508182.47,562471.63,440442.88,508182.47,562471.63,443507.97,492881.22,550432.13,443507.97,492881.22,550432.13,443507.97,492881.22,550432.13,.87,.89999998,.92000002,.87,.89999998,.92000002,.87,.89999998,.92000002,.88,.88999999,.92000002,.88,.88999999,.92000002,.88,.88999999,.92000002,1.0700001,1.11,1.14,1.0700001,1.11,1.14,1.0700001,1.11,1.14,1.0700001,1.1,1.12,1.0700001,1.1,1.12,1.0700001,1.1,1.12,.37719765,.3939679,.36597294,.37719765,.3939679,.36597294,.37719765,.3939679,.36597294,.38127559,.37812239,.38086808,.38127559,.37812239,.38086808,.38127559,.37812239,.38086808,189.98169,68157.422,358.75784,99275.469,70070,70070,70070,496,496,496,2417230,2417230,2417230,21026,21026,21026,2.3589842,2.3589842,2.3589842,167.9077,7854.3999,46.77808,23201.928,,,,,,,,,,,,,,,,,,,,42.391129,34.49736,,,146.80855,364.64798,,,,,265.11301,320.78149,265.11301,320.78149,265.11301,320.78149,42.391129,34.49736,,,1,,2.3890646,2.3890646,2.3890646,.55790323,.55790323,.55790323,1,,1,,8.2737856,,,3.4891121,3.4891121,3.4891121,1,,1,,2.3890648,2.3890648,2.3890648,.83617312,.83617312,.83617312,1,,1,,25.253168,,,7.7753444,7.7753444,7.7753444,1,
27Apr2021,Iran,462,70532,924,2310,141064,352660,20963,2438193,41926,104815,4876386,12190965,1907190,14961,2.2038829,460471,425.45535,20296.758,168.70255,6686.9453,39.637489,18312.52,,,,,,,,,,,,,,,,,,,,,,,,49134.672,55721.555,43776.047,19049.326,21603.035,16971.809,4105.5537,4716.2715,3676.522,1471.4,1655.1589,1345.5323,1103.7479,,,168505.52,,,1006.3398,1006.3398,1006.3398,168334.42,168334.42,168334.42,462,,,70532,,,421.22754,421.22754,421.22754,70460.391,70460.391,70460.391,149.11992,167375.94,146990.95,187744.25,61210092,70227616,53067500,1103.7479,,,168505.52,,,1006.3398,1006.3398,1006.3398,168334.42,168334.42,168334.42,149.11992,,,,,,,1103.7479,,,168505.52,,,1006.3398,1006.3398,1006.3398,168334.42,168334.42,168334.42,149.11992,,,,,,,1.3093424,,,199.89293,,,1.1937902,1.1937902,1.1937902,199.68999,199.68999,199.68999,.54805648,,,83.669952,,,.49968934,.49968934,.49968934,83.585007,83.585007,83.585007,24.867765,198.55295,174.37086,222.71527,.65944242,,,,,,,,,366.98276,119074.13,324.4679,358130.78,58866.672,57007.809,61002.91,58866.672,57007.809,61002.91,58866.672,57007.809,61002.91,58470.77,57011.078,59927.988,58470.77,57011.078,59927.988,58470.77,57011.078,59927.988,276.01999,248.96001,296.92999,276.01999,248.96001,296.92999,276.01999,248.96001,296.92999,270.32999,242,301.42999,270.32999,242,301.42999,270.32999,242,301.42999,18867012,18393838,19394752,18867012,18393838,19394752,18867012,18393838,19394752,18839098,18309204,19286598,18839098,18309204,19286598,18839098,18309204,19286598,72216.852,62397.5,80351.68,72216.852,62397.5,80351.68,72216.852,62397.5,80351.68,69990.859,62704.121,78332.602,69990.859,62704.121,78332.602,69990.859,62704.121,78332.602,9172.1797,10273.49,11063.04,9172.1797,10273.49,11063.04,9172.1797,10273.49,11063.04,9097.25,10035,11142.84,9097.25,10035,11142.84,9097.25,10035,11142.84,893.40997,1022.8,1116.67,893.40997,1022.8,1116.67,893.40997,1022.8,1116.67,902.44,993.78003,1103.71,902.44,993.78003,1103.71,902.44,993.78003,1103.71,3594.22,3998.8601,4301.27,3594.22,3998.8601,4301.27,3594.22,3998.8601,4301.27,3524.5901,3912.9099,4354.8999,3524.5901,3912.9099,4354.8999,3524.5901,3912.9099,4354.8999,257.41,294.70001,321.78,257.41,294.70001,321.78,257.41,294.70001,321.78,260.01001,286.34,318.01001,260.01001,286.34,318.01001,260.01001,286.34,318.01001,432753.03,500386.59,555967.06,432753.03,500386.59,555967.06,432753.03,500386.59,555967.06,435047.22,485067.91,542566.56,435047.22,485067.91,542566.56,435047.22,485067.91,542566.56,.87,.89999998,.92000002,.87,.89999998,.92000002,.87,.89999998,.92000002,.87,.88999999,.92000002,.87,.88999999,.92000002,.87,.88999999,.92000002,1.0700001,1.11,1.14,1.0700001,1.11,1.14,1.0700001,1.11,1.14,1.0700001,1.1,1.12,1.0700001,1.1,1.12,1.0700001,1.1,1.12,.38220996,.39899036,.36953801,.38220996,.39899036,.36953801,.38220996,.39899036,.36953801,.38623613,.38593954,.38480785,.38623613,.38593954,.38480785,.38623613,.38593954,.38480785,189.98169,68157.422,358.75784,99024.336,70532,70532,70532,462,462,462,2438193,2438193,2438193,20963,20963,20963,2.2038829,2.2038829,2.2038829,167.9077,7854.3999,46.77808,21611.473,,,,,,,,,,,,,,,,,,,,45.374458,34.568607,,,151.64326,363.25275,,,,,261.63632,320.50415,261.63632,320.50415,261.63632,320.50415,45.374458,34.568607,,,1,,2.3890648,2.3890648,2.3890648,.59744585,.59744585,.59744585,1,,1,,7.9843502,,,3.4449675,3.4449675,3.4449675,1,,1,,2.3890648,2.3890648,2.3890648,.83460945,.83460945,.83460945,1,,1,,25.104694,,,7.7381124,7.7381124,7.7381124,1,
28Apr2021,Iran,434,70966,868,2170,141932,354830,21713,2459906,43426,108565,4919812,12299530,1923081,15891,1.9988025,465859,419.33929,20030.178,168.70255,6686.9453,39.637489,17202.67,,,,,,,,,,,,,,,,,,,,,,,,48979.512,55708.371,43712.418,18265.799,20775.174,16301.556,4032.2705,4621.8335,3604.2925,1436.8451,1615.0822,1312.283,1036.854,,,169542.36,,,992.07056,992.07056,992.07056,169326.5,169326.5,169326.5,434,,,70966,,,415.25479,415.25479,415.25479,70875.641,70875.641,70875.641,151.2921,160925.5,140969.2,180532.38,61371016,70408144,53208468,1036.854,,,169542.36,,,992.07056,992.07056,992.07056,169326.5,169326.5,169326.5,151.2921,,,,,,,1036.854,,,169542.36,,,992.07056,992.07056,992.07056,169326.5,169326.5,169326.5,151.2921,,,,,,,1.2299882,,,201.12292,,,1.176863,1.176863,1.176863,200.86685,200.86685,200.86685,.5148409,,,84.184799,,,.49260405,.49260405,.49260405,84.077606,84.077606,84.077606,25.757467,190.901,167.22745,214.16003,.64430684,,,,,,,,,366.98276,119074.13,324.4679,336425.84,59141.59,57293.539,61259.969,59141.59,57293.539,61259.969,59141.59,57293.539,61259.969,58739.828,57252.949,60196.211,58739.828,57252.949,60196.211,58739.828,57252.949,60196.211,274.92999,247.34,295.82999,274.92999,247.34,295.82999,274.92999,247.34,295.82999,269.06,241.88,299.67999,269.06,241.88,299.67999,269.06,241.88,299.67999,18938096,18459680,19467942,18938096,18459680,19467942,18938096,18459680,19467942,18907954,18375390,19358618,18907954,18375390,19358618,18907954,18375390,19358618,71082.578,61287.301,79390.352,71082.578,61287.301,79390.352,71082.578,61287.301,79390.352,68856.25,61485.25,77183.773,68856.25,61485.25,77183.773,68856.25,61485.25,77183.773,9070.2803,10188.4,10970.42,9070.2803,10188.4,10970.42,9070.2803,10188.4,10970.42,9036.7998,9944.9404,11029.57,9036.7998,9944.9404,11029.57,9036.7998,9944.9404,11029.57,876.92999,1006.24,1102.98,876.92999,1006.24,1102.98,876.92999,1006.24,1102.98,885.40997,977.15002,1087.05,885.40997,977.15002,1087.05,885.40997,977.15002,1087.05,3571.3501,3983.04,4284.4902,3571.3501,3983.04,4284.4902,3571.3501,3983.04,4284.4902,3522.1899,3894.79,4329.9902,3522.1899,3894.79,4329.9902,3522.1899,3894.79,4329.9902,252.96001,290.26999,318.20999,252.96001,290.26999,318.20999,252.96001,290.26999,318.20999,255.39999,281.88,313.57999,255.39999,281.88,313.57999,255.39999,281.88,313.57999,425149.09,492643.16,549448.31,425149.09,492643.16,549448.31,425149.09,492643.16,549448.31,426697.84,477315.56,534732.38,426697.84,477315.56,534732.38,426697.84,477315.56,534732.38,.87,.89999998,.92000002,.87,.89999998,.92000002,.87,.89999998,.92000002,.87,.88999999,.92000002,.87,.88999999,.92000002,.87,.88999999,.92000002,1.0700001,1.11,1.14,1.0700001,1.11,1.14,1.0700001,1.11,1.14,1.0700001,1.1,1.12,1.0700001,1.1,1.12,1.0700001,1.1,1.12,.38677549,.40357462,.37262714,.38677549,.40357462,.37262714,.38677549,.40357462,.37262714,.3907561,.39339519,.38826814,.3907561,.39339519,.38826814,.3907561,.39339519,.38826814,189.98169,68157.422,358.75784,98633.289,70966,70966,70966,434,434,434,2459906,2459906,2459906,21713,21713,21713,1.9988025,1.9988025,1.9988025,167.9077,7854.3999,46.77808,20301.688,,,,,,,,,,,,,,,,,,,,50.029953,34.663162,,,155.20555,361.98044,,,,,258.54791,320.21622,258.54791,320.21622,258.54791,320.21622,50.029953,34.663162,,,1,,2.3890646,2.3890646,2.3890646,.63347924,.63347924,.63347924,1,,1,,7.4114814,,,3.2737336,3.2737336,3.2737336,1,,1,,2.3890646,2.3890646,2.3890646,.83337921,.83337921,.83337921,1,,1,,24.948521,,,7.6987071,7.6987071,7.6987071,1,
29Apr2021,Iran,385,71351,770,1925,142702,356755,19899,2479805,39798,99495,4959610,12399025,1938064,14983,1.9347706,470390,410.26785,19805.857,168.70255,6686.9453,39.637489,15260.434,,,,,,,,,,,,,,,,,,,,,,,,46841.379,53392.063,41886.211,17823.814,20316.443,15938.302,3951.7549,4514.4487,3514.1064,1402.201,1573.6366,1276.2913,919.78992,,,170462.16,,,974.53607,974.53607,974.53607,170301.03,170301.03,170301.03,385,,,71351,,,407.91531,407.91531,407.91531,71283.563,71283.563,71283.563,153.3055,154646.45,135792.06,172337.67,61525664,70580488,53344260,919.78992,,,170462.16,,,974.53607,974.53607,974.53607,170301.03,170301.03,170301.03,153.3055,,,,,,,919.78992,,,170462.16,,,974.53607,974.53607,974.53607,170301.03,170301.03,170301.03,153.3055,,,,,,,1.0911186,,,202.21404,,,1.1560624,1.1560624,1.1560624,202.0229,202.0229,202.0229,.45671374,,,84.64151,,,.48389748,.48389748,.48389748,84.561508,84.561508,84.561508,23.605576,183.45235,161.08597,204.4389,.59476948,,,,,,,,,366.98276,119074.13,324.4679,298442.31,59415.059,57577.211,61514.93,59415.059,57577.211,61514.93,59415.059,57577.211,61514.93,59007.27,57494.379,60463.121,59007.27,57494.379,60463.121,59007.27,57494.379,60463.121,273.47,245.38,294.31,273.47,245.38,294.31,273.47,245.38,294.31,267.44,241.42,297.54999,267.44,241.42,297.54999,267.44,241.42,297.54999,19008054,18524494,19539858,19008054,18524494,19539858,19008054,18524494,19539858,18975686,18440758,19429538,18975686,18440758,19429538,18975686,18440758,19429538,69958.719,60344.43,78430.156,69958.719,60344.43,78430.156,69958.719,60344.43,78430.156,67733.141,60284.969,76049.477,67733.141,60284.969,76049.477,67733.141,60284.969,76049.477,8960.8604,10093.4,10866.12,8960.8604,10093.4,10866.12,8960.8604,10093.4,10866.12,8968.1104,9845.5703,10906.02,8968.1104,9845.5703,10906.02,8968.1104,9845.5703,10906.02,860.41998,989.53003,1088.9399,860.41998,989.53003,1088.9399,860.41998,989.53003,1088.9399,868.14001,960.40002,1070.1899,868.14001,960.40002,1070.1899,868.14001,960.40002,1070.1899,3543.8301,3962.96,4262.7798,3543.8301,3962.96,4262.7798,3543.8301,3962.96,4262.7798,3511.98,3872.6001,4300.52,3511.98,3872.6001,4300.52,3511.98,3872.6001,4300.52,248.52,285.82001,314.57001,248.52,285.82001,314.57001,248.52,285.82001,314.57001,250.74001,277.41,309.12,250.74001,277.41,309.12,250.74001,277.41,309.12,418364.03,484954.41,542918.44,418364.03,484954.41,542918.44,418364.03,484954.41,542918.44,418460.5,469626.13,526948.31,418460.5,469626.13,526948.31,418460.5,469626.13,526948.31,.87,.89999998,.92000002,.87,.89999998,.92000002,.87,.89999998,.92000002,.87,.88999999,.91000003,.87,.88999999,.91000003,.87,.88999999,.91000003,1.0700001,1.11,1.14,1.0700001,1.11,1.14,1.0700001,1.11,1.14,1.0700001,1.1,1.12,1.0700001,1.1,1.12,1.0700001,1.1,1.12,.39090195,.40663239,.37525105,.39090195,.40663239,.37525105,.39090195,.40663239,.37525105,.39484364,.40046465,.39125842,.39484364,.40046465,.39125842,.39484364,.40046465,.39125842,189.98169,68157.422,358.75784,98109.508,71351,71351,71351,385,385,385,2479805,2479805,2479805,19899,19899,19899,1.9347706,1.9347706,1.9347706,167.9077,7854.3999,46.77808,18009.561,,,,,,,,,,,,,,,,,,,,51.685715,34.755013,,,168.13237,360.93445,,,,,255.81862,319.9198,255.81862,319.9198,255.81862,319.9198,51.685715,34.755013,,,1,,2.3890648,2.3890648,2.3890648,.71031171,.71031171,.71031171,1,,1,,7.7715693,,,3.5156901,3.5156901,3.5156901,1,,1,,2.3890648,2.3890648,2.3890648,.83271515,.83271515,.83271515,1,,1,,24.810686,,,7.6651406,7.6651406,7.6651406,1,
30Apr2021,Iran,407,71758,814,2035,143516,358790,19272,2499077,38544,96360,4998154,12495385,1954321,16257,2.1118722,472998,399.30359,19590.5,168.70255,6686.9453,39.637489,16132.458,,,,,,,,,,,,,,,,,,,,,,,,46533.453,52634.813,41702.953,17528.404,19826.688,15708.831,3864.8892,4396.9185,3423.2146,1367.6611,1531.1803,1240.7351,972.3493,,,171434.5,,,954.6637,954.6637,954.6637,171255.7,171255.7,171255.7,407,,,71758,,,399.59726,399.59726,399.59726,71683.156,71683.156,71683.156,155.11295,148566.83,131100.77,164392.97,61674228,70744880,53475360,972.3493,,,171434.5,,,954.6637,954.6637,954.6637,171255.7,171255.7,171255.7,155.11295,,,,,,,972.3493,,,171434.5,,,954.6637,954.6637,954.6637,171255.7,171255.7,171255.7,155.11295,,,,,,,1.1534683,,,203.36751,,,1.1324884,1.1324884,1.1324884,203.1554,203.1554,203.1554,.48281166,,,85.124321,,,.47403002,.47403002,.47403002,85.035538,85.035538,85.035538,22.861784,176.2403,155.52083,195.01434,.65448612,,,,,,,,,366.98276,119074.13,324.4679,315496.13,59686.738,57856.879,61767.488,59686.738,57856.879,61767.488,59686.738,57856.879,61767.488,59272.77,57735.039,60728.398,59272.77,57735.039,60728.398,59272.77,57735.039,60728.398,271.67999,243.07001,292.39001,271.67999,243.07001,292.39001,271.67999,243.07001,292.39001,265.5,240.41,295.04999,265.5,240.41,295.04999,265.5,240.41,295.04999,19076900,18588286,19610518,19076900,18588286,19610518,19076900,18588286,19610518,19042308,18505312,19499370,19042308,18505312,19499370,19042308,18505312,19499370,68845.148,59425.73,77471.094,68845.148,59425.73,77471.094,68845.148,59425.73,77471.094,66621.406,59102.949,74933.469,66621.406,59102.949,74933.469,66621.406,59102.949,74933.469,8844.9004,9989.6396,10751.47,8844.9004,9989.6396,10751.47,8844.9004,9989.6396,10751.47,8880.3701,9737.9805,10776.98,8880.3701,9737.9805,10776.98,8880.3701,9737.9805,10776.98,843.92999,972.71997,1074.62,843.92999,972.71997,1074.62,843.92999,972.71997,1074.62,850.10999,943.58002,1053.16,850.10999,943.58002,1053.16,850.10999,943.58002,1053.16,3513.1599,3939,4236.5698,3513.1599,3939,4236.5698,3513.1599,3939,4236.5698,3496.1799,3846.7,4266.8999,3496.1799,3846.7,4266.8999,3496.1799,3846.7,4266.8999,244.11,281.37,310.89001,244.11,281.37,310.89001,244.11,281.37,310.89001,245.89,272.94,304.64999,245.89,272.94,304.64999,245.89,272.94,304.64999,412054.22,477322.59,536380.94,412054.22,477322.59,536380.94,412054.22,477322.59,536380.94,410336,462001.63,519307.56,410336,462001.63,519307.56,410336,462001.63,519307.56,.87,.88999999,.92000002,.87,.88999999,.92000002,.87,.88999999,.92000002,.87,.88999999,.91000003,.87,.88999999,.91000003,.87,.88999999,.91000003,1.0700001,1.11,1.14,1.0700001,1.11,1.14,1.0700001,1.11,1.14,1.0700001,1.1,1.12,1.0700001,1.1,1.12,1.0700001,1.1,1.12,.39462474,.4090316,.37741822,.39462474,.4090316,.37741822,.39462474,.4090316,.37741822,.39852056,.40676481,.39374927,.39852056,.40676481,.39374927,.39852056,.40676481,.39374927,189.98169,68157.422,358.75784,97467.328,71758,71758,71758,407,407,407,2499077,2499077,2499077,19272,19272,19272,2.1118722,2.1118722,2.1118722,167.9077,7854.3999,46.77808,19038.678,,,,,,,,,,,,,,,,,,,,47.351353,34.826458,,,152.79163,359.75388,,,,,253.40529,319.61707,253.40529,319.61707,253.40529,319.61707,47.351353,34.826458,,,1,,2.3890646,2.3890646,2.3890646,.66751844,.66751844,.66751844,1,,1,,7.7089472,,,3.5722888,3.5722888,3.5722888,1,,1,,2.3890646,2.3890646,2.3890646,.83177817,.83177817,.83177817,1,,1,,24.678802,,,7.6335783,7.6335783,7.6335783,1,
01May2021,Iran,332,72090,664,1660,144180,360450,17080,2516157,34160,85400,5032314,12580785,1971064,16743,1.9437939,473003,387.07144,19332.313,168.70255,6686.9453,39.637489,13159.646,,,,,,,,,,,,,,,,,,,,,,,,46104.16,51880.605,41411.156,17196.973,19351.602,15446.471,3771.3926,4270.1294,3330.8074,1333.3346,1488.1084,1206.3195,793.16949,,,172227.67,,,933.26648,933.26648,933.26648,172188.97,172188.97,172188.97,332,,,72090,,,390.64096,390.64096,390.64096,72073.797,72073.797,72073.797,156.69116,142710.05,125936.48,157483.36,61816940,70902360,53601296,793.16949,,,172227.67,,,933.26648,933.26648,933.26648,172188.97,172188.97,172188.97,156.69116,,,,,,,793.16949,,,172227.67,,,933.26648,933.26648,933.26648,172188.97,172188.97,172188.97,156.69116,,,,,,,.94091266,,,204.30843,,,1.1071055,1.1071055,1.1071055,204.2625,204.2625,204.2625,.39384145,,,85.518166,,,.4634054,.4634054,.4634054,85.49894,85.49894,85.49894,20.261482,169.29257,149.39459,186.81769,.5557909,,,,,,,,,366.98276,119074.13,324.4679,257358.03,59956.309,58131.578,62017.379,59956.309,58131.578,62017.379,59956.309,58131.578,62017.379,59536.02,57974.648,60991.77,59536.02,57974.648,60991.77,59536.02,57974.648,60991.77,269.57001,240.50999,290.10999,269.57001,240.50999,290.10999,269.57001,240.50999,290.10999,263.26001,238.92,292.22,263.26001,238.92,292.22,263.26001,238.92,292.22,19144642,18651064,19679934,19144642,18651064,19679934,19144642,18651064,19679934,19107830,18569056,19568122,19107830,18569056,19568122,19107830,18569056,19568122,67741.883,58515.719,76513.141,67741.883,58515.719,76513.141,67741.883,58515.719,76513.141,65521.012,57939.102,73824.547,65521.012,57939.102,73824.547,65521.012,57939.102,73824.547,8723.3203,9878.1504,10633.64,8723.3203,9878.1504,10633.64,8723.3203,9878.1504,10633.64,8784.1699,9623.1904,10644.32,8784.1699,9623.1904,10644.32,8784.1699,9623.1904,10644.32,827.46997,955.84003,1060.05,827.46997,955.84003,1060.05,827.46997,955.84003,1060.05,832.16998,926.71997,1036.01,832.16998,926.71997,1036.01,832.16998,926.71997,1036.01,3479.6799,3911.53,4206.2798,3479.6799,3911.53,4206.2798,3479.6799,3911.53,4206.2798,3477.46,3817.46,4229.5698,3477.46,3817.46,4229.5698,3477.46,3817.46,4229.5698,239.74001,276.94,307.17001,239.74001,276.94,307.17001,239.74001,276.94,307.17001,241.08,268.5,300.17001,241.08,268.5,300.17001,241.08,268.5,300.17001,405798.25,469734.44,529794.44,405798.25,469734.44,529794.44,405798.25,469734.44,529794.44,402329.28,454426.22,511696.81,402329.28,454426.22,511696.81,402329.28,454426.22,511696.81,.86000001,.88,.91000003,.86000001,.88,.91000003,.86000001,.88,.91000003,.86000001,.88,.89999998,.86000001,.88,.89999998,.86000001,.88,.89999998,1.0599999,1.09,1.12,1.0599999,1.09,1.12,1.0599999,1.09,1.12,1.0599999,1.09,1.11,1.0599999,1.09,1.11,1.0599999,1.09,1.11,.397937,.41101775,.37916362,.397937,.41101775,.37916362,.397937,.41101775,.37916362,.40179479,.41236401,.39583039,.40179479,.41236401,.39583039,.40179479,.41236401,.39583039,189.98169,68157.422,358.75784,96710.352,72090,72090,72090,332,332,332,2516157,2516157,2516157,17080,17080,17080,1.9437939,1.9437939,1.9437939,167.9077,7854.3999,46.77808,15530.322,,,,,,,,,,,,,,,,,,,,51.445782,34.902996,,,179.92377,358.92572,,,,,251.29607,319.30988,251.29607,319.30988,251.29607,319.30988,51.445782,34.902996,,,1,,2.3890648,2.3890648,2.3890648,.81195784,.81195784,.81195784,1,,1,,8.3553896,,,3.9661524,3.9661524,3.9661524,1,,1,,2.3890646,2.3890646,2.3890646,.83168691,.83168691,.83168691,1,,1,,24.567999,,,7.6086836,7.6086836,7.6086836,1,
02May2021,Iran,394,72484,788,1970,144968,362420,18698,2534855,37396,93490,5069710,12674275,1988165,17101,2.1071773,474206,375.48215,18982.098,168.70255,6686.9453,39.637489,15617.171,,,,,,,,,,,,,,,,,,,,,,,,45555.922,51195.516,40924.27,17192.473,19320.813,15444.52,3674.6279,4147.498,3239.075,1299.2502,1444.6649,1172.9796,941.2915,,,173168.97,,,911.04913,911.04913,911.04913,173100.02,173100.02,173100.02,394,,,72484,,,381.34137,381.34137,381.34137,72455.141,72455.141,72455.141,158.0432,137095.42,120938.25,151478.08,61954036,71053840,53722236,941.2915,,,173168.97,,,911.04913,911.04913,911.04913,173100.02,173100.02,173100.02,158.0432,,,,,,,941.2915,,,173168.97,,,911.04913,911.04913,911.04913,173100.02,173100.02,173100.02,158.0432,,,,,,,1.1166253,,,205.42505,,,1.0807498,1.0807498,1.0807498,205.34325,205.34325,205.34325,.46739015,,,85.98555,,,.45237359,.45237359,.45237359,85.951317,85.951317,85.951317,22.180866,162.63211,143.46535,179.69382,.68659586,,,,,,,,,366.98276,119074.13,324.4679,305418.88,60223.48,58403.531,62264.359,60223.48,58403.531,62264.359,60223.48,58403.531,62264.359,59796.762,58212.941,61252.93,59796.762,58212.941,61252.93,59796.762,58212.941,61252.93,267.17001,237.71001,287.5,267.17001,237.71001,287.5,267.17001,237.71001,287.5,260.73999,237.17999,289.09,260.73999,237.17999,289.09,260.73999,237.17999,289.09,19211220,18712784,19748046,19211220,18712784,19748046,19211220,18712784,19748046,19172208,18631880,19635740,19172208,18631880,19635740,19172208,18631880,19635740,66579.227,57606.16,75353.828,66579.227,57606.16,75353.828,66579.227,57606.16,75353.828,64378.211,56793.352,72606.867,64378.211,56793.352,72606.867,64378.211,56793.352,72606.867,8596.9297,9759.9004,10529.67,8596.9297,9759.9004,10529.67,8596.9297,9759.9004,10529.67,8682.7695,9502.1201,10504.61,8682.7695,9502.1201,10504.61,8682.7695,9502.1201,10504.61,811.09003,938.90002,1045.23,811.09003,938.90002,1045.23,811.09003,938.90002,1045.23,814.33002,909.83002,1018.73,814.33002,909.83002,1018.73,814.33002,909.83002,1018.73,3443.72,3880.8999,4172.3198,3443.72,3880.8999,4172.3198,3443.72,3880.8999,4172.3198,3455.78,3785.23,4188.9102,3455.78,3785.23,4188.9102,3455.78,3785.23,4188.9102,235.39999,272.51001,303.41,235.39999,272.51001,303.41,235.39999,272.51001,303.41,236.33,264.07001,295.67999,236.33,264.07001,295.67999,236.33,264.07001,295.67999,399677.53,461262.16,520471.75,399677.53,461262.16,520471.75,399677.53,461262.16,520471.75,394423.91,446206.03,502492.66,394423.91,446206.03,502492.66,394423.91,446206.03,502492.66,.86000001,.88,.91000003,.86000001,.88,.91000003,.86000001,.88,.91000003,.86000001,.88,.89999998,.86000001,.88,.89999998,.86000001,.88,.89999998,1.0599999,1.09,1.12,1.0599999,1.09,1.12,1.0599999,1.09,1.12,1.0599999,1.09,1.11,1.0599999,1.09,1.11,1.0599999,1.09,1.11,.40128133,.41264686,.38153338,.40128133,.41264686,.38153338,.40128133,.41264686,.38153338,.40501279,.41761929,.39815792,.40501279,.41761929,.39815792,.40501279,.41761929,.39815792,189.98169,68157.422,358.75784,95849.336,72484,72484,72484,394,394,394,2534855,2534855,2534855,18698,18698,18698,2.1071773,2.1071773,2.1071773,167.9077,7854.3999,46.77808,18430.564,,,,,,,,,,,,,,,,,,,,47.456852,34.971233,,,145.64609,357.76639,,,,,249.20172,318.99884,249.20172,318.99884,249.20172,318.99884,47.456852,34.971233,,,1,,2.3890648,2.3890648,2.3890648,.67809647,.67809647,.67809647,1,,1,,7.3320904,,,3.5607672,3.5607672,3.5607672,1,,1,,2.3890648,2.3890648,2.3890648,.83085203,.83085203,.83085203,1,,1,,24.440861,,,7.578824,7.578824,7.578824,1,
03May2021,Iran,391,72875,782,1955,145750,364375,20732,2555587,41464,103660,5111174,12777935,2004949,16784,1.8859733,477763,365.60715,18593.205,168.70255,6686.9453,39.637489,15498.259,,,,,,,,,,,,,,,,,,,,,,,,45307.125,50864.043,40613.691,17413.621,19549.4,15609.717,3574.5195,4018.3474,3148.3013,1265.437,1401.0409,1140.682,934.12427,,,174103.09,,,888.66107,888.66107,888.66107,173988.67,173988.67,173988.67,391,,,72875,,,371.97028,371.97028,371.97028,72827.109,72827.109,72827.109,159.18839,131738.3,116211.39,145770.81,62085772,71199608,53838448,934.12427,,,174103.09,,,888.66107,888.66107,888.66107,173988.67,173988.67,173988.67,159.18839,,,,,,,934.12427,,,174103.09,,,888.66107,888.66107,888.66107,173988.67,173988.67,173988.67,159.18839,,,,,,,1.1081231,,,206.53317,,,1.0541915,1.0541915,1.0541915,206.39745,206.39745,206.39745,.46383134,,,86.449387,,,.44125697,.44125697,.44125697,86.39257,86.39257,86.39257,24.593739,156.27711,137.85802,172.92346,.70907569,,,,,,,,,366.98276,119074.13,324.4679,303093.34,60487.988,58672.469,62513.871,60487.988,58672.469,62513.871,60487.988,58672.469,62513.871,60054.738,58449.672,61511.648,60054.738,58449.672,61511.648,60054.738,58449.672,61511.648,264.51999,234.72,284.57999,264.51999,234.72,284.57999,264.51999,234.72,284.57999,257.98001,235.22,285.67999,257.98001,235.22,285.67999,257.98001,235.22,285.67999,19276576,18773404,19814792,19276576,18773404,19814792,19276576,18773404,19814792,19235400,18693672,19702162,19235400,18693672,19702162,19235400,18693672,19702162,65355.328,56712.039,73991.141,65355.328,56712.039,73991.141,65355.328,56712.039,73991.141,63193.02,55663.828,71270.148,63193.02,55663.828,71270.148,63193.02,55663.828,71270.148,8466.5703,9635.7002,10428.52,8466.5703,9635.7002,10428.52,8466.5703,9635.7002,10428.52,8560.4404,9375.5596,10380.31,8560.4404,9375.5596,10380.31,8560.4404,9375.5596,10380.31,794.91998,921.78998,1029.8199,794.91998,921.78998,1029.8199,794.91998,921.78998,1029.8199,796.59003,892.81,1001.16,796.59003,892.81,1001.16,796.59003,892.81,1001.16,3405.6001,3847.4199,4135.0498,3405.6001,3847.4199,4135.0498,3405.6001,3847.4199,4135.0498,3426.8899,3750.3101,4147.6299,3426.8899,3750.3101,4147.6299,3426.8899,3750.3101,4147.6299,231.16,268.06,299.51001,231.16,268.06,299.51001,231.16,268.06,299.51001,231.63,259.63,291.14999,231.63,259.63,291.14999,231.63,259.63,291.14999,393507.13,452863.38,511196,393507.13,452863.38,511196,393507.13,452863.38,511196,386627.88,438065.5,493332.94,386627.88,438065.5,493332.94,386627.88,438065.5,493332.94,.86000001,.88,.89999998,.86000001,.88,.89999998,.86000001,.88,.89999998,.86000001,.88,.89999998,.86000001,.88,.89999998,.86000001,.88,.89999998,1.0599999,1.09,1.12,1.0599999,1.09,1.12,1.0599999,1.09,1.12,1.0599999,1.09,1.11,1.0599999,1.09,1.11,1.0599999,1.09,1.11,.40474129,.41388038,.3846136,.40474129,.41388038,.3846136,.40474129,.41388038,.3846136,.4082413,.42257243,.40084103,.4082413,.42257243,.40084103,.4082413,.42257243,.40084103,189.98169,68157.422,358.75784,94898.617,72875,72875,72875,391,391,391,2555587,2555587,2555587,20732,20732,20732,1.8859733,1.8859733,1.8859733,167.9077,7854.3999,46.77808,18290.229,,,,,,,,,,,,,,,,,,,,53.023018,35.068089,,,141.02866,356.60349,,,,,247.07141,318.68436,247.07141,318.68436,247.07141,318.68436,53.023018,35.068089,,,1,,2.3890646,2.3890646,2.3890646,.67652172,.67652172,.67652172,1,,1,,6.3543458,,,3.152389,3.152389,3.152389,1,,1,,2.3890648,2.3890648,2.3890648,.83002383,.83002383,.83002383,1,,1,,24.294134,,,7.5429153,7.5429153,7.5429153,1,
04May2021,Iran,344,73219,688,1720,146438,366095,20150,2575737,40300,100750,5151474,12878685,2022586,17637,1.707196,479932,357.39285,18167.322,168.70255,6686.9453,39.637489,13635.296,,,,,,,,,,,,,,,,,,,,,,,,44575.426,50305.91,39875.938,17459.115,19703.605,15618.439,3471.644,3884.1345,3058.5583,1231.5984,1359.736,1109.3208,821.83826,,,174924.92,,,866.69452,866.69452,866.69452,174855.38,174855.38,174855.38,344,,,73219,,,362.77567,362.77567,362.77567,73189.883,73189.883,73189.883,160.14519,126650.53,111256.47,140663.06,62212424,71340272,53949704,821.83826,,,174924.92,,,866.69452,866.69452,866.69452,174855.38,174855.38,174855.38,160.14519,,,,,,,821.83826,,,174924.92,,,866.69452,866.69452,866.69452,174855.38,174855.38,174855.38,160.14519,,,,,,,.97492158,,,207.50809,,,1.0281332,1.0281332,1.0281332,207.42558,207.42558,207.42558,.40807667,,,86.85746,,,.43034968,.43034968,.43034968,86.822922,86.822922,86.822922,23.903328,150.24165,131.98015,166.86429,.64890236,,,,,,,,,366.98276,119074.13,324.4679,266660.13,60749.609,58938.141,62779.809,60749.609,58938.141,62779.809,60749.609,58938.141,62779.809,60309.738,58684.59,61767.711,60309.738,58684.59,61767.711,60309.738,58684.59,61767.711,261.62,231.55,281.39001,261.62,231.55,281.39001,261.62,231.55,281.39001,254.99001,232.7,282.17001,254.99001,232.7,282.17001,254.99001,232.7,282.17001,19340702,18832924,19880164,19340702,18832924,19880164,19340702,18832924,19880164,19297408,18754412,19767380,19297408,18754412,19767380,19297408,18754412,19767380,64125.922,55830.609,72583.906,64125.922,55830.609,72583.906,64125.922,55830.609,72583.906,62007.461,54551.539,69911.977,62007.461,54551.539,69911.977,62007.461,54551.539,69911.977,8333.1396,9506.1104,10330.09,8333.1396,9506.1104,10330.09,8333.1396,9506.1104,10330.09,8421.8398,9244.0898,10251.29,8421.8398,9244.0898,10251.29,8421.8398,9244.0898,10251.29,780.60999,904.37,1013.45,780.60999,904.37,1013.45,780.60999,904.37,1013.45,778.96002,875.58002,983.09003,778.96002,875.58002,983.09003,778.96002,875.58002,983.09003,3365.6599,3811.3401,4099.6602,3365.6599,3811.3401,4099.6602,3365.6599,3811.3401,4099.6602,3395.97,3712.9399,4104.2202,3395.97,3712.9399,4104.2202,3395.97,3712.9399,4104.2202,227.49001,263.56,295.38,227.49001,263.56,295.38,227.49001,263.56,295.38,226.98,255.16,286.5,226.98,255.16,286.5,226.98,255.16,286.5,387393.19,444552.69,501986.78,387393.19,444552.69,501986.78,387393.19,444552.69,501986.78,378946.03,430014.63,484256.75,378946.03,430014.63,484256.75,378946.03,430014.63,484256.75,.86000001,.88,.89999998,.86000001,.88,.89999998,.86000001,.88,.89999998,.86000001,.88,.88999999,.86000001,.88,.88999999,.86000001,.88,.88999999,1.0599999,1.09,1.12,1.0599999,1.09,1.12,1.0599999,1.09,1.12,1.0599999,1.09,1.11,1.0599999,1.09,1.11,1.0599999,1.09,1.11,.40797853,.41473666,.38767549,.40797853,.41473666,.38767549,.40797853,.41473666,.38767549,.41122472,.42656907,.40360755,.41122472,.42656907,.40360755,.41122472,.42656907,.40360755,189.98169,68157.422,358.75784,93858.227,73219,73219,73219,344,344,344,2575737,2575737,2575737,20150,20150,20150,1.707196,1.707196,1.707196,167.9077,7854.3999,46.77808,16091.659,,,,,,,,,,,,,,,,,,,,58.575581,35.178532,,,154.1064,355.65216,,,,,245.11093,318.36752,245.11093,318.36752,245.11093,318.36752,58.575581,35.178532,,,1,,2.3890648,2.3890648,2.3890648,.76052326,.76052326,.76052326,1,,1,,6.2853861,,,3.1824279,3.1824279,3.1824279,1,,1,,2.3890646,2.3890646,2.3890646,.82969731,.82969731,.82969731,1,,1,,24.153252,,,7.5088029,7.5088029,7.5088029,1,
05May2021,Iran,349,73568,698,1745,147136,367840,15872,2591609,31744,79360,5183218,12958045,2039427,16841,2.1988406,478614,350.85715,17723.027,168.70255,6686.9453,39.637489,13833.483,,,,,,,,,,,,,,,,,,,,,,,,44051.254,49983.195,39341.934,17714.855,20100.34,15821.041,3367.3528,3753.8267,2962.3911,1198.5602,1319.4086,1079.6071,833.78357,,,175758.7,,,845.68542,845.68542,845.68542,175701.05,175701.05,175701.05,349,,,73568,,,353.98181,353.98181,353.98181,73543.867,73543.867,73543.867,160.91745,121840.88,106847.43,135889.66,62334264,71476160,54056552,833.78357,,,175758.7,,,845.68542,845.68542,845.68542,175701.05,175701.05,175701.05,160.91745,,,,,,,833.78357,,,175758.7,,,845.68542,845.68542,845.68542,175701.05,175701.05,175701.05,160.91745,,,,,,,.98909193,,,208.49718,,,1.0032108,1.0032108,1.0032108,208.42879,208.42879,208.42879,.41400802,,,87.271469,,,.41991779,.41991779,.41991779,87.242844,87.242844,87.242844,18.828468,144.5361,126.74984,161.20175,.6843217,,,,,,,,,366.98276,119074.13,324.4679,270536,61008.121,59200.328,63042.078,61008.121,59200.328,63042.078,61008.121,59200.328,63042.078,60561.539,58917.512,62020.879,60561.539,58917.512,62020.879,60561.539,58917.512,62020.879,258.51001,228.22,278.14999,258.51001,228.22,278.14999,258.51001,228.22,278.14999,251.81,230,278.5,251.81,230,278.5,251.81,230,278.5,19403614,18891358,19944184,19403614,18891358,19944184,19403614,18891358,19944184,19358246,18814106,19831408,19358246,18814106,19831408,19358246,18814106,19831408,62912.289,54958.148,71192.719,62912.289,54958.148,71192.719,62912.289,54958.148,71192.719,60837.52,53443.691,68569.859,60837.52,53443.691,68569.859,60837.52,53443.691,68569.859,8197.5596,9371.5498,10223.97,8197.5596,9371.5498,10223.97,8197.5596,9371.5498,10223.97,8280.1699,9108.1699,10116.29,8280.1699,9108.1699,10116.29,8280.1699,9108.1699,10116.29,766.62,886.62,995.98999,766.62,886.62,995.98999,766.62,886.62,995.98999,761.42999,858.10999,964.56,761.42999,858.10999,964.56,761.42999,858.10999,964.56,3324.27,3772.8401,4070.4299,3324.27,3772.8401,4070.4299,3324.27,3772.8401,4070.4299,3361.7,3673.3501,4061.0601,3361.7,3673.3501,4061.0601,3361.7,3673.3501,4061.0601,223.94,258.98001,290.95999,223.94,258.98001,290.95999,223.94,258.98001,290.95999,222.39,250.64999,281.75,222.39,250.64999,281.75,222.39,250.64999,281.75,381335.81,436334.91,492856.81,381335.81,436334.91,492856.81,381335.81,436334.91,492856.81,371306.09,422057,475272.22,371306.09,422057,475272.22,371306.09,422057,475272.22,.86000001,.88,.89999998,.86000001,.88,.89999998,.86000001,.88,.89999998,.86000001,.88,.88999999,.86000001,.88,.88999999,.86000001,.88,.88999999,1.0599999,1.09,1.12,1.0599999,1.09,1.12,1.0599999,1.09,1.12,1.0599999,1.09,1.11,1.0599999,1.09,1.11,1.0599999,1.09,1.11,.41090542,.41526145,.39070007,.41090542,.41526145,.39070007,.41090542,.41526145,.39070007,.41390577,.43035948,.40615514,.41390577,.43035948,.40615514,.41390577,.43035948,.40615514,189.98169,68157.422,358.75784,92742.492,73568,73568,73568,349,349,349,2591609,2591609,2591609,15872,15872,15872,2.1988406,2.1988406,2.1988406,167.9077,7854.3999,46.77808,16325.55,,,,,,,,,,,,,,,,,,,,45.478512,35.227394,,,146.1301,354.6582,,,,,243.36501,318.04968,243.36501,318.04968,243.36501,318.04968,45.478512,35.227394,,,1,,2.3890646,2.3890646,2.3890646,.74071634,.74071634,.74071634,1,,1,,7.6764665,,,3.963728,3.963728,3.963728,1,,1,,2.3890646,2.3890646,2.3890646,.82927525,.82927525,.82927525,1,,1,,24.052341,,,7.4870915,7.4870915,7.4870915,1,
06May2021,Iran,338,73906,676,1690,147812,369530,18409,2610018,36818,92045,5220036,13050090,2057692,18265,1.8360585,478420,345.97324,17320.43,168.70255,6686.9453,39.637489,13397.472,,,,,,,,,,,,,,,,,,,,,,,,43513.758,49591.516,38782.84,18019.125,20535.936,16060.043,3262.5217,3622.0657,2862.4424,1166.1245,1280.1503,1048.5353,807.50385,,,176566.22,,,826.11786,826.11786,826.11786,176527.17,176527.17,176527.17,338,,,73906,,,345.79132,345.79132,345.79132,73889.656,73889.656,73889.656,161.49306,117315.41,102613.7,131417.39,62451580,71607584,54159164,807.50385,,,176566.22,,,826.11786,826.11786,826.11786,176527.17,176527.17,176527.17,161.49306,,,,,,,807.50385,,,176566.22,,,826.11786,826.11786,826.11786,176527.17,176527.17,176527.17,161.49306,,,,,,,.95791715,,,209.45509,,,.97999835,.97999835,.97999835,209.40878,209.40878,209.40878,.40095907,,,87.672424,,,.4102017,.4102017,.4102017,87.653046,87.653046,87.653046,21.838034,139.16768,121.7275,155.89642,.68831867,,,,,,,,,366.98276,119074.13,324.4679,262009.08,61263.32,59458.828,63300.52,61263.32,59458.828,63300.52,61263.32,59458.828,63300.52,60809.98,59148.211,62270.98,60809.98,59148.211,62270.98,60809.98,59148.211,62270.98,255.2,224.75,275.44,255.2,224.75,275.44,255.2,224.75,275.44,248.42999,227.09,274.73001,248.42999,227.09,274.73001,248.42999,227.09,274.73001,19465334,18948724,20006878,19465334,18948724,20006878,19465334,18948724,20006878,19417932,18872778,19894264,19417932,18872778,19894264,19417932,18872778,19894264,61720.109,54093.68,69833.75,61720.109,54093.68,69833.75,61720.109,54093.68,69833.75,59687.41,52322.738,67253.898,59687.41,52322.738,67253.898,59687.41,52322.738,67253.898,8060.6602,9232.3203,10109.61,8060.6602,9232.3203,10109.61,8060.6602,9232.3203,10109.61,8130.1802,8968.1504,9975.5098,8130.1802,8968.1504,9975.5098,8130.1802,8968.1504,9975.5098,752.59003,868.56,977.53003,752.59003,868.56,977.53003,752.59003,868.56,977.53003,744.02002,840.41998,945.45001,744.02002,840.41998,945.45001,744.02002,840.41998,945.45001,3281.75,3732.1101,4039.25,3281.75,3732.1101,4039.25,3281.75,3732.1101,4039.25,3318.0601,3631.72,4021.05,3318.0601,3631.72,4021.05,3318.0601,3631.72,4021.05,220.39,254.34,286.28,220.39,254.34,286.28,220.39,254.34,286.28,217.85001,246.10001,276.85999,217.85001,246.10001,276.85999,217.85001,246.10001,276.85999,375335.16,428213.03,483814.22,375335.16,428213.03,483814.22,375335.16,428213.03,483814.22,363569.75,414194.88,466384.53,363569.75,414194.88,466384.53,363569.75,414194.88,466384.53,.86000001,.88,.89999998,.86000001,.88,.89999998,.86000001,.88,.89999998,.86000001,.88,.88999999,.86000001,.88,.88999999,.86000001,.88,.88999999,1.0599999,1.09,1.12,1.0599999,1.09,1.12,1.0599999,1.09,1.12,1.0599999,1.09,1.11,1.0599999,1.09,1.11,1.0599999,1.09,1.11,.41347951,.41548291,.39442247,.41347951,.41548291,.39442247,.41347951,.41548291,.39442247,.41621843,.43401781,.40849677,.41621843,.43401781,.40849677,.41621843,.43401781,.40849677,189.98169,68157.422,358.75784,91555,73906,73906,73906,338,338,338,2610018,2610018,2610018,18409,18409,18409,1.8360585,1.8360585,1.8360585,167.9077,7854.3999,46.77808,15810.991,,,,,,,,,,,,,,,,,,,,54.464497,35.315372,,,145.28154,353.70062,,,,,241.84996,317.73227,241.84996,317.73227,241.84996,317.73227,54.464497,35.315372,,,1,,2.3890646,2.3890646,2.3890646,.75502956,.75502956,.75502956,1,,1,,6.3727202,,,3.3527138,3.3527138,3.3527138,1,,1,,2.3890648,2.3890648,2.3890648,.82893568,.82893568,.82893568,1,,1,,23.927643,,,7.457931,7.457931,7.457931,1,
07May2021,Iran,335,74241,670,1675,148482,371205,17076,2627094,34152,85380,5254188,13135470,2074089,16397,1.9618177,478764,341.75894,16951.58,168.70255,6686.9453,39.637489,13278.559,,,,,,,,,,,,,,,,,,,,,,,,42682.203,48761.727,38074.324,18245.367,20844.18,16275.636,3157.9675,3534.9116,2773.1169,1134.2952,1241.6394,1017.5307,800.33667,,,177366.55,,,808.40302,808.40302,808.40302,177335.58,177335.58,177335.58,335,,,74241,,,338.37637,338.37637,338.37637,74228.031,74228.031,74228.031,161.85527,113077.66,98735.805,127363.45,62564660,71734944,54257900,800.33667,,,177366.55,,,808.40302,808.40302,808.40302,177335.58,177335.58,177335.58,161.85527,,,,,,,800.33667,,,177366.55,,,808.40302,808.40302,808.40302,177335.58,177335.58,177335.58,161.85527,,,,,,,.94941491,,,210.40451,,,.95898378,.95898378,.95898378,210.36777,210.36777,210.36777,.39740026,,,88.069832,,,.40140554,.40140554,.40140554,88.054451,88.054451,88.054451,20.256737,134.14056,117.12726,151.08737,.70777613,,,,,,,,,366.98276,119074.13,324.4679,259683.56,61515.031,59713.469,63554.961,61515.031,59713.469,63554.961,61515.031,59713.469,63554.961,61054.871,59376.512,62523.578,61054.871,59376.512,62523.578,61054.871,59376.512,62523.578,251.71001,221.17999,272.54999,251.71001,221.17999,272.54999,251.71001,221.17999,272.54999,244.89,223.53999,271.23999,244.89,223.53999,271.23999,244.89,223.53999,271.23999,19525884,19005042,20068274,19525884,19005042,20068274,19525884,19005042,20068274,19476490,18930446,19955972,19476490,18930446,19955972,19476490,18930446,19955972,60549.129,53237.211,68506.391,60549.129,53237.211,68506.391,60549.129,53237.211,68506.391,58556.871,51221.828,65994.594,58556.871,51221.828,65994.594,58556.871,51221.828,65994.594,7923.1299,9088.7695,9987.04,7923.1299,9088.7695,9987.04,7923.1299,9088.7695,9987.04,7976.48,8824.3896,9829.1797,7976.48,8824.3896,9829.1797,7976.48,8824.3896,9829.1797,738.25,850.28003,958.28998,738.25,850.28003,958.28998,738.25,850.28003,958.28998,726.73999,822.59003,925.90002,726.73999,822.59003,925.90002,726.73999,822.59003,925.90002,3238.3999,3689.3201,4007.4199,3238.3999,3689.3201,4007.4199,3238.3999,3689.3201,4007.4199,3271.1699,3588.22,3978.55,3271.1699,3588.22,3978.55,3271.1699,3588.22,3978.55,216.78,249.66,281.41,216.78,249.66,281.41,216.78,249.66,281.41,213.37,241.53,271.87,213.37,241.53,271.87,213.37,241.53,271.87,369391.59,420189,474863.97,369391.59,420189,474863.97,369391.59,420189,474863.97,355957.19,406429.72,457702.19,355957.19,406429.72,457702.19,355957.19,406429.72,457702.19,.86000001,.88,.89999998,.86000001,.88,.89999998,.86000001,.88,.89999998,.86000001,.88,.88999999,.86000001,.88,.88999999,.86000001,.88,.88999999,1.0599999,1.09,1.12,1.0599999,1.09,1.12,1.0599999,1.09,1.12,1.0599999,1.09,1.11,1.0599999,1.09,1.11,1.0599999,1.09,1.11,.41571203,.41546127,.39784607,.41571203,.41546127,.39784607,.41571203,.41546127,.39784607,.41820881,.43641549,.41100335,.41820881,.43641549,.41100335,.41820881,.43641549,.41100335,189.98169,68157.422,358.75784,90302.938,74241,74241,74241,335,335,335,2627094,2627094,2627094,17076,17076,17076,1.9618177,1.9618177,1.9618177,167.9077,7854.3999,46.77808,15670.657,,,,,,,,,,,,,,,,,,,,50.973133,35.386028,,,141.28761,352.74216,,,,,240.55113,317.41647,240.55113,317.41647,240.55113,317.41647,50.973133,35.386028,,,1,,2.3890648,2.3890648,2.3890648,.75137317,.75137317,.75137317,1,,1,,6.6220226,,,3.5458615,3.5458615,3.5458615,1,,1,,2.3890646,2.3890646,2.3890646,.82858568,.82858568,.82858568,1,,1,,23.815159,,,7.4325032,7.4325032,7.4325032,1,
08May2021,Iran,283,74524,566,1415,149048,372620,13576,2640670,27152,67880,5281340,13203350,2092381,18292,2.0845609,473765,337.32144,16582.795,168.70255,6686.9453,39.637489,11217.409,,,,,,,,,,,,,,,,,,,,,,,,42151.766,48022.148,37647.621,18528.627,21109.07,16548.744,3054.4397,3426.1406,2682.4346,1102.9268,1218.4518,988.37091,676.10529,,,178042.66,,,792.31024,792.31024,792.31024,178127.89,178127.89,178127.89,283,,,74524,,,331.64035,331.64035,331.64035,74559.672,74559.672,74559.672,161.99823,109128.98,95231.625,123485.91,62673788,71858432,54353132,676.10529,,,178042.66,,,792.31024,792.31024,792.31024,178127.89,178127.89,178127.89,161.99823,,,,,,,676.10529,,,178042.66,,,792.31024,792.31024,792.31024,178127.89,178127.89,178127.89,161.99823,,,,,,,.80204302,,,211.20656,,,.93989342,.93989342,.93989342,211.30766,211.30766,211.30766,.33571425,,,88.40554,,,.39341483,.39341483,.39341483,88.447861,88.447861,88.447861,16.104794,129.45638,112.97037,146.48756,.61954701,,,,,,,,,366.98276,119074.13,324.4679,219374.45,61763.07,59964.102,63805.801,61763.07,59964.102,63805.801,61763.07,59964.102,63805.801,61296.07,59602.211,62774.469,61296.07,59602.211,62774.469,61296.07,59602.211,62774.469,248.03999,217.52,269.62,248.03999,217.52,269.62,248.03999,217.52,269.62,241.19,219.7,267.54999,241.19,219.7,267.54999,241.19,219.7,267.54999,19585280,19060324,20128394,19585280,19060324,20128394,19585280,19060324,20128394,19533934,18987126,20016546,19533934,18987126,20016546,19533934,18987126,20016546,59397.59,52389.059,67205.797,59397.59,52389.059,67205.797,59397.59,52389.059,67205.797,57444.551,50140.422,64766.93,57444.551,50140.422,64766.93,57444.551,50140.422,64766.93,7785.4902,8941.2695,9856.5,7785.4902,8941.2695,9856.5,7785.4902,8941.2695,9856.5,7821.4502,8677.2803,9677.6396,7821.4502,8677.2803,9677.6396,7821.4502,8677.2803,9677.6396,723.95001,831.88,938.51001,723.95001,831.88,938.51001,723.95001,831.88,938.51001,709.59003,804.67999,906.06,709.59003,804.67999,906.06,709.59003,804.67999,906.06,3194.46,3644.6399,3972.4099,3194.46,3644.6399,3972.4099,3194.46,3644.6399,3972.4099,3221.02,3543.04,3933.73,3221.02,3543.04,3933.73,3221.02,3543.04,3933.73,213.2,244.97,276.39001,213.2,244.97,276.39001,213.2,244.97,276.39001,208.92999,236.96001,266.81,208.92999,236.96001,266.81,208.92999,236.96001,266.81,363505.66,412264.09,466009.16,363505.66,412264.09,466009.16,363505.66,412264.09,466009.16,348468,398762.5,449291.28,348468,398762.5,449291.28,348468,398762.5,449291.28,.86000001,.88,.89999998,.86000001,.88,.89999998,.86000001,.88,.89999998,.86000001,.88,.88999999,.86000001,.88,.88999999,.86000001,.88,.88999999,1.0599999,1.09,1.12,1.0599999,1.09,1.12,1.0599999,1.09,1.12,1.0599999,1.09,1.11,1.0599999,1.09,1.11,1.0599999,1.09,1.11,.4175927,.41520122,.40118563,.4175927,.41520122,.40118563,.4175927,.41520122,.40118563,.41986576,.43816942,.41309661,.41986576,.43816942,.41309661,.41986576,.43816942,.41309661,189.98169,68157.422,358.75784,88986.297,74524,74524,74524,283,283,283,2640670,2640670,2640670,13576,13576,13576,2.0845609,2.0845609,2.0845609,167.9077,7854.3999,46.77808,13238.196,,,,,,,,,,,,,,,,,,,,47.971733,35.433819,,,161.40826,352.01556,,,,,239.46779,317.10339,239.46779,317.10339,239.46779,317.10339,47.971733,35.433819,,,1,,2.3890646,2.3890646,2.3890646,.87646639,.87646639,.87646639,1,,1,,8.0383749,,,4.3751907,4.3751907,4.3751907,1,,1,,2.3890648,2.3890648,2.3890648,.82876754,.82876754,.82876754,1,,1,,23.734047,,,7.4167843,7.4167843,7.4167843,1,
09May2021,Iran,386,74910,772,1930,149820,374550,14141,2654811,28282,70705,5309622,13274055,2109702,17321,2.7296515,470199,331.9375,16178.224,168.70255,6686.9453,39.637489,15300.071,,,,,,,,,,,,,,,,,,,,,,,,41364.324,46959.602,37001.895,18741.076,21276.146,16764.574,2952.6233,3312.3657,2586.47,1071.4453,1186.432,959.32312,922.17896,,,178964.83,,,777.04309,777.04309,777.04309,178904.92,178904.92,178904.92,386,,,74910,,,325.24994,325.24994,325.24994,74884.922,74884.922,74884.922,161.93556,105468.83,92097.07,119787.3,62779256,71978216,54445228,922.17896,,,178964.83,,,777.04309,777.04309,777.04309,178904.92,178904.92,178904.92,161.93556,,,,,,,922.17896,,,178964.83,,,777.04309,777.04309,777.04309,178904.92,178904.92,178904.92,161.93556,,,,,,,1.0939527,,,212.30051,,,.92178249,.92178249,.92178249,212.22945,212.22945,212.22945,.45789999,,,88.863441,,,.38583404,.38583404,.38583404,88.833694,88.833694,88.833694,16.775036,125.11445,109.25194,142.10001,.87436163,,,,,,,,,366.98276,119074.13,324.4679,299217.47,62007.289,60210.578,64059.609,62007.289,60210.578,64059.609,62007.289,60210.578,64059.609,61533.422,59825.141,63021.602,61533.422,59825.141,63021.602,61533.422,59825.141,63021.602,244.22,213.78,266.44,244.22,213.78,266.44,244.22,213.78,266.44,237.35001,215.69,263.67001,237.35001,215.69,263.67001,237.35001,215.69,263.67001,19643544,19114590,20187264,19643544,19114590,20187264,19643544,19114590,20187264,19590284,19042834,20076004,19590284,19042834,20076004,19590284,19042834,20076004,58263.898,51511.93,65927.508,58263.898,51511.93,65927.508,58263.898,51511.93,65927.508,56349.219,49078.02,63558.078,56349.219,49078.02,63558.078,56349.219,49078.02,63558.078,7648.1001,8790.2402,9718.4404,7648.1001,8790.2402,9718.4404,7648.1001,8790.2402,9718.4404,7665.4902,8527.2197,9521.3301,7665.4902,8527.2197,9521.3301,7665.4902,8527.2197,9521.3301,709.71002,813.44,918.39001,709.71002,813.44,918.39001,709.71002,813.44,918.39001,692.60999,786.78003,886.08002,692.60999,786.78003,886.08002,692.60999,786.78003,886.08002,3150.1001,3598.24,3934.3601,3150.1001,3598.24,3934.3601,3150.1001,3598.24,3934.3601,3170.02,3496.3601,3886.76,3170.02,3496.3601,3886.76,3170.02,3496.3601,3886.76,209.64,240.25999,271.28,209.64,240.25999,271.28,209.64,240.25999,271.28,204.55,232.39,261.72,204.55,232.39,261.72,204.55,232.39,261.72,357678.09,404439.41,457252.13,357678.09,404439.41,457252.13,357678.09,404439.41,457252.13,341101.91,391194.13,440974.16,341101.91,391194.13,440974.16,341101.91,391194.13,440974.16,.86000001,.88,.89999998,.86000001,.88,.89999998,.86000001,.88,.89999998,.85000002,.88,.88999999,.85000002,.88,.88999999,.85000002,.88,.88999999,1.0599999,1.09,1.12,1.0599999,1.09,1.12,1.0599999,1.09,1.12,1.0599999,1.09,1.11,1.0599999,1.09,1.11,1.0599999,1.09,1.11,.4191618,.41501066,.40414086,.4191618,.41501066,.40414086,.4191618,.41501066,.40414086,.42121258,.43948391,.41484895,.42121258,.43948391,.41484895,.42121258,.43948391,.41484895,189.98169,68157.422,358.75784,87615.844,74910,74910,74910,386,386,386,2654811,2654811,2654811,14141,14141,14141,2.7296515,2.7296515,2.7296515,167.9077,7854.3999,46.77808,18056.34,,,,,,,,,,,,,,,,,,,,36.634716,35.440006,,,114.36916,350.79102,,,,,238.57137,316.7941,238.57137,316.7941,238.57137,316.7941,36.634716,35.440006,,,1,,2.3890646,2.3890646,2.3890646,.6326943,.6326943,.6326943,1,,1,,7.4583712,,,4.1202106,4.1202106,4.1202106,1,,1,,2.3890646,2.3890646,2.3890646,.82775718,.82775718,.82775718,1,,1,,23.647354,,,7.3992252,7.3992252,7.3992252,1,
10May2021,Iran,351,75261,702,1755,150522,376305,18408,2673219,36816,92040,5346438,13366095,2127192,17490,1.9067796,470766,324.125,15671.545,168.70255,6686.9453,39.637489,13912.759,,,,,,,,,,,,,,,,,,,,,,,,40773.66,46094.367,36533.59,18946.561,21418.967,16976.299,2852.8208,3179.1772,2505.0068,1039.3934,1148.9214,931.03418,838.56171,,,179803.39,,,761.84167,761.84167,761.84167,179666.77,179666.77,179666.77,351,,,75261,,,318.88699,318.88699,318.88699,75203.813,75203.813,75203.813,161.69673,102095.43,89102.891,116298.02,62881352,72094512,54534332,838.56171,,,179803.39,,,761.84167,761.84167,761.84167,179666.77,179666.77,179666.77,161.69673,,,,,,,838.56171,,,179803.39,,,761.84167,761.84167,761.84167,179666.77,179666.77,179666.77,161.69673,,,,,,,.9947601,,,213.29527,,,.90374947,.90374947,.90374947,213.13319,213.13319,213.13319,.41638055,,,89.279823,,,.37828588,.37828588,.37828588,89.211983,89.211983,89.211983,21.836847,121.11269,105.70004,137.96078,.82135087,,,,,,,,,366.98276,119074.13,324.4679,272086.34,62247.539,60451.648,64308.922,62247.539,60451.648,64308.922,62247.539,60451.648,64308.922,61766.801,60045.129,63264.82,61766.801,60045.129,63264.82,61766.801,60045.129,63264.82,240.25,209.99001,263.01001,240.25,209.99001,263.01001,240.25,209.99001,263.01001,233.38,211.48,259.60999,233.38,211.48,259.60999,233.38,211.48,259.60999,19700692,19167850,20244900,19700692,19167850,20244900,19700692,19167850,20244900,19645554,19097582,20134360,19645554,19097582,20134360,19645554,19097582,20134360,57146.98,50443.672,64668.52,57146.98,50443.672,64668.52,57146.98,50443.672,64668.52,55270.051,48034.262,62366.262,55270.051,48034.262,62366.262,55270.051,48034.262,62366.262,7511.23,8636.1504,9573.4697,7511.23,8636.1504,9573.4697,7511.23,8636.1504,9573.4697,7508.96,8374.6504,9360.7402,7508.96,8374.6504,9360.7402,7508.96,8374.6504,9360.7402,695.53003,795.03998,898.12,695.53003,795.03998,898.12,695.53003,795.03998,898.12,675.47998,768.94,866.07001,675.47998,768.94,866.07001,675.47998,768.94,866.07001,3105.47,3550.3101,3893.48,3105.47,3550.3101,3893.48,3105.47,3550.3101,3893.48,3118.3401,3448.3301,3837.8301,3118.3401,3448.3301,3837.8301,3118.3401,3448.3301,3837.8301,206.11,235.58,266.13,206.11,235.58,266.13,206.11,235.58,266.13,200.12,227.84,256.62,200.12,227.84,256.62,200.12,227.84,256.62,350503.13,396715.75,448594.66,350503.13,396715.75,448594.66,350503.13,396715.75,448594.66,333858.31,383725.13,432752.22,333858.31,383725.13,432752.22,333858.31,383725.13,432752.22,.86000001,.88,.89999998,.86000001,.88,.89999998,.86000001,.88,.89999998,.85000002,.88,.88999999,.85000002,.88,.88999999,.85000002,.88,.88999999,1.0599999,1.09,1.12,1.0599999,1.09,1.12,1.0599999,1.09,1.12,1.0599999,1.09,1.11,1.0599999,1.09,1.11,1.0599999,1.09,1.11,.42040718,.41628611,.40670484,.42040718,.41628611,.40670484,.42040718,.41628611,.40670484,.422254,.44026905,.41626671,.422254,.44026905,.41626671,.422254,.44026905,.41626671,189.98169,68157.422,358.75784,86191.57,75261,75261,75261,351,351,351,2673219,2673219,2673219,18408,18408,18408,1.9067796,1.9067796,1.9067796,167.9077,7854.3999,46.77808,16419.105,,,,,,,,,,,,,,,,,,,,52.444443,35.519314,,,121.75065,349.72284,,,,,237.86464,316.4895,237.86464,316.4895,237.86464,316.4895,52.444443,35.519314,,,1,,2.3890648,2.3890648,2.3890648,.68447292,.68447292,.68447292,1,,1,,5.5462532,,,3.1044643,3.1044643,3.1044643,1,,1,,2.3890646,2.3890646,2.3890646,.82708889,.82708889,.82708889,1,,1,,23.522709,,,7.3696513,7.3696513,7.3696513,1,
11May2021,Iran,307,75568,614,1535,151136,377840,18133,2691352,36266,90665,5382704,13456760,2144197,17005,1.6930459,471587,313.96429,15059.901,168.70255,6686.9453,39.637489,12168.709,,,,,,,,,,,,,,,,,,,,,,,,39968.961,44965.344,35814.883,18914.449,21278.881,16948.621,2755.7832,3049.3442,2431.8032,1006.6984,1106.7653,903.03857,733.44287,,,180536.84,,,746.00427,746.00427,746.00427,180412.77,180412.77,180412.77,307,,,75568,,,312.25787,312.25787,312.25787,75516.07,75516.07,75516.07,161.31447,99006.094,86118.727,113299.22,62980356,72207816,54620452,733.44287,,,180536.84,,,746.00427,746.00427,746.00427,180412.77,180412.77,180412.77,161.31447,,,,,,,733.44287,,,180536.84,,,746.00427,746.00427,746.00427,180412.77,180412.77,180412.77,161.31447,,,,,,,.8700608,,,214.16533,,,.88496202,.88496202,.88496202,214.01816,214.01816,214.01816,.36418471,,,89.644005,,,.37042198,.37042198,.37042198,89.582405,89.582405,89.582405,21.510624,117.44791,102.16001,134.4034,.7408058,,,,,,,,,366.98276,119074.13,324.4679,237978.67,62483.699,60679.191,64553.609,62483.699,60679.191,64553.609,62483.699,60679.191,64553.609,61996.102,60262.031,63504,61996.102,60262.031,63504,61996.102,60262.031,63504,236.14999,206.16,259.35001,236.14999,206.16,259.35001,236.14999,206.16,259.35001,229.3,207.21001,255.39,229.3,207.21001,255.39,229.3,207.21001,255.39,19756738,19220122,20301328,19756738,19220122,20301328,19756738,19220122,20301328,19699760,19151384,20191630,19699760,19151384,20191630,19699760,19151384,20191630,56046.211,49400.5,63427.18,56046.211,49400.5,63427.18,56046.211,49400.5,63427.18,54206.539,47008.84,61190.461,54206.539,47008.84,61190.461,54206.539,47008.84,61190.461,7375.0601,8479.4697,9422.3203,7375.0601,8479.4697,9422.3203,7375.0601,8479.4697,9422.3203,7352.2002,8219.9902,9196.4502,7352.2002,8219.9902,9196.4502,7352.2002,8219.9902,9196.4502,681.44,776.73999,877.81,681.44,776.73999,877.81,681.44,776.73999,877.81,658.40002,751.21997,846.10999,658.40002,751.21997,846.10999,658.40002,751.21997,846.10999,3060.6899,3501.01,3849.99,3060.6899,3501.01,3849.99,3060.6899,3501.01,3849.99,3066.1101,3399.1299,3787.1299,3066.1101,3399.1299,3787.1299,3066.1101,3399.1299,3787.1299,202.60001,230.91,260.97,202.60001,230.91,260.97,202.60001,230.91,260.97,195.7,223.32001,251.53,195.7,223.32001,251.53,195.7,223.32001,251.53,343086.56,389093.56,440038.16,343086.56,389093.56,440038.16,343086.56,389093.56,440038.16,326736.53,376355.94,424626.66,326736.53,376355.94,424626.66,326736.53,376355.94,424626.66,.86000001,.87,.89999998,.86000001,.87,.89999998,.86000001,.87,.89999998,.85000002,.87,.88999999,.85000002,.87,.88999999,.85000002,.87,.88999999,1.0599999,1.09,1.12,1.0599999,1.09,1.12,1.0599999,1.09,1.12,1.0599999,1.09,1.11,1.0599999,1.09,1.11,1.0599999,1.09,1.11,.42134872,.41732371,.40889412,.42134872,.41732371,.40889412,.42134872,.41732371,.40889412,.42301169,.44078946,.41736898,.42301169,.44078946,.41736898,.42301169,.44078946,.41736898,189.98169,68157.422,358.75784,84720.664,75568,75568,75568,307,307,307,2691352,2691352,2691352,18133,18133,18133,1.6930459,1.6930459,1.6930459,167.9077,7854.3999,46.77808,14360.87,,,,,,,,,,,,,,,,,,,,59.065147,35.614971,,,134.98814,348.85043,,,,,237.3331,316.19028,237.3331,316.19028,237.3331,316.19028,59.065147,35.614971,,,1,,2.3890648,2.3890648,2.3890648,.76921821,.76921821,.76921821,1,,1,,5.4599953,,,3.0908406,3.0908406,3.0908406,1,,1,,2.3890648,2.3890648,2.3890648,.82685393,.82685393,.82685393,1,,1,,23.401011,,,7.3408227,7.3408227,7.3408227,1,
12May2021,Iran,366,75934,732,1830,151868,379670,16409,2707761,32818,82045,5415522,13538805,2162087,17890,2.2304833,469740,303.5,14408.786,168.70255,6686.9453,39.637489,14507.321,,,,,,,,,,,,,,,,,,,,,,,,39038.145,43692.609,34920.27,18862.525,21111.48,16872.844,2662.1372,2937.7209,2349.2402,973.58472,1064.1763,874.93518,874.39764,,,181411.23,,,728.89014,728.89014,728.89014,181141.66,181141.66,181141.66,366,,,75934,,,305.09436,305.09436,305.09436,75821.164,75821.164,75821.164,160.81261,96197.109,83896.914,110563.71,63076556,72318376,54704348,874.39764,,,181411.23,,,728.89014,728.89014,728.89014,181141.66,181141.66,181141.66,160.81261,,,,,,,874.39764,,,181411.23,,,728.89014,728.89014,728.89014,181141.66,181141.66,181141.66,160.81261,,,,,,,1.0372713,,,215.20261,,,.86466008,.86466008,.86466008,214.88281,214.88281,214.88281,.4341746,,,90.078186,,,.36192411,.36192411,.36192411,89.944328,89.944328,89.944328,19.465494,114.11568,99.524345,131.15836,.90896457,,,,,,,,,366.98276,119074.13,324.4679,283713.97,62715.629,60902.602,64793.559,62715.629,60902.602,64793.559,62715.629,60902.602,64793.559,62221.211,60475.672,63739.02,62221.211,60475.672,63739.02,62221.211,60475.672,63739.02,231.94,202.31,255.48,231.94,202.31,255.48,231.94,202.31,255.48,225.11,202.88,251.02,225.11,202.88,251.02,225.11,202.88,251.02,19811700,19271416,20356564,19811700,19271416,20356564,19811700,19271416,20356564,19752918,19204246,20247828,19752918,19204246,20247828,19752918,19204246,20247828,54961.238,48439.539,62202.641,54961.238,48439.539,62202.641,54961.238,48439.539,62202.641,53158.43,46001.52,60030.211,53158.43,46001.52,60030.211,53158.43,46001.52,60030.211,7239.71,8320.6904,9265.75,7239.71,8320.6904,9265.75,7239.71,8320.6904,9265.75,7195.5298,8063.6899,9029.0195,7195.5298,8063.6899,9029.0195,7195.5298,8063.6899,9029.0195,667.44,758.59003,857.58002,667.44,758.59003,857.58002,667.44,758.59003,857.58002,641.53998,733.65002,826.65997,641.53998,733.65002,826.65997,641.53998,733.65002,826.65997,3015.8301,3450.53,3804.1101,3015.8301,3450.53,3804.1101,3015.8301,3450.53,3804.1101,3013.47,3348.9299,3734.8601,3013.47,3348.9299,3734.8601,3013.47,3348.9299,3734.8601,199.11,226.27,255.81,199.11,226.27,255.81,199.11,226.27,255.81,191.33,218.83,246.59,191.33,218.83,246.59,191.33,218.83,246.59,336449.56,381573.34,431583.97,336449.56,381573.34,431583.97,336449.56,381573.34,431583.97,319735.84,369086.78,416598.59,319735.84,369086.78,416598.59,319735.84,369086.78,416598.59,.86000001,.87,.89999998,.86000001,.87,.89999998,.86000001,.87,.89999998,.85000002,.87,.88999999,.85000002,.87,.88999999,.85000002,.87,.88999999,1.0599999,1.09,1.12,1.0599999,1.09,1.12,1.0599999,1.09,1.12,1.0599999,1.09,1.11,1.0599999,1.09,1.11,1.0599999,1.09,1.11,.42200652,.41765466,.41072211,.42200652,.41765466,.41072211,.42200652,.41765466,.41072211,.42346999,.44102892,.41815612,.42346999,.44102892,.41815612,.42346999,.44102892,.41815612,189.98169,68157.422,358.75784,83210.297,75934,75934,75934,366,366,366,2707761,2707761,2707761,16409,16409,16409,2.2304833,2.2304833,2.2304833,167.9077,7854.3999,46.77808,17120.777,,,,,,,,,,,,,,,,,,,,44.833332,35.659401,,,110.01529,347.69928,,,,,236.96317,315.89734,236.96317,315.89734,236.96317,315.89734,44.833332,35.659401,,,1,,2.3890646,2.3890646,2.3890646,.63371587,.63371587,.63371587,1,,1,,5.8624601,,,3.3494568,3.3494568,3.3494568,1,,1,,2.3890646,2.3890646,2.3890646,.82592291,.82592291,.82592291,1,,1,,23.294727,,,7.3166356,7.3166356,7.3166356,1,
13May2021,Iran,297,76231,594,1485,152462,381155,14246,2722007,28492,71230,5444014,13610035,2179890,17803,2.0847957,465886,292.69641,13772.384,168.70255,6686.9453,39.637489,11772.334,,,,,,,,,,,,,,,,,,,,,,,,38409.848,42793.934,34326.238,18588.113,20709.756,16611.887,2572.2104,2842.0605,2269.0664,940.16168,1021.4507,844.03259,709.55219,,,182120.78,,,709.92773,709.92773,709.92773,181851.59,181851.59,181851.59,297,,,76231,,,297.15717,297.15717,297.15717,76118.32,76118.32,76118.32,160.20187,93663.617,81692.211,107883.96,63170220,72426264,54786040,709.55219,,,182120.78,,,709.92773,709.92773,709.92773,181851.59,181851.59,181851.59,160.20187,,,,,,,709.55219,,,182120.78,,,709.92773,709.92773,709.92773,181851.59,181851.59,181851.59,160.20187,,,,,,,.8417201,,,216.04433,,,.84216553,.84216553,.84216553,215.72498,215.72498,215.72498,.35232201,,,90.430504,,,.35250849,.35250849,.35250849,90.296837,90.296837,90.296837,16.899593,111.11029,96.908966,127.97945,.7575537,,,,,,,,,366.98276,119074.13,324.4679,230226.91,62943.25,61121.801,65028.691,62943.25,61121.801,65028.691,62943.25,61121.801,65028.691,62442.039,60685.941,63969.781,62442.039,60685.941,63969.781,62442.039,60685.941,63969.781,227.62,198.42999,251.41,227.62,198.42999,251.41,227.62,198.42999,251.41,220.83,198.50999,246.50999,220.83,198.50999,246.50999,220.83,198.50999,246.50999,19865590,19321748,20410628,19865590,19321748,20410628,19865590,19321748,20410628,19805044,19256184,20302970,19805044,19256184,20302970,19805044,19256184,20302970,53891.879,47422.219,60994.578,53891.879,47422.219,60994.578,53891.879,47422.219,60994.578,52125.539,45067.129,58885.301,52125.539,45067.129,58885.301,52125.539,45067.129,58885.301,7105.1899,8160.29,9104.5596,7105.1899,8160.29,9104.5596,7105.1899,8160.29,9104.5596,7039.2202,7906.1699,8859.0498,7039.2202,7906.1699,8859.0498,7039.2202,7906.1699,8859.0498,653.56,740.62,837.46997,653.56,740.62,837.46997,653.56,740.62,837.46997,624.94,716.26001,807.45001,624.94,716.26001,807.45001,624.94,716.26001,807.45001,2970.97,3399.02,3756.0901,2970.97,3399.02,3756.0901,2970.97,3399.02,3756.0901,2960.55,3297.8501,3681.1899,2960.55,3297.8501,3681.1899,2960.55,3297.8501,3681.1899,195.64,221.67,250.67,195.64,221.67,250.67,195.64,221.67,250.67,187.02,214.38,241.67999,187.02,214.38,241.67999,187.02,214.38,241.67999,329567,374155.28,423233.22,329567,374155.28,423233.22,329567,374155.28,423233.22,312950.91,361917.75,408668.84,312950.91,361917.75,408668.84,312950.91,361917.75,408668.84,.86000001,.87,.89999998,.86000001,.87,.89999998,.86000001,.87,.89999998,.85000002,.87,.88999999,.85000002,.87,.88999999,.85000002,.87,.88999999,1.0599999,1.09,1.12,1.0599999,1.09,1.12,1.0599999,1.09,1.12,1.0599999,1.09,1.11,1.0599999,1.09,1.11,1.0599999,1.09,1.11,.42236418,.41843253,.41218418,.42236418,.41843253,.41218418,.42236418,.41843253,.41218418,.42365029,.44047624,.41862738,.42365029,.44047624,.41862738,.42365029,.44047624,.41862738,189.98169,68157.422,358.75784,81660.461,76231,76231,76231,297,297,297,2722007,2722007,2722007,14246,14246,14246,2.0847957,2.0847957,2.0847957,167.9077,7854.3999,46.77808,13893.09,,,,,,,,,,,,,,,,,,,,47.966331,35.707352,,,132.00385,346.85895,,,,,236.7625,315.61111,236.7625,315.61111,236.7625,315.61111,47.966331,35.707352,,,1,,2.3890646,2.3890646,2.3890646,.7663973,.7663973,.7663973,1,,1,,6.5747309,,,3.782948,3.782948,3.782948,1,,1,,2.3890646,2.3890646,2.3890646,.82569098,.82569098,.82569098,1,,1,,23.207222,,,7.2981405,7.2981405,7.2981405,1,
14May2021,Iran,202,76433,404,1010,152866,382165,10145,2732152,20290,50725,5464304,13660760,2196197,16307,1.9911287,459522,282.58035,13190.152,168.70255,6686.9453,39.637489,8006.7729,,,,,,,,,,,,,,,,,,,,,,,,37770.152,42017.383,33749.094,18180.184,20224.533,16244.698,2486.3303,2751.1694,2193.2869,906.68646,986.50482,813.50171,482.59106,,,182603.38,,,688.6488,688.6488,688.6488,182540.23,182540.23,182540.23,202,,,76433,,,288.2504,288.2504,288.2504,76406.57,76406.57,76406.57,159.48506,91400.344,79130.398,105077.73,63261620,72531336,54865172,482.59106,,,182603.38,,,688.6488,688.6488,688.6488,182540.23,182540.23,182540.23,159.48506,,,,,,,482.59106,,,182603.38,,,688.6488,688.6488,688.6488,182540.23,182540.23,182540.23,159.48506,,,,,,,.572483,,,216.61681,,,.81692302,.81692302,.81692302,216.5419,216.5419,216.5419,.23962642,,,90.670128,,,.34194264,.34194264,.34194264,90.638779,90.638779,90.638779,12.034703,108.42543,93.869972,124.65051,.52799702,,,,,,,,,366.98276,119074.13,324.4679,156585.31,63166.461,61336.699,65258.898,63166.461,61336.699,65258.898,63166.461,61336.699,65258.898,62658.52,60892.711,64196.18,62658.52,60892.711,64196.18,62658.52,60892.711,64196.18,223.21001,194.55,247.16,223.21001,194.55,247.16,223.21001,194.55,247.16,216.48,194.12,241.89,216.48,194.12,241.89,216.48,194.12,241.89,19918428,19371132,20463542,19918428,19371132,20463542,19918428,19371132,20463542,19856152,19307208,20357066,19856152,19307208,20357066,19856152,19307208,20357066,52838.031,46399.109,59802.859,52838.031,46399.109,59802.859,52838.031,46399.109,59802.859,51107.75,44204.371,57755.641,51107.75,44204.371,57755.641,51107.75,44204.371,57755.641,6974.1802,7998.7002,8939.5098,6974.1802,7998.7002,8939.5098,6974.1802,7998.7002,8939.5098,6883.5498,7747.8398,8687.0898,6883.5498,7747.8398,8687.0898,6883.5498,7747.8398,8687.0898,639.20001,722.84998,817.53998,639.20001,722.84998,817.53998,639.20001,722.84998,817.53998,608.60999,699.07001,788.45001,608.60999,699.07001,788.45001,608.60999,699.07001,788.45001,2926.1499,3346.6299,3706.1399,2926.1499,3346.6299,3706.1399,2926.1499,3346.6299,3706.1399,2907.4399,3246.05,3626.3201,2907.4399,3246.05,3626.3201,2907.4399,3246.05,3626.3201,191.96001,217.10001,245.55,191.96001,217.10001,245.55,191.96001,217.10001,245.55,182.77,209.96001,236.82001,182.77,209.96001,236.82001,182.77,209.96001,236.82001,322453.75,366839.53,414987,322453.75,366839.53,414987,322453.75,366839.53,414987,306949.5,354848.88,400838.19,306949.5,354848.88,400838.19,306949.5,354848.88,400838.19,.86000001,.87,.89999998,.86000001,.87,.89999998,.86000001,.87,.89999998,.85000002,.87,.88999999,.85000002,.87,.88999999,.85000002,.87,.88999999,1.0599999,1.09,1.12,1.0599999,1.09,1.12,1.0599999,1.09,1.12,1.0599999,1.09,1.11,1.0599999,1.09,1.11,1.0599999,1.09,1.11,.42244196,.41929686,.41329128,.42244196,.41929686,.41329128,.42244196,.41929686,.41329128,.42357567,.43914208,.41881624,.42357567,.43914208,.41881624,.42357567,.43914208,.41881624,189.98169,68157.422,358.75784,80078.344,76433,76433,76433,202,202,202,2732152,2732152,2732152,10145,10145,10145,1.9911287,1.9911287,1.9911287,167.9077,7854.3999,46.77808,9449.1719,,,,,,,,,,,,,,,,,,,,50.222771,35.745712,,,189.39502,346.44278,,,,,236.71892,315.33234,236.71892,315.33234,236.71892,315.33234,50.222771,35.745712,,,1,,2.3890648,2.3890648,2.3890648,1.105,1.105,1.105,1,,1,,9.0093985,,,5.2082829,5.2082829,5.2082829,1,,1,,2.3890646,2.3890646,2.3890646,.82642919,.82642919,.82642919,1,,1,,23.154503,,,7.2903805,7.2903805,7.2903805,1,
15May2021,Iran,200,76633,400,1000,153266,383165,7723,2739875,15446,38615,5479750,13699375,2210851,14654,2.5896673,452391,273.92859,12707.804,168.70255,6686.9453,39.637489,7927.498,,,,,,,,,,,,,,,,,,,,,,,,36904.234,41021.773,32930.285,17866.66,19860.107,15942.729,2403.9705,2669.9441,2111.7737,873.78418,954.04077,783.75751,477.81293,,,183081.19,,,665.33148,665.33148,665.33148,183205.58,183205.58,183205.58,200,,,76633,,,278.49036,278.49036,278.49036,76685.063,76685.063,76685.063,158.6669,89401.609,77462.109,102043.39,63351020,72633384,54942632,477.81293,,,183081.19,,,665.33148,665.33148,665.33148,183205.58,183205.58,183205.58,158.6669,,,,,,,477.81293,,,183081.19,,,665.33148,665.33148,665.33148,183205.58,183205.58,183205.58,158.6669,,,,,,,.5668149,,,217.18362,,,.78926235,.78926235,.78926235,217.33116,217.33116,217.33116,.23725389,,,90.907387,,,.33036458,.33036458,.33036458,90.969147,90.969147,90.969147,9.1615591,106.0544,91.89093,121.05096,.53445673,,,,,,,,,366.98276,119074.13,324.4679,155034.95,63385.18,61547.238,65484.148,63385.18,61547.238,65484.148,63385.18,61547.238,65484.148,62870.578,61095.859,64418.148,62870.578,61095.859,64418.148,62870.578,61095.859,64418.148,218.73,190.66,242.75999,218.73,190.66,242.75999,218.73,190.66,242.75999,212.06,189.71001,237.17,212.06,189.71001,237.17,212.06,189.71001,237.17,19970228,19419580,20515324,19970228,19419580,20515324,19970228,19419580,20515324,19906256,19357328,20410134,19906256,19357328,20410134,19906256,19357328,20410134,51799.609,45343.648,58627.488,51799.609,45343.648,58627.488,51799.609,45343.648,58627.488,50104.988,43354.602,56641.211,50104.988,43354.602,56641.211,50104.988,43354.602,56641.211,6844.79,7836.3599,8771.3496,6844.79,7836.3599,8771.3496,6844.79,7836.3599,8771.3496,6728.7402,7589.0698,8513.6699,6728.7402,7589.0698,8513.6699,6728.7402,7589.0698,8513.6699,622.53003,705.31,797.83002,622.53003,705.31,797.83002,622.53003,705.31,797.83002,592.54999,682.10999,769.66998,592.54999,682.10999,769.66998,592.54999,682.10999,769.66998,2881.4099,3293.5,3654.49,2881.4099,3293.5,3654.49,2881.4099,3293.5,3654.49,2854.24,3193.6499,3570.3999,2854.24,3193.6499,3570.3999,2854.24,3193.6499,3570.3999,187.60001,212.58,240.47,187.60001,212.58,240.47,187.60001,212.58,240.47,178.56,205.58,231.98,178.56,205.58,231.98,178.56,205.58,231.98,315404.38,359647.53,406875.53,315404.38,359647.53,406875.53,315404.38,359647.53,406875.53,301056.34,347905.69,393106.31,301056.34,347905.69,393106.31,301056.34,347905.69,393106.31,.97000003,1,1.05,.97000003,1,1.05,.97000003,1,1.05,.97000003,1.01,1.04,.97000003,1.01,1.04,.97000003,1.01,1.04,1.22,1.25,1.3099999,1.22,1.25,1.3099999,1.22,1.25,1.3099999,1.22,1.26,1.29,1.22,1.26,1.29,1.22,1.26,1.29,.42226186,.42047787,.41407198,.42226186,.42047787,.41407198,.42226186,.42047787,.41407198,.4232313,.43757755,.41872337,.4232313,.43757755,.41872337,.4232313,.43757755,.41872337,189.98169,68157.422,358.75784,78471.102,76633,76633,76633,200,200,200,2739875,2739875,2739875,7723,7723,7723,2.5896673,2.5896673,2.5896673,167.9077,7854.3999,46.77808,9355.6162,,,,,,,,,,,,,,,,,,,,38.615002,35.753201,,,187.10588,346.02692,,,,,236.81987,315.06146,236.81987,315.06146,236.81987,315.06146,38.615002,35.753201,,,1,,2.3890646,2.3890646,2.3890646,1.09365,1.09365,1.09365,1,,1,,11.576021,,,6.7071877,6.7071877,6.7071877,1,,1,,2.3890646,2.3890646,2.3890646,.82712644,.82712644,.82712644,1,,1,,23.121864,,,7.2887368,7.2887368,7.2887368,1,
16May2021,Iran,303,76936,606,1515,153872,384680,11291,2751166,22582,56455,5502332,13755830,2226122,15271,2.6835532,448108,265.38394,12341.027,168.70255,6686.9453,39.637489,12010.159,,,,,,,,,,,,,,,,,,,,,,,,36311.938,40585.316,32243.094,17574.107,19642.322,15604.885,2326.9497,2595.2571,2040.6008,842.39093,923.34698,753.42682,723.8866,,,183805.08,,,641.00787,641.00787,641.00787,183846.58,183846.58,183846.58,303,,,76936,,,268.30914,268.30914,268.30914,76953.375,76953.375,76953.375,157.76189,87660.523,76507.742,99367.047,63438680,72732752,55019140,723.8866,,,183805.08,,,641.00787,641.00787,641.00787,183846.58,183846.58,183846.58,157.76189,,,,,,,723.8866,,,183805.08,,,641.00787,641.00787,641.00787,183846.58,183846.58,183846.58,157.76189,,,,,,,.85872453,,,218.04234,,,.76040804,.76040804,.76040804,218.09157,218.09157,218.09157,.35943964,,,91.266823,,,.31828693,.31828693,.31828693,91.28743,91.28743,91.28743,13.394168,103.989,90.758797,117.87609,.82578403,,,,,,,,,366.98276,119074.13,324.4679,234877.95,63599.371,61753.371,65704.367,63599.371,61753.371,65704.367,63599.371,61753.371,65704.367,63078.191,61295.328,64635.629,63078.191,61295.328,64635.629,63078.191,61295.328,64635.629,214.19,186.78,238.22,214.19,186.78,238.22,214.19,186.78,238.22,207.60001,185.3,232.36,207.60001,185.3,232.36,207.60001,185.3,232.36,20021502,19467626,20566450,20021502,19467626,20566450,20021502,19467626,20566450,19955878,19407074,20462674,19955878,19407074,20462674,19955878,19407074,20462674,51274.07,44775.051,57946.078,51274.07,44775.051,57946.078,51274.07,44775.051,57946.078,49620.59,42996.461,56061.07,49620.59,42996.461,56061.07,49620.59,42996.461,56061.07,6715.6401,7673.6899,8600.7998,6715.6401,7673.6899,8600.7998,6715.6401,7673.6899,8600.7998,6575.04,7430.23,8339.3096,6575.04,7430.23,8339.3096,6575.04,7430.23,8339.3096,606.73999,688.09998,778.44,606.73999,688.09998,778.44,606.73999,688.09998,778.44,576.85999,665.47998,751.21002,576.85999,665.47998,751.21002,576.85999,665.47998,751.21002,2835.9099,3239.77,3601.3501,2835.9099,3239.77,3601.3501,2835.9099,3239.77,3601.3501,2801.04,3140.76,3513.6001,2801.04,3140.76,3513.6001,2801.04,3140.76,3513.6001,183.50999,208.12,235.45,183.50999,208.12,235.45,183.50999,208.12,235.45,174.45,201.28,227.21001,174.45,201.28,227.21001,174.45,201.28,227.21001,314797,359471.22,405477.34,314797,359471.22,405477.34,314797,359471.22,405477.34,301898.38,348046.09,392755.03,301898.38,348046.09,392755.03,301898.38,348046.09,392755.03,.97000003,1,1.05,.97000003,1,1.05,.97000003,1,1.05,.97000003,1.01,1.04,.97000003,1.01,1.04,.97000003,1.01,1.04,1.22,1.25,1.3099999,1.22,1.25,1.3099999,1.22,1.25,1.3099999,1.22,1.26,1.29,1.22,1.26,1.29,1.22,1.26,1.29,.41773552,.41715196,.41110635,.41773552,.41715196,.41110635,.41773552,.41715196,.41110635,.41837472,.43096572,.41447657,.41837472,.43096572,.41447657,.41837472,.43096572,.41447657,189.98169,68157.422,358.75784,76842.344,76936,76936,76936,303,303,303,2751166,2751166,2751166,11291,11291,11291,2.6835532,2.6835532,2.6835532,167.9077,7854.3999,46.77808,14173.758,,,,,,,,,,,,,,,,,,,,37.264027,35.759151,,,121.09704,345.14105,,,,,239.38593,314.80661,239.38593,314.80661,239.38593,314.80661,37.264027,35.759151,,,1,,2.3890648,2.3890648,2.3890648,.70689768,.70689768,.70689768,1,,1,,7.763752,,,4.5411453,4.5411453,4.5411453,1,,1,,2.3890646,2.3890646,2.3890646,.82665294,.82665294,.82665294,1,,1,,23.058834,,,7.2774606,7.2774606,7.2774606,1,
17May2021,Iran,286,77222,572,1430,154444,386110,14319,2765485,28638,71595,5530970,13827425,2242023,15901,1.9973462,446240,257.80359,12078.455,168.70255,6686.9453,39.637489,11336.322,,,,,,,,,,,,,,,,,,,,,,,,35400.355,39850.453,31255.273,17117.736,19269.568,15113.396,2254.6467,2525.668,1972.0992,813.33185,894.69891,725.71655,683.27246,,,184488.34,,,616.63989,616.63989,616.63989,184463.22,184463.22,184463.22,286,,,77222,,,258.10931,258.10931,258.10931,77211.477,77211.477,77211.477,156.79671,86168.969,75814.242,97331.305,63524848,72830080,55094956,683.27246,,,184488.34,,,616.63989,616.63989,616.63989,184463.22,184463.22,184463.22,156.79671,,,,,,,683.27246,,,184488.34,,,616.63989,616.63989,616.63989,184463.22,184463.22,184463.22,156.79671,,,,,,,.81054527,,,218.85289,,,.73150104,.73150104,.73150104,218.82307,218.82307,218.82307,.33927307,,,91.606094,,,.30618721,.30618721,.30618721,91.59362,91.59362,91.59362,16.986193,102.21961,89.936111,115.46115,.79294491,,,,,,,,,366.98276,119074.13,324.4679,221699.98,63808.98,61955.039,65919.539,63808.98,61955.039,65919.539,63808.98,61955.039,65919.539,63281.289,61491.02,64848.578,63281.289,61491.02,64848.578,63281.289,61491.02,64848.578,209.61,182.89999,233.56,209.61,182.89999,233.56,209.61,182.89999,233.56,203.11,180.89,227.49001,203.11,180.89,227.49001,203.11,180.89,227.49001,20072782,19515830,20617416,20072782,19515830,20617416,20072782,19515830,20617416,20005550,19456988,20515216,20005550,19456988,20515216,20005550,19456988,20515216,51279.699,44725.379,57772.41,51279.699,44725.379,57772.41,51279.699,44725.379,57772.41,49672.059,43146.852,56040.969,49672.059,43146.852,56040.969,49672.059,43146.852,56040.969,6587.3501,7511.4502,8428.8701,6587.3501,7511.4502,8428.8701,6587.3501,7511.4502,8428.8701,6420.0498,7272.0601,8164.8999,6420.0498,7272.0601,8164.8999,6420.0498,7272.0601,8164.8999,592.59998,671.98999,760.14001,592.59998,671.98999,760.14001,592.59998,671.98999,760.14001,562.28998,649.96002,733.90002,562.28998,649.96002,733.90002,562.28998,649.96002,733.90002,2790.04,3185.6799,3547.04,2790.04,3185.6799,3547.04,2790.04,3185.6799,3547.04,2748.04,3087.6399,3456.1899,2748.04,3087.6399,3456.1899,2748.04,3087.6399,3456.1899,179.86,203.96001,230.72,179.86,203.96001,230.72,179.86,203.96001,230.72,170.64,197.27,222.75999,170.64,197.27,222.75999,170.64,197.27,222.75999,314160.44,359258.94,404040.63,314160.44,359258.94,404040.63,314160.44,359258.94,404040.63,302696.44,348146.81,392419.53,302696.44,348146.81,392419.53,302696.44,348146.81,392419.53,.97000003,1,1.05,.97000003,1,1.05,.97000003,1,1.05,.97000003,1.01,1.04,.97000003,1.01,1.04,.97000003,1.01,1.04,1.22,1.25,1.3099999,1.22,1.25,1.3099999,1.22,1.25,1.3099999,1.22,1.26,1.29,1.22,1.26,1.29,1.22,1.26,1.29,.40875825,.40894008,.40427601,.40875825,.40894008,.40427601,.40875825,.40894008,.40427601,.40890193,.41924265,.40593517,.40890193,.41924265,.40593517,.40890193,.41924265,.40593517,189.98169,68157.422,358.75784,75199.234,77222,77222,77222,286,286,286,2765485,2765485,2765485,14319,14319,14319,1.9973462,1.9973462,1.9973462,167.9077,7854.3999,46.77808,13378.531,,,,,,,,,,,,,,,,,,,,50.066433,35.812138,,,126.11217,344.32986,,,,,244.64339,314.57614,244.64339,314.57614,244.64339,314.57614,50.066433,35.812138,,,1,,2.3890646,2.3890646,2.3890646,.73290211,.73290211,.73290211,1,,1,,6.0178065,,,3.5812347,3.5812347,3.5812347,1,,1,,2.3890646,2.3890646,2.3890646,.82630575,.82630575,.82630575,1,,1,,22.9706,,,7.2583227,7.2583227,7.2583227,1,
18May2021,Iran,310,77532,620,1550,155064,387660,13930,2779415,27860,69650,5558830,13897075,2258046,16023,2.2254128,443837,251.34822,11897.518,168.70255,6686.9453,39.637489,12287.622,,,,,,,,,,,,,,,,,,,,,,,,34821.273,39135.129,30800.787,16531.324,18579.316,14622.606,2186.949,2463.2395,1909.574,786.76654,869.55823,700.41064,740.61005,,,185228.95,,,593.06274,593.06274,593.06274,185056.28,185056.28,185056.28,310,,,77532,,,248.24055,248.24055,248.24055,77459.719,77459.719,77459.719,155.80687,84917.75,74901.984,95742.352,63609768,72925824,55169856,740.61005,,,185228.95,,,593.06274,593.06274,593.06274,185056.28,185056.28,185056.28,155.80687,,,,,,,740.61005,,,185228.95,,,593.06274,593.06274,593.06274,185056.28,185056.28,185056.28,155.80687,,,,,,,.87856305,,,219.73145,,,.70353222,.70353222,.70353222,219.52661,219.52661,219.52661,.36774352,,,91.973839,,,.29448017,.29448017,.29448017,91.8881,91.8881,91.8881,16.524733,100.73534,88.853935,113.57623,.87214988,,,,,,,,,366.98276,119074.13,324.4679,240304.19,64013.969,62148.488,66129.641,64013.969,62148.488,66129.641,64013.969,62148.488,66129.641,63479.891,61682.879,65056.949,63479.891,61682.879,65056.949,63479.891,61682.879,65056.949,205,178.96001,228.82001,205,178.96001,228.82001,205,178.96001,228.82001,198.60001,176.5,222.58,198.60001,176.5,222.58,198.60001,176.5,222.58,20124202,19564332,20668344,20124202,19564332,20668344,20124202,19564332,20668344,20055408,19507210,20567896,20055408,19507210,20567896,20055408,19507210,20567896,51419.449,44806.75,57726.922,51419.449,44806.75,57726.922,51419.449,44806.75,57726.922,49858.629,43425.578,56176.422,49858.629,43425.578,56176.422,49858.629,43425.578,56176.422,6461.5698,7351.2998,8257.4199,6461.5698,7351.2998,8257.4199,6461.5698,7351.2998,8257.4199,6267.23,7116.1802,7992.2402,6267.23,7116.1802,7992.2402,6267.23,7116.1802,7992.2402,579.37,657.90997,743.78998,579.37,657.90997,743.78998,579.37,657.90997,743.78998,550.53998,636.46997,718.69,550.53998,636.46997,718.69,550.53998,636.46997,718.69,2745.55,3131.74,3492.1299,2745.55,3131.74,3492.1299,2745.55,3131.74,3492.1299,2695.71,3034.78,3398.75,2695.71,3034.78,3398.75,2695.71,3034.78,3398.75,176.45,200.39999,226.55,176.45,200.39999,226.55,176.45,200.39999,226.55,167.7,193.87,218.91,167.7,193.87,218.91,167.7,193.87,218.91,313501.56,359008.28,402565.41,313501.56,359008.28,402565.41,313501.56,359008.28,402565.41,303459.34,348208.16,392067.31,303459.34,348208.16,392067.31,303459.34,348208.16,392067.31,.97000003,1,1.05,.97000003,1,1.05,.97000003,1,1.05,.97000003,1.01,1.04,.97000003,1.01,1.04,.97000003,1.01,1.04,1.22,1.25,1.3099999,1.22,1.25,1.3099999,1.22,1.25,1.3099999,1.22,1.26,1.29,1.22,1.26,1.29,1.22,1.26,1.29,.39868182,.39940411,.39638352,.39868182,.39940411,.39638352,.39868182,.39940411,.39638352,.39832625,.40644249,.39621606,.39832625,.40644249,.39621606,.39832625,.40644249,.39621606,189.98169,68157.422,358.75784,73545.359,77532,77532,77532,310,310,310,2779415,2779415,2779415,13930,13930,13930,2.2254128,2.2254128,2.2254128,167.9077,7854.3999,46.77808,14501.205,,,,,,,,,,,,,,,,,,,,44.935482,35.848618,,,114.65919,343.41159,,,,,250.82658,314.37204,250.82658,314.37204,250.82658,314.37204,44.935482,35.848618,,,1,,2.3890646,2.3890646,2.3890646,.66129035,.66129035,.66129035,1,,1,,6.0960336,,,3.6912742,3.6912742,3.6912742,1,,1,,2.3890646,2.3890646,2.3890646,.8256458,.8256458,.8256458,1,,1,,22.886028,,,7.2404451,7.2404451,7.2404451,1,
19May2021,Iran,233,77765,466,1165,155530,388825,12789,2792204,25578,63945,5584408,13961020,2272719,14673,1.8218782,441720,244.5625,11723.607,168.70255,6686.9453,39.637489,9235.5352,,,,,,,,,,,,,,,,,,,,,,,,34174.215,38172.172,30316.83,15852.001,17706.486,14062.721,2123.8174,2403.2253,1853.3536,763.17432,847.34076,678.4873,556.65204,,,185785.61,,,570.99011,570.99011,570.99011,185627.27,185627.27,185627.27,233,,,77765,,,239.00154,239.00154,239.00154,77698.719,77698.719,77698.719,154.83035,83895.906,74229.289,94624.609,63693664,73020448,55244084,556.65204,,,185785.61,,,570.99011,570.99011,570.99011,185627.27,185627.27,185627.27,154.83035,,,,,,,556.65204,,,185785.61,,,570.99011,570.99011,570.99011,185627.27,185627.27,185627.27,154.83035,,,,,,,.6603393,,,220.39178,,,.67734814,.67734814,.67734814,220.20395,220.20395,220.20395,.27640077,,,92.250244,,,.28352022,.28352022,.28352022,92.171616,92.171616,92.171616,15.1712,99.523148,88.055939,112.25028,.66350323,,,,,,,,,366.98276,119074.13,324.4679,180615.72,64214.359,62337.141,66334.703,64214.359,62337.141,66334.703,64214.359,62337.141,66334.703,63673.988,61870.879,65260.762,63673.988,61870.879,65260.762,63673.988,61870.879,65260.762,200.39,175.24001,224.00999,200.39,175.24001,224.00999,200.39,175.24001,224.00999,194.10001,172.14999,217.64999,194.10001,172.14999,217.64999,194.10001,172.14999,217.64999,20175748,19615876,20719222,20175748,19615876,20719222,20175748,19615876,20719222,20105440,19557724,20620700,20105440,19557724,20620700,20105440,19557724,20620700,51545.41,44874.969,57714.93,51545.41,44874.969,57714.93,51545.41,44874.969,57714.93,50031.199,43691.578,56296.34,50031.199,43691.578,56296.34,50031.199,43691.578,56296.34,6340.6001,7195.4199,8088.7798,6340.6001,7195.4199,8088.7798,6340.6001,7195.4199,8088.7798,6119.6201,6964.77,7823.6899,6119.6201,6964.77,7823.6899,6119.6201,6964.77,7823.6899,568.45001,646.19,729.71997,568.45001,646.19,729.71997,568.45001,646.19,729.71997,541.54999,625.35999,705.94,541.54999,625.35999,705.94,541.54999,625.35999,705.94,2704.3799,3078.6699,3437.3601,2704.3799,3078.6699,3437.3601,2704.3799,3078.6699,3437.3601,2643.8301,2982.8799,3342.01,2643.8301,2982.8799,3342.01,2643.8301,2982.8799,3342.01,173.72,197.52,223.05,173.72,197.52,223.05,173.72,197.52,223.05,165.53999,191.14999,215.78999,165.53999,191.14999,215.78999,165.53999,191.14999,215.78999,312822,358723.5,401291.94,312822,358723.5,401291.94,312822,358723.5,401291.94,304195.56,348235.59,391670.75,304195.56,348235.59,391670.75,304195.56,348235.59,391670.75,.97000003,1,1.05,.97000003,1,1.05,.97000003,1,1.05,.97000003,1.01,1.04,.97000003,1.01,1.04,.97000003,1.01,1.04,1.22,1.25,1.3099999,1.22,1.25,1.3099999,1.22,1.25,1.3099999,1.22,1.26,1.29,1.22,1.26,1.29,1.22,1.26,1.29,.38876399,.39050725,.3881318,.38876399,.39050725,.3881318,.38876399,.39050725,.3881318,.38795793,.39401186,.38661483,.38795793,.39401186,.38661483,.38795793,.39401186,.38661483,189.98169,68157.422,358.75784,71891.484,77765,77765,77765,233,233,233,2792204,2792204,2792204,12789,12789,12789,1.8218782,1.8218782,1.8218782,167.9077,7854.3999,46.77808,10899.293,,,,,,,,,,,,,,,,,,,,54.888412,35.905666,,,150.71516,342.83423,,,,,257.22546,314.19373,257.22546,314.19373,257.22546,314.19373,54.888412,35.905666,,,1,,2.3890646,2.3890646,2.3890646,.86004293,.86004293,.86004293,1,,1,,6.5600052,,,4.0304489,4.0304489,4.0304489,1,,1,,2.3890646,2.3890646,2.3890646,.82574886,.82574886,.82574886,1,,1,,22.811251,,,7.2257428,7.2257428,7.2257428,1,
20May2021,Iran,229,77994,458,1145,155988,389970,12428,2804632,24856,62140,5609264,14023160,2290613,17894,1.8426135,436025,237.08035,11493.438,168.70255,6686.9453,39.637489,9076.9854,,,,,,,,,,,,,,,,,,,,,,,,33180.039,36848.539,29539.404,15119.787,16791.484,13460.789,2059.2502,2338.8145,1798.1702,742.29895,827.34827,659.76636,547.09583,,,186332.7,,,551.02795,551.02795,551.02795,186178.3,186178.3,186178.3,229,,,77994,,,230.6459,230.6459,230.6459,77929.367,77929.367,77929.367,153.90067,83092,73655.203,93704.555,63776756,73114152,55317740,547.09583,,,186332.7,,,551.02795,551.02795,551.02795,186178.3,186178.3,186178.3,153.90067,,,,,,,547.09583,,,186332.7,,,551.02795,551.02795,551.02795,186178.3,186178.3,186178.3,153.90067,,,,,,,.64900303,,,221.0408,,,.65366763,.65366763,.65366763,220.85762,220.85762,220.85762,.27165571,,,92.521896,,,.27360818,.27360818,.27360818,92.445229,92.445229,92.445229,14.742956,98.569496,87.374908,111.15884,.65842175,,,,,,,,,366.98276,119074.13,324.4679,177515.03,64410.18,62521.281,66534.742,64410.18,62521.281,66534.742,64410.18,62521.281,66534.742,63863.621,62055.039,65460.031,63863.621,62055.039,65460.031,63863.621,62055.039,65460.031,195.82001,171.57001,219.2,195.82001,171.57001,219.2,195.82001,171.57001,219.2,189.63,167.88,212.74001,189.63,167.88,212.74001,189.63,167.88,212.74001,20227368,19666848,20770006,20227368,19666848,20770006,20227368,19666848,20770006,20155592,19608478,20673578,20155592,19608478,20673578,20155592,19608478,20673578,51621.289,44894.91,57670.891,51621.289,44894.91,57670.891,51621.289,44894.91,57670.891,50153.309,43910.711,56361.891,50153.309,43910.711,56361.891,50153.309,43910.711,56361.891,6226.6602,7045.9199,7925.1699,6226.6602,7045.9199,7925.1699,6226.6602,7045.9199,7925.1699,5979.1401,6819.9199,7662.7402,5979.1401,6819.9199,7662.7402,5979.1401,6819.9199,7662.7402,558.63,636.63,717.76001,558.63,636.63,717.76001,558.63,636.63,717.76001,534.60999,616.41998,695.48999,534.60999,616.41998,695.48999,534.60999,616.41998,695.48999,2665.1399,3027.1299,3383.46,2665.1399,3027.1299,3383.46,2665.1399,3027.1299,3383.46,2593.1699,2932.6201,3286.72,2593.1699,2932.6201,3286.72,2593.1699,2932.6201,3286.72,171.31,195.27,220.14999,171.31,195.27,220.14999,171.31,195.27,220.14999,163.99001,189.08,213.34,163.99001,189.08,213.34,163.99001,189.08,213.34,312123.28,358407.59,400178.16,312123.28,358407.59,400178.16,312123.28,358407.59,400178.16,304910.44,348232.81,391232.97,304910.44,348232.81,391232.97,304910.44,348232.81,391232.97,.97000003,1,1.05,.97000003,1,1.05,.97000003,1,1.05,.97000003,1.01,1.04,.97000003,1.01,1.04,.97000003,1.01,1.04,1.22,1.25,1.3099999,1.22,1.25,1.3099999,1.22,1.25,1.3099999,1.22,1.26,1.29,1.22,1.26,1.29,1.22,1.26,1.29,.37933964,.38215914,.38008776,.37933964,.38215914,.38008776,.37933964,.38215914,.38008776,.37810069,.3823213,.37745363,.37810069,.3823213,.37745363,.37810069,.3823213,.37745363,189.98169,68157.422,358.75784,70251.961,77994,77994,77994,229,229,229,2804632,2804632,2804632,12428,12428,12428,1.8426135,1.8426135,1.8426135,167.9077,7854.3999,46.77808,10712.181,,,,,,,,,,,,,,,,,,,,54.270741,35.959587,,,151.87833,342.27356,,,,,263.616,314.03992,263.616,314.03992,263.616,314.03992,54.270741,35.959587,,,1,,2.3890648,2.3890648,2.3890648,.85510921,.85510921,.85510921,1,,1,,6.6858706,,,4.1536279,4.1536279,4.1536279,1,,1,,2.3890646,2.3890646,2.3890646,.82583505,.82583505,.82583505,1,,1,,22.739796,,,7.2121291,7.2121291,7.2121291,1,
21May2021,Iran,200,78194,400,1000,156388,390970,11250,2815882,22500,56250,5631764,14079410,2304824,14211,1.7777778,432864,228.69643,11200.455,168.70255,6686.9453,39.637489,7927.498,,,,,,,,,,,,,,,,,,,,,,,,33729.172,37221.352,30009.879,14412.277,15904.466,12823.046,1991.7573,2268.8325,1738.2887,724.06494,809.46796,644.21997,477.81293,,,186810.52,,,533.68652,533.68652,533.68652,186711.98,186711.98,186711.98,200,,,78194,,,223.38722,223.38722,223.38722,78152.758,78152.758,78152.758,153.04128,82495.219,73194.414,93021.023,63859252,73207176,55390936,477.81293,,,186810.52,,,533.68652,533.68652,533.68652,186711.98,186711.98,186711.98,153.04128,,,,,,,477.81293,,,186810.52,,,533.68652,533.68652,533.68652,186711.98,186711.98,186711.98,153.04128,,,,,,,.5668149,,,221.6076,,,.63309598,.63309598,.63309598,221.49072,221.49072,221.49072,.23725389,,,92.759148,,,.26499742,.26499742,.26499742,92.710228,92.710228,92.710228,13.345531,97.861557,86.8283,110.348,.57920074,,,,,,,,,366.98276,119074.13,324.4679,155034.95,64601.5,62701,66729.859,64601.5,62701,66729.859,64601.5,62701,66729.859,64048.879,62235.391,65654.828,64048.879,62235.391,65654.828,64048.879,62235.391,65654.828,191.32001,167.99001,214.41,191.32001,167.99001,214.41,191.32001,167.99001,214.41,185.25,163.60001,207.89999,185.25,163.60001,207.89999,185.25,163.60001,207.89999,20279020,19717706,20820652,20279020,19717706,20820652,20279020,19717706,20820652,20205822,19659426,20726484,20205822,19659426,20726484,20205822,19659426,20726484,51651.41,44871.012,57581.039,51651.41,44871.012,57581.039,51651.41,44871.012,57581.039,50229.441,44036.07,56377.59,50229.441,44036.07,56377.59,50229.441,44036.07,56377.59,6121.4502,6904.3799,7768.3101,6121.4502,6904.3799,7768.3101,6121.4502,6904.3799,7768.3101,5847.2202,6683.21,7513.02,5847.2202,6683.21,7513.02,5847.2202,6683.21,7513.02,550.58002,628.82001,707.48999,550.58002,628.82001,707.48999,550.58002,628.82001,707.48999,529.32001,609.23999,686.92999,529.32001,609.23999,686.92999,529.32001,609.23999,686.92999,2628.4199,2977.6699,3331,2628.4199,2977.6699,3331,2628.4199,2977.6699,3331,2544.9299,2884.53,3233.47,2544.9299,2884.53,3233.47,2544.9299,2884.53,3233.47,169.42,193.53,217.73,169.42,193.53,217.73,169.42,193.53,217.73,162.92,187.50999,211.42,162.92,187.50999,211.42,162.92,187.50999,211.42,311406.44,358062.34,399023.91,311406.44,358062.34,399023.91,311406.44,358062.34,399023.91,305293.16,348201.94,390755.63,305293.16,348201.94,390755.63,305293.16,348201.94,390755.63,.97000003,1,1.05,.97000003,1,1.05,.97000003,1,1.05,.97000003,1,1.04,.97000003,1,1.04,.97000003,1,1.04,1.22,1.25,1.3099999,1.22,1.25,1.3099999,1.22,1.25,1.3099999,1.22,1.26,1.29,1.22,1.26,1.29,1.22,1.26,1.29,.37040615,.37438425,.37236217,.37040615,.37438425,.37236217,.37040615,.37438425,.37236217,.36880761,.37151363,.36876354,.36880761,.37151363,.36876354,.36880761,.37151363,.36876354,189.98169,68157.422,358.75784,68637.555,78194,78194,78194,200,200,200,2815882,2815882,2815882,11250,11250,11250,1.7777778,1.7777778,1.7777778,167.9077,7854.3999,46.77808,9355.6162,,,,,,,,,,,,,,,,,,,,56.25,36.011486,,,172.6517,341.83972,,,,,269.97391,313.90942,269.97391,313.90942,269.97391,313.90942,56.25,36.011486,,,1,,2.3890646,2.3890646,2.3890646,.95660001,.95660001,.95660001,1,,1,,7.3329082,,,4.5912366,4.5912366,4.5912366,1,,1,,2.3890646,2.3890646,2.3890646,.82616955,.82616955,.82616955,1,,1,,22.678242,,,7.2016582,7.2016582,7.2016582,1,
22May2021,Iran,187,78381,374,935,156762,391905,8005,2823887,16010,40025,5647774,14119435,2319746,14922,2.33604,425760,219.28571,10878.705,168.70255,6686.9453,39.637489,7412.2104,,,,,,,,,,,,,,,,,,,,,,,,32756.402,36136.215,29073.32,13744.671,15162.849,12199.24,1930.0099,2208.6379,1678.7855,708.1756,794.45801,628.67029,446.7551,,,187257.28,,,518.94928,518.94928,518.94928,187230.94,187230.94,187230.94,187,,,78381,,,217.21858,217.21858,217.21858,78369.977,78369.977,78369.977,152.26289,82094.836,72590.781,92753.203,63941344,73299928,55463524,446.7551,,,187257.28,,,518.94928,518.94928,518.94928,187230.94,187230.94,187230.94,152.26289,,,,,,,446.7551,,,187257.28,,,518.94928,518.94928,518.94928,187230.94,187230.94,187230.94,152.26289,,,,,,,.5299719,,,222.13759,,,.61561364,.61561364,.61561364,222.10634,222.10634,222.10634,.22183238,,,92.98098,,,.25767976,.25767976,.25767976,92.967903,92.967903,92.967903,9.4960871,97.386597,86.112228,110.03029,.54419392,,,,,,,,,366.98276,119074.13,324.4679,144957.69,64788.441,62876.41,66920.18,64788.441,62876.41,66920.18,64788.441,62876.41,66920.18,64229.871,62412.031,65845.258,64229.871,62412.031,65845.258,64229.871,62412.031,65845.258,186.94,164.53999,209.69,186.94,164.53999,209.69,186.94,164.53999,209.69,180.99001,159.47,203.17,180.99001,159.47,203.17,180.99001,159.47,203.17,20330670,19768944,20871132,20330670,19768944,20871132,20330670,19768944,20871132,20256096,19710534,20779384,20256096,19710534,20779384,20256096,19710534,20779384,51649.301,44816.672,57490.578,51649.301,44816.672,57490.578,51649.301,44816.672,57490.578,50273.301,44065.809,56357.82,50273.301,44065.809,56357.82,50273.301,44065.809,56357.82,6005.0801,6771.79,7619.2798,6005.0801,6771.79,7619.2798,6005.0801,6771.79,7619.2798,5724.7002,6555.5898,7372.3599,5724.7002,6555.5898,7372.3599,5724.7002,6555.5898,7372.3599,543.83002,622.28998,698.46002,543.83002,622.28998,698.46002,543.83002,622.28998,698.46002,525.22998,603.34998,679.72998,525.22998,603.34998,679.72998,525.22998,603.34998,679.72998,2594.6001,2930.6599,3280.3799,2594.6001,2930.6599,3280.3799,2594.6001,2930.6599,3280.3799,2499.4399,2838.99,3182.6599,2499.4399,2838.99,3182.6599,2499.4399,2838.99,3182.6599,167.89,192.14999,215.64999,167.89,192.14999,215.64999,167.89,192.14999,215.64999,162.19,186.3,209.89,162.19,186.3,209.89,162.19,186.3,209.89,310671.88,357688.31,398047.88,310671.88,357688.31,398047.88,310671.88,357688.31,398047.88,305415.5,348143.59,390239.47,305415.5,348143.59,390239.47,305415.5,348143.59,390239.47,.97000003,1,1.05,.97000003,1,1.05,.97000003,1,1.05,.97000003,1,1.03,.97000003,1,1.03,.97000003,1,1.03,1.22,1.25,1.3099999,1.22,1.25,1.3099999,1.22,1.25,1.3099999,1.22,1.26,1.29,1.22,1.26,1.29,1.22,1.26,1.29,.36194101,.36714014,.36473802,.36194101,.36714014,.36473802,.36194101,.36714014,.36473802,.36001217,.36189055,.3605001,.36001217,.36189055,.3605001,.36001217,.36189055,.3605001,189.98169,68157.422,358.75784,67066.195,78381,78381,78381,187,187,187,2823887,2823887,2823887,8005,8005,8005,2.33604,2.33604,2.33604,167.9077,7854.3999,46.77808,8747.501,,,,,,,,,,,,,,,,,,,,42.807487,36.027699,,,183.75803,341.46252,,,,,276.28812,313.80087,276.28812,313.80087,276.28812,313.80087,42.807487,36.027699,,,1,,2.3890648,2.3890648,2.3890648,.99967915,.99967915,.99967915,1,,1,,10.255445,,,6.4521298,6.4521298,6.4521298,1,,1,,2.3890648,2.3890648,2.3890648,.8265835,.8265835,.8265835,1,,1,,22.643024,,,7.1995339,7.1995339,7.1995339,1,
23May2021,Iran,216,78597,432,1080,157194,392985,8631,2832518,17262,43155,5665036,14162590,2333789,14043,2.5026069,420132,210.52678,10566.768,168.70255,6686.9453,39.637489,8561.6973,,,,,,,,,,,,,,,,,,,,,,,,31532.934,34981,27940.705,13140.985,14577.928,11643.966,1873.8088,2153.6538,1634.2153,692.20612,779.37543,614.39722,516.03796,,,187773.31,,,506.15778,506.15778,506.15778,187737.09,187737.09,187737.09,216,,,78597,,,211.86441,211.86441,211.86441,78581.836,78581.836,78581.836,151.56496,81879.82,72488.844,92946.633,64023224,73392872,55536016,516.03796,,,187773.31,,,506.15778,506.15778,506.15778,187737.09,187737.09,187737.09,151.56496,,,,,,,516.03796,,,187773.31,,,506.15778,506.15778,506.15778,187737.09,187737.09,187737.09,151.56496,,,,,,,.61216009,,,222.74974,,,.60043949,.60043949,.60043949,222.70677,222.70677,222.70677,.2562342,,,93.237221,,,.25132829,.25132829,.25132829,93.219231,93.219231,93.219231,10.238691,97.131523,85.991295,110.25975,.63023829,,,,,,,,,366.98276,119074.13,324.4679,167437.75,64971.141,63047.672,67105.844,64971.141,63047.672,67105.844,64971.141,63047.672,67105.844,64406.762,62585.078,66031.477,64406.762,62585.078,66031.477,64406.762,62585.078,66031.477,182.7,161.25,205.08,182.7,161.25,205.08,182.7,161.25,205.08,176.89,155.5,198.59,176.89,155.5,198.59,176.89,155.5,198.59,20382296,19819630,20921426,20382296,19819630,20921426,20382296,19819630,20921426,20306392,19761782,20832260,20306392,19761782,20832260,20306392,19761782,20832260,51626.641,44743.43,57382.93,51626.641,44743.43,57382.93,51626.641,44743.43,57382.93,50296.66,43942.648,56315.012,50296.66,43942.648,56315.012,50296.66,43942.648,56315.012,5891.3398,6648.52,7478.5898,5891.3398,6648.52,7478.5898,5891.3398,6648.52,7478.5898,5611.8701,6437.4302,7241.21,5611.8701,6437.4302,7241.21,5611.8701,6437.4302,7241.21,537.97998,616.64001,690.35999,537.97998,616.64001,690.35999,537.97998,616.64001,690.35999,521.97998,598.33002,673.45001,521.97998,598.33002,673.45001,521.97998,598.33002,673.45001,2563.8701,2886.3,3231.8601,2563.8701,2886.3,3231.8601,2563.8701,2886.3,3231.8601,2456.8601,2796.1699,3134.5601,2456.8601,2796.1699,3134.5601,2456.8601,2796.1699,3134.5601,166.61,191,213.82001,166.61,191,213.82001,166.61,191,213.82001,161.69,185.33,208.60001,161.69,185.33,208.60001,161.69,185.33,208.60001,309919.31,357285.28,397059.47,309919.31,357285.28,397059.47,309919.31,357285.28,397059.47,304343.88,348057.44,389684.25,304343.88,348057.44,389684.25,304343.88,348057.44,389684.25,.97000003,1,1.05,.97000003,1,1.05,.97000003,1,1.05,.97000003,1,1.03,.97000003,1,1.03,.97000003,1,1.03,1.22,1.25,1.3099999,1.22,1.25,1.3099999,1.22,1.25,1.3099999,1.22,1.26,1.29,1.22,1.26,1.29,1.22,1.26,1.29,.35388705,.3603881,.35738853,.35388705,.3603881,.35738853,.35388705,.3603881,.35738853,.35169333,.35387033,.35264131,.35169333,.35387033,.35264131,.35169333,.35387033,.35264131,189.98169,68157.422,358.75784,65545.055,78597,78597,78597,216,216,216,2832518,2832518,2832518,8631,8631,8631,2.5026069,2.5026069,2.5026069,167.9077,7854.3999,46.77808,10104.065,,,,,,,,,,,,,,,,,,,,39.958332,36.038502,,,158.67015,340.96017,,,,,282.57602,313.71307,282.57602,313.71307,282.57602,313.71307,39.958332,36.038502,,,1,,2.3890646,2.3890646,2.3890646,.8458333,.8458333,.8458333,1,,1,,9.4867134,,,5.9815364,5.9815364,5.9815364,1,,1,,2.3890646,2.3890646,2.3890646,.82663637,.82663637,.82663637,1,,1,,22.602936,,,7.1958222,7.1958222,7.1958222,1,
24May2021,Iran,251,78848,502,1255,157696,394240,11005,2843523,22010,55025,5687046,14217615,2347752,13963,2.2807815,416923,203.39285,10310.795,168.70255,6686.9453,39.637489,9949.0098,,,,,,,,,,,,,,,,,,,,,,,,30358.895,33866.695,26797.871,12511.361,13956.979,11043.81,1822.868,2099.6223,1589.8822,675.12579,762.65253,602.34418,599.65521,,,188372.97,,,494.67731,494.67731,494.67731,188231.77,188231.77,188231.77,251,,,78848,,,207.05899,207.05899,207.05899,78788.898,78788.898,78788.898,150.94083,81838.203,72797.273,93429.234,64105064,73486304,55608812,599.65521,,,188372.97,,,494.67731,494.67731,494.67731,188231.77,188231.77,188231.77,150.94083,,,,,,,599.65521,,,188372.97,,,494.67731,494.67731,494.67731,188231.77,188231.77,188231.77,150.94083,,,,,,,.71135265,,,223.46109,,,.5868206,.5868206,.5868206,223.29359,223.29359,223.29359,.29775363,,,93.534973,,,.24562775,.24562775,.24562775,93.464859,93.464859,93.464859,13.054895,97.082161,86.357178,110.83224,.73273259,,,,,,,,,366.98276,119074.13,324.4679,194568.86,65149.77,63214.961,67287.031,65149.77,63214.961,67287.031,65149.77,63214.961,67287.031,64579.719,62754.699,66213.648,64579.719,62754.699,66213.648,64579.719,62754.699,66213.648,178.64,158.16,200.61,178.64,158.16,200.61,178.64,158.16,200.61,172.96001,151.73,194.2,172.96001,151.73,194.2,172.96001,151.73,194.2,20433886,19869220,20971524,20433886,19869220,20971524,20433886,19869220,20971524,20356698,19813158,20885844,20356698,19813158,20885844,20356698,19813158,20885844,51590.91,44658.691,57260.828,51590.91,44658.691,57260.828,51590.91,44658.691,57260.828,50307.059,43809.699,56257.16,50307.059,43809.699,56257.16,50307.059,43809.699,56257.16,5794.6099,6534.5,7346.2798,5794.6099,6534.5,7346.2798,5794.6099,6534.5,7346.2798,5508.5601,6328.6499,7119.5498,5508.5601,6328.6499,7119.5498,5508.5601,6328.6499,7119.5498,532.71997,611.54999,683.5,532.71997,611.54999,683.5,532.71997,611.54999,683.5,519.25,593.89001,667.77002,519.25,593.89001,667.77002,519.25,593.89001,667.77002,2532.1599,2844.6299,3185.51,2532.1599,2844.6299,3185.51,2532.1599,2844.6299,3185.51,2417.23,2756.1299,3090.98,2417.23,2756.1299,3090.98,2417.23,2756.1299,3090.98,165.47,189.98,212.32001,165.47,189.98,212.32001,165.47,189.98,212.32001,161.33,184.5,207.45,161.33,184.5,207.45,161.33,184.5,207.45,309147.88,356852.22,396031.28,309147.88,356852.22,396031.28,309147.88,356852.22,396031.28,303258,347942.34,389089.03,303258,347942.34,389089.03,303258,347942.34,389089.03,.97000003,1,1.04,.97000003,1,1.04,.97000003,1,1.04,.97000003,1,1.03,.97000003,1,1.03,.97000003,1,1.03,1.22,1.25,1.3099999,1.22,1.25,1.3099999,1.22,1.25,1.3099999,1.22,1.26,1.29,1.22,1.26,1.29,1.22,1.26,1.29,.34626254,.3541528,.35034421,.34626254,.3541528,.35034421,.34626254,.3541528,.35034421,.34380862,.34633881,.34520051,.34380862,.34633881,.34520051,.34380862,.34633881,.34520051,189.98169,68157.422,358.75784,64088.5,78848,78848,78848,251,251,251,2843523,2843523,2843523,11005,11005,11005,2.2807815,2.2807815,2.2807815,167.9077,7854.3999,46.77808,11741.298,,,,,,,,,,,,,,,,,,,,43.84462,36.063351,,,136.47543,340.30927,,,,,288.79819,313.64481,288.79819,313.64481,288.79819,313.64481,43.84462,36.063351,,,1,,2.3890646,2.3890646,2.3890646,.71171314,.71171314,.71171314,1,,1,,7.4364562,,,4.687952,4.687952,4.687952,1,,1,,2.3890646,2.3890646,2.3890646,.8262704,.8262704,.8262704,1,,1,,22.544239,,,7.1861157,7.1861157,7.1861157,1,
25May2021,Iran,208,79056,416,1040,158112,395280,11873,2855396,23746,59365,5710792,14276980,2362428,14676,1.751874,413912,197.94643,10130.83,168.70255,6686.9453,39.637489,8244.5977,,,,,,,,,,,,,,,,,,,,,,,,28942.219,32465.129,25406.832,11846.724,13288.732,10399.607,1777.1909,2043.1345,1538.6136,659.19513,745.18359,584.54816,496.92545,,,188869.89,,,483.9335,483.9335,483.9335,188715.7,188715.7,188715.7,208,,,79056,,,202.56192,202.56192,202.56192,78991.461,78991.461,78991.461,150.38466,81957.719,73358.594,94039.406,64187020,73580344,55682172,496.92545,,,188869.89,,,483.9335,483.9335,483.9335,188715.7,188715.7,188715.7,150.38466,,,,,,,496.92545,,,188869.89,,,483.9335,483.9335,483.9335,188715.7,188715.7,188715.7,150.38466,,,,,,,.58948749,,,224.05058,,,.57407552,.57407552,.57407552,223.86768,223.86768,223.86768,.24674404,,,93.781715,,,.24029301,.24029301,.24029301,93.705154,93.705154,93.705154,14.084577,97.22393,87.023056,111.55608,.60631925,,,,,,,,,366.98276,119074.13,324.4679,161236.36,65324.551,63378.5,67463.938,65324.551,63378.5,67463.938,65324.551,63378.5,67463.938,64748.941,62921.059,66391.969,64748.941,62921.059,66391.969,64748.941,62921.059,66391.969,174.77,155.27,196.31,174.77,155.27,196.31,174.77,155.27,196.31,169.23,148.17,190.10001,169.23,148.17,190.10001,169.23,148.17,190.10001,20485432,19919008,21021416,20485432,19919008,21021416,20485432,19919008,21021416,20407008,19864652,20939444,20407008,19864652,20939444,20407008,19864652,20939444,51546.109,44566.441,57252.07,51546.109,44566.441,57252.07,51546.109,44566.441,57252.07,50308.512,43670.469,56250.809,50308.512,43670.469,56250.809,50308.512,43670.469,56250.809,5700.3599,6429.3198,7222.0601,5700.3599,6429.3198,7222.0601,5700.3599,6429.3198,7222.0601,5414.3101,6228.8101,7006.9702,5414.3101,6228.8101,7006.9702,5414.3101,6228.8101,7006.9702,527.83002,606.82001,676.98999,527.83002,606.82001,676.98999,527.83002,606.82001,676.98999,516.65997,589.78998,662.45001,516.65997,589.78998,662.45001,516.65997,589.78998,662.45001,2494.9199,2805.6101,3141.3301,2494.9199,2805.6101,3141.3301,2494.9199,2805.6101,3141.3301,2380.46,2718.8201,3050.05,2380.46,2718.8201,3050.05,2380.46,2718.8201,3050.05,164.41,189.03999,210.89,164.41,189.03999,210.89,164.41,189.03999,210.89,160.96001,183.74001,206.38,160.96001,183.74001,206.38,160.96001,183.74001,206.38,308356.38,356387.75,395600.78,308356.38,356387.75,395600.78,308356.38,356387.75,395600.78,302156.88,347796.72,388754.38,302156.88,347796.72,388754.38,302156.88,347796.72,388754.38,.95999998,1,1.04,.95999998,1,1.04,.95999998,1,1.04,.97000003,1,1.03,.97000003,1,1.03,.97000003,1,1.03,1.22,1.25,1.3099999,1.22,1.25,1.3099999,1.22,1.25,1.3099999,1.22,1.26,1.29,1.22,1.26,1.29,1.22,1.26,1.29,.33905566,.34840116,.34288716,.33905566,.34840116,.34288716,.33905566,.34840116,.34288716,.33638442,.33929107,.33795071,.33638442,.33929107,.33795071,.33638442,.33929107,.33795071,189.98169,68157.422,358.75784,62700.109,79056,79056,79056,208,208,208,2855396,2855396,2855396,11873,11873,11873,1.751874,1.751874,1.751874,167.9077,7854.3999,46.77808,9729.8408,,,,,,,,,,,,,,,,,,,,57.08173,36.118649,,,164.92961,339.84781,,,,,294.93683,313.5947,294.93683,313.5947,294.93683,313.5947,57.08173,36.118649,,,1,,2.3890646,2.3890646,2.3890646,.84024042,.84024042,.84024042,1,,1,,6.9028654,,,4.3414564,4.3414564,4.3414564,1,,1,,2.3890646,2.3890646,2.3890646,.8263073,.8263073,.8263073,1,,1,,22.4792,,,7.1742878,7.1742878,7.1742878,1,
26May2021,Iran,163,79219,326,815,158438,396095,10468,2865864,20936,52340,5731728,14329320,2379139,16711,1.5571265,407506,193.83035,10004.5,168.70255,6686.9453,39.637489,6460.9106,,,,,,,,,,,,,,,,,,,,,,,,27843.365,31402.455,24427.594,11427.048,12887.716,10025.199,1736.7659,1982.3523,1504.8224,644.30048,725.76227,569.77051,389.41754,,,189259.31,,,473.40143,473.40143,473.40143,189189.11,189189.11,189189.11,163,,,79219,,,198.15346,198.15346,198.15346,79189.609,79189.609,79189.609,149.89619,82226.469,73757.719,94667.109,64269248,73675008,55755928,389.41754,,,189259.31,,,473.40143,473.40143,473.40143,189189.11,189189.11,189189.11,149.89619,,,,,,,389.41754,,,189259.31,,,473.40143,473.40143,473.40143,189189.11,189189.11,189189.11,149.89619,,,,,,,.46195412,,,224.51254,,,.56158161,.56158161,.56158161,224.42924,224.42924,224.42924,.19336192,,,93.975075,,,.23506339,.23506339,.23506339,93.940216,93.940216,93.940216,12.417869,97.542747,87.496529,112.3007,.47359148,,,,,,,,,366.98276,119074.13,324.4679,126353.49,65495.66,63538.48,67636.781,65495.66,63538.48,67636.781,65495.66,63538.48,67636.781,64914.648,63084.352,66566.633,64914.648,63084.352,66566.633,64914.648,63084.352,66566.633,171.11,151.84,192.19,171.11,151.84,192.19,171.11,151.84,192.19,165.7,144.83,186.21001,165.7,144.83,186.21001,165.7,144.83,186.21001,20536926,19964816,21071096,20536926,19964816,21071096,20536926,19964816,21071096,20457310,19916256,20992966,20457310,19916256,20992966,20457310,19916256,20992966,51494.012,44468.469,57292.281,51494.012,44468.469,57292.281,51494.012,44468.469,57292.281,50302.738,43511.031,56274.289,50302.738,43511.031,56274.289,50302.738,43511.031,56274.289,5609.75,6332.3599,7105.3999,5609.75,6332.3599,7105.3999,5609.75,6332.3599,7105.3999,5333.21,6137.2798,6902.8599,5333.21,6137.2798,6902.8599,5333.21,6137.2798,6902.8599,523.16998,602.28998,670.82001,523.16998,602.28998,670.82001,523.16998,602.28998,670.82001,513.81,585.89001,657.34003,513.81,585.89001,657.34003,513.81,585.89001,657.34003,2464.3799,2769.1299,3099.24,2464.3799,2769.1299,3099.24,2464.3799,2769.1299,3099.24,2346.4199,2684.1101,3011.6599,2346.4199,2684.1101,3011.6599,2346.4199,2684.1101,3011.6599,163.39,188.12,209.52,163.39,188.12,209.52,163.39,188.12,209.52,160.49001,183.00999,205.32001,160.49001,183.00999,205.32001,160.49001,183.00999,205.32001,307543.06,355889.78,395735.28,307543.06,355889.78,395735.28,307543.06,355889.78,395735.28,300974.78,347618.31,388769.84,300974.78,347618.31,388769.84,300974.78,347618.31,388769.84,.95999998,.99000001,1.04,.95999998,.99000001,1.04,.95999998,.99000001,1.04,.97000003,1,1.03,.97000003,1,1.03,.97000003,1,1.03,1.22,1.25,1.3099999,1.22,1.25,1.3099999,1.22,1.25,1.3099999,1.22,1.26,1.29,1.22,1.26,1.29,1.22,1.26,1.29,.33229107,.34145543,.33545533,.33229107,.34145543,.33545533,.33229107,.34145543,.33545533,.32940552,.33285812,.33089712,.32940552,.33285812,.33089712,.32940552,.33285812,.33089712,189.98169,68157.422,358.75784,61387.055,79219,79219,79219,163,163,163,2865864,2865864,2865864,10468,10468,10468,1.5571265,1.5571265,1.5571265,167.9077,7854.3999,46.77808,7624.8271,,,,,,,,,,,,,,,,,,,,64.220856,36.176472,,,211.15245,339.58301,,,,,300.94098,313.56165,300.94098,313.56165,300.94098,313.56165,64.220856,36.176472,,,1,,2.3890648,2.3890648,2.3890648,1.0497546,1.0497546,1.0497546,1,,1,,7.8550315,,,4.9191833,4.9191833,4.9191833,1,,1,,2.3890646,2.3890646,2.3890646,.82676709,.82676709,.82676709,1,,1,,22.425785,,,7.1660504,7.1660504,7.1660504,1,
27May2021,Iran,165,79384,330,825,158768,396920,9994,2875858,19988,49970,5751716,14379290,2396540,17401,1.6509906,399934,190.36607,9939.7588,168.70255,6686.9453,39.637489,6540.1855,,,,,,,,,,,,,,,,,,,,,,,,26540.537,30091.426,23289.656,10890.857,12347.958,9556.8643,1701.405,1928.6171,1484.9404,630.29291,704.94507,560.39862,394.19568,,,189653.52,,,462.60037,462.60037,462.60037,189651.7,189651.7,189651.7,165,,,79384,,,193.63242,193.63242,193.63242,79383.242,79383.242,79383.242,149.48074,82633.063,74010.859,95287.672,64351880,73770296,55829940,394.19568,,,189653.52,,,462.60037,462.60037,462.60037,189651.7,189651.7,189651.7,149.48074,,,,,,,394.19568,,,189653.52,,,462.60037,462.60037,462.60037,189651.7,189651.7,189651.7,149.48074,,,,,,,.46762228,,,224.98016,,,.54876864,.54876864,.54876864,224.97801,224.97801,224.97801,.19573446,,,94.170815,,,.22970022,.22970022,.22970022,94.169914,94.169914,94.169914,11.855577,98.025078,87.796814,113.03685,.47704354,,,,,,,,,366.98276,119074.13,324.4679,127903.84,65663.313,63695.121,67805.75,65663.313,63695.121,67805.75,65663.313,63695.121,67805.75,65077.039,63244.762,66737.828,65077.039,63244.762,66737.828,65077.039,63244.762,66737.828,167.64999,148.82001,188.25,167.64999,148.82001,188.25,167.64999,148.82001,188.25,162.39,141.7,182.52,162.39,141.7,182.52,162.39,141.7,182.52,20588362,20010614,21120544,20588362,20010614,21120544,20588362,20010614,21120544,20507600,19967962,21046404,20507600,19967962,21046404,20507600,19967962,21046404,51435.199,44361.539,57324.031,51435.199,44361.539,57324.031,51435.199,44361.539,57324.031,50290.34,43414.91,56289.359,50290.34,43414.91,56289.359,50290.34,43414.91,56289.359,5522.3799,6242.8901,6995.6699,5522.3799,6242.8901,6995.6699,5522.3799,6242.8901,6995.6699,5267.3101,6053.3101,6806.4502,5267.3101,6053.3101,6806.4502,5267.3101,6053.3101,6806.4502,518.64001,597.87,665,518.64001,597.87,665,518.64001,597.87,665,509.70001,582.09003,652.32001,509.70001,582.09003,652.32001,509.70001,582.09003,652.32001,2435.1499,2735.01,3059.1299,2435.1499,2735.01,3059.1299,2435.1499,2735.01,3059.1299,2314.9399,2651.8301,2975.6201,2314.9399,2651.8301,2975.6201,2314.9399,2651.8301,2975.6201,162.38,187.2,208.21001,162.38,187.2,208.21001,162.38,187.2,208.21001,159.58,182.27,204.25,159.58,182.27,204.25,159.58,182.27,204.25,306706.44,355356.72,395822.44,306706.44,355356.72,395822.44,306706.44,355356.72,395822.44,300009.53,347405.44,388738.88,300009.53,347405.44,388738.88,300009.53,347405.44,388738.88,.95999998,.99000001,1.04,.95999998,.99000001,1.04,.95999998,.99000001,1.04,.97000003,1,1.03,.97000003,1,1.03,.97000003,1,1.03,1.22,1.25,1.3099999,1.22,1.25,1.3099999,1.22,1.25,1.3099999,1.22,1.26,1.29,1.22,1.26,1.29,1.22,1.26,1.29,.3259441,.3354708,.32839629,.3259441,.3354708,.32839629,.3259441,.3354708,.32839629,.32290494,.32638556,.32425311,.32290494,.32638556,.32425311,.32290494,.32638556,.32425311,189.98169,68157.422,358.75784,60145.75,79384,79384,79384,165,165,165,2875858,2875858,2875858,9994,9994,9994,1.6509906,1.6509906,1.6509906,167.9077,7854.3999,46.77808,7718.3833,,,,,,,,,,,,,,,,,,,,60.569698,36.227173,,,209.62448,339.31287,,,,,306.80109,313.54437,306.80109,313.54437,306.80109,313.54437,60.569698,36.227173,,,1,,2.3890648,2.3890648,2.3890648,1.0160606,1.0160606,1.0160606,1,,1,,8.2682676,,,5.1466079,5.1466079,5.1466079,1,,1,,2.3890648,2.3890648,2.3890648,.82716054,.82716054,.82716054,1,,1,,22.376585,,,7.1590328,7.1590328,7.1590328,1,
28May2021,Iran,184,79568,368,920,159136,397840,10253,2886111,20506,51265,5772222,14430555,2410252,13712,1.7945967,396291,187.29465,9908.5,168.70255,6686.9453,39.637489,7293.2979,,,,,,,,,,,,,,,,,,,,,,,,25589.459,29160.521,22470.936,10600.831,12080.199,9308.9355,1670.9377,1887.3912,1470.145,617.08618,686.88007,552.92859,439.58789,,,190093.09,,,451.09787,451.09787,451.09787,190102.8,190102.8,190102.8,184,,,79568,,,188.81776,188.81776,188.81776,79572.063,79572.063,79572.063,149.14478,83166.578,73753.969,96024.25,64435048,73866320,55903692,439.58789,,,190093.09,,,451.09787,451.09787,451.09787,190102.8,190102.8,190102.8,149.14478,,,,,,,439.58789,,,190093.09,,,451.09787,451.09787,451.09787,190102.8,190102.8,190102.8,149.14478,,,,,,,.52146965,,,225.50163,,,.53512359,.53512359,.53512359,225.51314,225.51314,225.51314,.21827358,,,94.389084,,,.22398874,.22398874,.22398874,94.393906,94.393906,94.393906,12.162821,98.657967,87.492073,113.91064,.52856314,,,,,,,,,366.98276,119074.13,324.4679,142632.16,65827.711,63848.621,67971.063,65827.711,63848.621,67971.063,65827.711,63848.621,67971.063,65236.32,63402.488,66905.773,65236.32,63402.488,66905.773,65236.32,63402.488,66905.773,164.39999,146.05,184.49001,164.39999,146.05,184.49001,164.39999,146.05,184.49001,159.28,138.78,179.05,159.28,138.78,179.05,159.28,138.78,179.05,20639732,20059314,21169624,20639732,20059314,21169624,20639732,20059314,21169624,20557872,20019766,21099748,20557872,20019766,21099748,20557872,20019766,21099748,51369.809,44210.762,57369.371,51369.809,44210.762,57369.371,51369.809,44210.762,57369.371,50271.41,43386.012,56301.289,50271.41,43386.012,56301.289,50271.41,43386.012,56301.289,5435.48,6160.1201,6892.1802,5435.48,6160.1201,6892.1802,5435.48,6160.1201,6892.1802,5207.8501,5976.1001,6716.9302,5207.8501,5976.1001,6716.9302,5207.8501,5976.1001,6716.9302,514.16998,593.47998,659.21997,514.16998,593.47998,659.21997,514.16998,593.47998,659.21997,504.76001,578.33002,647.34003,504.76001,578.33002,647.34003,504.76001,578.33002,647.34003,2404.55,2703.0801,3020.8201,2404.55,2703.0801,3020.8201,2404.55,2703.0801,3020.8201,2285.8,2621.78,2941.77,2285.8,2621.78,2941.77,2285.8,2621.78,2941.77,161.35001,186.25,206.88,161.35001,186.25,206.88,161.35001,186.25,206.88,158.39999,181.5,203.16,158.39999,181.5,203.16,158.39999,181.5,203.16,305576.03,354787.41,395949.28,305576.03,354787.41,395949.28,305576.03,354787.41,395949.28,299698.84,347156.63,388659.91,299698.84,347156.63,388659.91,299698.84,347156.63,388659.91,.95999998,.99000001,1.04,.95999998,.99000001,1.04,.95999998,.99000001,1.04,.95999998,1,1.03,.95999998,1,1.03,.95999998,1,1.03,1.22,1.25,1.3099999,1.22,1.25,1.3099999,1.22,1.25,1.3099999,1.22,1.26,1.29,1.22,1.26,1.29,1.22,1.26,1.29,.32003233,.33034945,.32158276,.32003233,.33034945,.32158276,.32003233,.33034945,.32158276,.31684011,.31987268,.31802115,.31684011,.31987268,.31802115,.31684011,.31987268,.31802115,189.98169,68157.422,358.75784,58979.789,79568,79568,79568,184,184,184,2886111,2886111,2886111,10253,10253,10253,1.7945967,1.7945967,1.7945967,167.9077,7854.3999,46.77808,8607.167,,,,,,,,,,,,,,,,,,,,55.722828,36.272259,,,189.19215,338.96576,,,,,312.46844,313.54169,312.46844,313.54169,312.46844,313.54169,55.722828,36.272259,,,1,,2.3890646,2.3890646,2.3890646,.89347821,.89347821,.89347821,1,,1,,8.1114388,,,5.0102224,5.0102224,5.0102224,1,,1,,2.3890646,2.3890646,2.3890646,.8273139,.8273139,.8273139,1,,1,,22.325909,,,7.1513991,7.1513991,7.1513991,1,
29May2021,Iran,173,79741,346,865,159482,398705,7107,2893218,14214,35535,5786436,14466090,2425033,14781,2.4342198,388444,184.39285,9879.0088,168.70255,6686.9453,39.637489,6857.2856,,,,,,,,,,,,,,,,,,,,,,,,24597.268,28164.801,21535.59,10301.533,11795.645,9019.2783,1644.8009,1854.4663,1450.8021,604.77753,671.13269,543.82465,413.3082,,,190506.41,,,438.80441,438.80441,438.80441,190541.61,190541.61,190541.61,173,,,79741,,,183.67206,183.67206,183.67206,79755.734,79755.734,79755.734,148.89017,83816.359,73386.172,97329.656,64518864,73963648,55977080,413.3082,,,190506.41,,,438.80441,438.80441,438.80441,190541.61,190541.61,190541.61,148.89017,,,,,,,413.3082,,,190506.41,,,438.80441,438.80441,438.80441,190541.61,190541.61,190541.61,148.89017,,,,,,,.49029487,,,225.99193,,,.52054024,.52054024,.52054024,226.03368,226.03368,226.03368,.2052246,,,94.594307,,,.21788454,.21788454,.21788454,94.611794,94.611794,94.611794,8.4308167,99.42878,87.055771,115.4592,.49311161,,,,,,,,,366.98276,119074.13,324.4679,134105.23,65989.063,63999.199,68132.906,65989.063,63999.199,68132.906,65989.063,63999.199,68132.906,65392.699,63557.711,67070.648,65392.699,63557.711,67070.648,65392.699,63557.711,67070.648,161.35001,143.25,180.92,161.35001,143.25,180.92,161.35001,143.25,180.92,156.37,136.06,175.77,156.37,136.06,175.77,156.37,136.06,175.77,20691030,20109426,21218638,20691030,20109426,21218638,20691030,20109426,21218638,20608118,20071660,21152992,20608118,20071660,21152992,20608118,20071660,21152992,51297.801,44055.219,57421.52,51297.801,44055.219,57421.52,51297.801,44055.219,57421.52,50245.879,43352.102,56272.5,50245.879,43352.102,56272.5,50245.879,43352.102,56272.5,5354.9702,6083.27,6794.21,5354.9702,6083.27,6794.21,5354.9702,6083.27,6794.21,5154.0698,5904.8501,6633.4902,5154.0698,5904.8501,6633.4902,5154.0698,5904.8501,6633.4902,509.73999,589.09998,653.47998,509.73999,589.09998,653.47998,509.73999,589.09998,653.47998,499.85999,574.57001,642.34998,499.85999,574.57001,642.34998,499.85999,574.57001,642.34998,2376.1399,2673.1101,2984.1499,2376.1399,2673.1101,2984.1499,2376.1399,2673.1101,2984.1499,2260.8101,2593.75,2909.8799,2260.8101,2593.75,2909.8799,2260.8101,2593.75,2909.8799,160.3,185.27,205.53999,160.3,185.27,205.53999,160.3,185.27,205.53999,157.19,180.71001,202.03,157.19,180.71001,202.03,157.19,180.71001,202.03,304381.97,354164.66,396171.72,304381.97,354164.66,396171.72,304381.97,354164.66,396171.72,299352.88,346850.94,388594.03,299352.88,346850.94,388594.03,299352.88,346850.94,388594.03,.88999999,.94999999,1.01,.88999999,.94999999,1.01,.88999999,.94999999,1.01,.91000003,.95999998,1.01,.91000003,.95999998,1.01,.91000003,.95999998,1.01,1.13,1.1900001,1.28,1.13,1.1900001,1.28,1.13,1.1900001,1.28,1.15,1.21,1.26,1.15,1.21,1.26,1.15,1.21,1.26,.31453592,.32516012,.31507352,.31453592,.32516012,.31507352,.31453592,.32516012,.31507352,.31120959,.31384867,.31235507,.31120959,.31384867,.31235507,.31120959,.31384867,.31235507,189.98169,68157.422,358.75784,57885.582,79741,79741,79741,173,173,173,2893218,2893218,2893218,7107,7107,7107,2.4342198,2.4342198,2.4342198,167.9077,7854.3999,46.77808,8092.6079,,,,,,,,,,,,,,,,,,,,41.080925,36.282692,,,202.79385,338.67032,,,,,317.92871,313.55243,317.92871,313.55243,317.92871,313.55243,41.080925,36.282692,,,1,,2.3890648,2.3890648,2.3890648,.93265897,.93265897,.93265897,1,,1,,11.793493,,,7.217926,7.217926,7.217926,1,,1,,2.3890648,2.3890648,2.3890648,.82754242,.82754242,.82754242,1,,1,,22.300035,,,7.1515627,7.1515627,7.1515627,1,
30May2021,Iran,198,79939,396,990,159878,399695,8876,2902094,17752,44380,5804188,14510470,2441528,16495,2.2307346,380627,181.77679,9857.625,168.70255,6686.9453,39.637489,7848.2227,,,,,,,,,,,,,,,,,,,,,,,,23481.568,27020.492,20499.684,9790.7793,11266.355,8547.4648,1623.2186,1830.7979,1436.189,593.75452,657.87665,535.51172,473.03479,,,190979.44,,,426.1488,426.1488,426.1488,190967.75,190967.75,190967.75,198,,,79939,,,178.37474,178.37474,178.37474,79934.109,79934.109,79934.109,148.71088,84571.883,73088.117,98630.953,64603436,74062280,56050168,473.03479,,,190979.44,,,426.1488,426.1488,426.1488,190967.75,190967.75,190967.75,148.71088,,,,,,,473.03479,,,190979.44,,,426.1488,426.1488,426.1488,190967.75,190967.75,190967.75,148.71088,,,,,,,.56114674,,,226.55307,,,.50552726,.50552726,.50552726,226.53922,226.53922,226.53922,.23488134,,,94.829193,,,.2116005,.2116005,.2116005,94.823387,94.823387,94.823387,10.529327,100.32504,86.702194,117.00288,.55932868,,,,,,,,,366.98276,119074.13,324.4679,153484.61,66147.531,64147.031,68291.469,66147.531,64147.031,68291.469,66147.531,64147.031,68291.469,65546.352,63710.59,67232.648,65546.352,63710.59,67232.648,65546.352,63710.59,67232.648,158.47,140.58,177.50999,158.47,140.58,177.50999,158.47,140.58,177.50999,153.64999,133.64,172.69,153.64999,133.64,172.69,153.64999,133.64,172.69,20742084,20159504,21267394,20742084,20159504,21267394,20742084,20159504,21267394,20658188,20123498,21205934,20658188,20123498,21205934,20658188,20123498,21205934,51053.379,43791.98,56826.238,51053.379,43791.98,56826.238,51053.379,43791.98,56826.238,50070.012,43230.578,55917.871,50070.012,43230.578,55917.871,50070.012,43230.578,55917.871,5280.04,6011.5698,6701.0898,5280.04,6011.5698,6701.0898,5280.04,6011.5698,6701.0898,5105.23,5838.7998,6555.3398,5105.23,5838.7998,6555.3398,5105.23,5838.7998,6555.3398,505.29999,584.67999,649.70001,505.29999,584.67999,649.70001,505.29999,584.67999,649.70001,494.95999,570.77002,638.41998,494.95999,570.77002,638.41998,494.95999,570.77002,638.41998,2346.21,2644.9099,2948.95,2346.21,2644.9099,2948.95,2346.21,2644.9099,2948.95,2240.9199,2567.55,2879.74,2240.9199,2567.55,2879.74,2240.9199,2567.55,2879.74,159.22,184.25,204.75,159.22,184.25,204.75,159.22,184.25,204.75,155.96001,179.87,201.2,155.96001,179.87,201.2,155.96001,179.87,201.2,301754.06,351211.06,390330.06,301754.06,351211.06,390330.06,301754.06,351211.06,390330.06,297834.75,344533.75,384621.81,297834.75,344533.75,384621.81,297834.75,344533.75,384621.81,.88999999,.94999999,1.01,.88999999,.94999999,1.01,.88999999,.94999999,1.01,.91000003,.95999998,1,.91000003,.95999998,1,.91000003,.95999998,1,1.13,1.1900001,1.28,1.13,1.1900001,1.28,1.13,1.1900001,1.28,1.15,1.21,1.26,1.15,1.21,1.26,1.15,1.21,1.26,.31040061,.32101768,.31237331,.31040061,.32101768,.31237331,.31040061,.32101768,.31237331,.30687031,.30913302,.30882794,.30687031,.30913302,.30882794,.30687031,.30913302,.30882794,189.98169,68157.422,358.75784,56852.355,79939,79939,79939,198,198,198,2902094,2902094,2902094,8876,8876,8876,2.2307346,2.2307346,2.2307346,167.9077,7854.3999,46.77808,9262.0596,,,,,,,,,,,,,,,,,,,,44.828281,36.303856,,,178.78575,338.27429,,,,,322.16431,313.57306,322.16431,313.57306,322.16431,313.57306,44.828281,36.303856,,,1,,2.3890646,2.3890646,2.3890646,.80035353,.80035353,.80035353,1,,1,,9.5281525,,,5.7518454,5.7518454,5.7518454,1,,1,,2.3890646,2.3890646,2.3890646,.82747507,.82747507,.82747507,1,,1,,22.260973,,,7.1472821,7.1472821,7.1472821,1,
31May2021,Iran,217,80156,434,1085,160312,400780,11042,2913136,22084,55210,5826272,14565680,2458684,17156,1.9652237,374296,178.67857,9786.6162,168.70255,6686.9453,39.637489,8601.335,,,,,,,,,,,,,,,,,,,,,,,,22453.43,26013.627,19648.145,9304.0967,10779.346,8141.6621,1605.8853,1810.9897,1423.5042,584.43646,647.64716,527.69604,518.427,,,191497.86,,,413.56833,413.56833,413.56833,191381.33,191381.33,191381.33,217,,,80156,,,173.10889,173.10889,173.10889,80107.219,80107.219,80107.219,148.5941,85422.617,73088.523,99881.031,64688860,74162160,56123256,518.427,,,191497.86,,,413.56833,413.56833,413.56833,191381.33,191381.33,191381.33,148.5941,,,,,,,518.427,,,191497.86,,,413.56833,413.56833,413.56833,191381.33,191381.33,191381.33,148.5941,,,,,,,.61499411,,,227.16806,,,.49060348,.49060348,.49060348,227.02982,227.02982,227.02982,.25742045,,,95.086609,,,.20535378,.20535378,.20535378,95.028748,95.028748,95.028748,13.098787,101.33424,86.702682,118.48582,.60689664,,,,,,,,,366.98276,119074.13,324.4679,168212.92,66303.313,64292.289,68446.93,66303.313,64292.289,68446.93,66303.313,64292.289,68446.93,65697.438,63861.289,67391.93,65697.438,63861.289,67391.93,65697.438,63861.289,67391.93,155.77,137.92999,174.27,155.77,137.92999,174.27,155.77,137.92999,174.27,151.10001,131.59,169.78,151.10001,131.59,169.78,151.10001,131.59,169.78,20792710,20209428,21315374,20792710,20209428,21315374,20792710,20209428,21315374,20707924,20175122,21258356,20707924,20175122,21258356,20707924,20175122,21258356,50626.75,43416.68,55921.93,50626.75,43416.68,55921.93,50626.75,43416.68,55921.93,49735.891,43014.941,55394.73,49735.891,43014.941,55394.73,49735.891,43014.941,55394.73,5209.9102,5944.23,6616.1001,5209.9102,5944.23,6616.1001,5209.9102,5944.23,6616.1001,5060.6001,5777.1299,6481.6099,5060.6001,5777.1299,6481.6099,5060.6001,5777.1299,6481.6099,500.70999,579.96997,645.53998,500.70999,579.96997,645.53998,500.70999,579.96997,645.53998,489.63,566.71002,634.17999,489.63,566.71002,634.17999,489.63,566.71002,634.17999,2316.77,2618.24,2914.98,2316.77,2618.24,2914.98,2316.77,2618.24,2914.98,2222.6201,2542.9199,2851.1101,2222.6201,2542.9199,2851.1101,2222.6201,2542.9199,2851.1101,158.06,183.09,203.81,158.06,183.09,203.81,158.06,183.09,203.81,154.56,178.91,200.22,154.56,178.91,200.22,154.56,178.91,200.22,299105.38,348219.03,384176.84,299105.38,348219.03,384176.84,299105.38,348219.03,384176.84,296278.47,342173.09,380984.72,296278.47,342173.09,380984.72,296278.47,342173.09,380984.72,.88999999,.94999999,1.01,.88999999,.94999999,1.01,.88999999,.94999999,1.01,.91000003,.95999998,1,.91000003,.95999998,1,.91000003,.95999998,1,1.13,1.1900001,1.28,1.13,1.1900001,1.28,1.13,1.1900001,1.28,1.15,1.21,1.26,1.15,1.21,1.26,1.15,1.21,1.26,.3076832,.31768894,.31163087,.3076832,.31768894,.31163087,.3076832,.31768894,.31163087,.30380476,.30591694,.30649126,.30380476,.30591694,.30649126,.30380476,.30591694,.30649126,189.98169,68157.422,358.75784,55883.711,80156,80156,80156,217,217,217,2913136,2913136,2913136,11042,11042,11042,1.9652237,1.9652237,1.9652237,167.9077,7854.3999,46.77808,10150.844,,,,,,,,,,,,,,,,,,,,50.884792,36.34333,,,164.77271,337.80463,,,,,325.00961,313.59985,325.00961,313.59985,325.00961,313.59985,50.884792,36.34333,,,1,,2.3890646,2.3890646,2.3890646,.71783412,.71783412,.71783412,1,,1,,7.7361546,,,4.5849257,4.5849257,4.5849257,1,,1,,2.3890646,2.3890646,2.3890646,.82717842,.82717842,.82717842,1,,1,,22.205917,,,7.1375694,7.1375694,7.1375694,1,
01Jun2021,Iran,171,80327,342,855,160654,401635,10687,2923823,21374,53435,5847646,14619115,2477596,18912,1.6000749,365900,173.98215,9619.4111,168.70255,6686.9453,39.637489,6778.0107,,,,,,,,,,,,,,,,,,,,,,,,21492.344,24742.826,18857.932,8876.3994,10218.858,7788.3799,1592.5784,1795.78,1413.0254,576.97534,639.39685,521.78461,408.53006,,,191906.39,,,401.45306,401.45306,401.45306,191782.78,191782.78,191782.78,171,,,80327,,,168.03775,168.03775,168.03775,80275.258,80275.258,80275.258,148.52464,86357.844,73354.086,100574.16,64775216,74262736,56196608,408.53006,,,191906.39,,,401.45306,401.45306,401.45306,191782.78,191782.78,191782.78,148.52464,,,,,,,408.53006,,,191906.39,,,401.45306,401.45306,401.45306,191782.78,191782.78,191782.78,148.52464,,,,,,,.48462671,,,227.65269,,,.47623149,.47623149,.47623149,227.50604,227.50604,227.50604,.20285207,,,95.289467,,,.19933805,.19933805,.19933805,95.228081,95.228081,95.228081,12.677661,102.44367,87.017708,119.30805,.47306654,,,,,,,,,366.98276,119074.13,324.4679,132554.89,66456.531,64435.141,68599.438,66456.531,64435.141,68599.438,66456.531,64435.141,68599.438,65846.148,64009.969,67548.648,65846.148,64009.969,67548.648,65846.148,64009.969,67548.648,153.23,135.34,171.17,153.23,135.34,171.17,153.23,135.34,171.17,148.7,129.7,167.02,148.7,129.7,167.02,148.7,129.7,167.02,20842858,20259164,21362660,20842858,20259164,21362660,20842858,20259164,21362660,20757280,20225584,21310200,20757280,20225584,21310200,20757280,20225584,21310200,50148.828,43009.699,55055.859,50148.828,43009.699,55055.859,50148.828,43009.699,55055.859,49356.109,42771.07,55010.578,49356.109,42771.07,55010.578,49356.109,42771.07,55010.578,5143.6899,5880.1899,6537.9302,5143.6899,5880.1899,6537.9302,5143.6899,5880.1899,6537.9302,5016.54,5718.8501,6411.1499,5016.54,5718.8501,6411.1499,5016.54,5718.8501,6411.1499,495.51999,574.71002,640.65002,495.51999,574.71002,640.65002,495.51999,574.71002,640.65002,485.39999,562.15997,629.28003,485.39999,562.15997,629.28003,485.39999,562.15997,629.28003,2288.8501,2592.79,2881.8899,2288.8501,2592.79,2881.8899,2288.8501,2592.79,2881.8899,2205.6499,2519.55,2823.6299,2205.6499,2519.55,2823.6299,2205.6499,2519.55,2823.6299,156.67999,181.73,202.59,156.67999,181.73,202.59,156.67999,181.73,202.59,153.48,177.75999,199,153.48,177.75999,199,153.48,177.75999,199,296444.41,345206.91,378780.38,296444.41,345206.91,378780.38,296444.41,345206.91,378780.38,294699.44,339785.41,378603.63,294699.44,339785.41,378603.63,294699.44,339785.41,378603.63,.88999999,.94,1.01,.88999999,.94,1.01,.88999999,.94,1.01,.91000003,.95999998,1,.91000003,.95999998,1,.91000003,.95999998,1,1.13,1.1900001,1.28,1.13,1.1900001,1.28,1.13,1.1900001,1.28,1.15,1.21,1.26,1.15,1.21,1.26,1.15,1.21,1.26,.30555052,.31467319,.31090242,.30555052,.31467319,.31090242,.30555052,.31467319,.31090242,.30127981,.30324236,.30361435,.30127981,.30324236,.30361435,.30127981,.30324236,.30361435,189.98169,68157.422,358.75784,54972.461,80327,80327,80327,171,171,171,2923823,2923823,2923823,10687,10687,10687,1.6000749,1.6000749,1.6000749,167.9077,7854.3999,46.77808,7999.0518,,,,,,,,,,,,,,,,,,,,62.497074,36.399006,,,211.38675,337.53549,,,,,327.27814,313.63144,327.27814,313.63144,327.27814,313.63144,62.497074,36.399006,,,1,,2.3890648,2.3890648,2.3890648,.89608186,.89608186,.89608186,1,,1,,8.0806437,,,4.6925077,4.6925077,4.6925077,1,,1,,2.3890646,2.3890646,2.3890646,.82732493,.82732493,.82732493,1,,1,,22.154287,,,7.1286321,7.1286321,7.1286321,1,
02Jun2021,Iran,161,80488,322,805,160976,402440,11620,2935443,23240,58100,5870886,14677215,2494108,16512,1.3855422,360847,167.97322,9358.5449,168.70255,6686.9453,39.637489,6381.6357,,,,,,,,,,,,,,,,,,,,,,,,20633.289,23641.516,18203.508,8578.793,9829.5361,7568.5522,1582.8004,1788.2953,1399.5609,571.50653,633.54535,515.36591,384.6394,,,192291.03,,,390.14825,390.14825,390.14825,192172.92,192172.92,192172.92,161,,,80488,,,163.30585,163.30585,163.30585,80438.563,80438.563,80438.563,148.48955,87366.586,73900.445,101193.31,64862584,74363928,56270512,384.6394,,,192291.03,,,390.14825,390.14825,390.14825,192172.92,192172.92,192172.92,148.48955,,,,,,,384.6394,,,192291.03,,,390.14825,390.14825,390.14825,192172.92,192172.92,192172.92,148.48955,,,,,,,.45628598,,,228.10898,,,.46282092,.46282092,.46282092,227.96887,227.96887,227.96887,.19098938,,,95.480453,,,.19372474,.19372474,.19372474,95.421806,95.421806,95.421806,13.784451,103.64031,87.66584,120.04253,.44025916,,,,,,,,,366.98276,119074.13,324.4679,124803.14,66607.359,64575.73,68749.141,66607.359,64575.73,68749.141,66607.359,64575.73,68749.141,65992.594,64156.75,67702.938,65992.594,64156.75,67702.938,65992.594,64156.75,67702.938,150.82001,132.89,168.2,150.82001,132.89,168.2,150.82001,132.89,168.2,146.45,127.93,164.42,146.45,127.93,164.42,146.45,127.93,164.42,20892528,20308706,21409268,20892528,20308706,21409268,20892528,20308706,21409268,20806254,20275708,21361462,20806254,20275708,21361462,20806254,20275708,21361462,49669.559,42601.672,54622.48,49669.559,42601.672,54622.48,49669.559,42601.672,54622.48,48973.531,42524.039,54653.109,48973.531,42524.039,54653.109,48973.531,42524.039,54653.109,5080.4702,5818.3198,6463.0698,5080.4702,5818.3198,6463.0698,5080.4702,5818.3198,6463.0698,4972.1899,5662.8999,6342.6899,4972.1899,5662.8999,6342.6899,4972.1899,5662.8999,6342.6899,489.72,568.78003,635.25,489.72,568.78003,635.25,489.72,568.78003,635.25,481.19,557.03003,623.72998,481.19,557.03003,623.72998,481.19,557.03003,623.72998,2262.1299,2568.1699,2849.6899,2262.1299,2568.1699,2849.6899,2262.1299,2568.1699,2849.6899,2189.72,2497.1201,2796.8899,2189.72,2497.1201,2796.8899,2189.72,2497.1201,2796.8899,155.07001,180.12,201.17999,155.07001,180.12,201.17999,155.07001,180.12,201.17999,152.37,176.39999,197.53,152.37,176.39999,197.53,152.37,176.39999,197.53,293774,342179.59,376088.38,293774,342179.59,376088.38,293774,342179.59,376088.38,293098.81,337373.84,376330.94,293098.81,337373.84,376330.94,293098.81,337373.84,376330.94,.88999999,.94,1.01,.88999999,.94,1.01,.88999999,.94,1.01,.91000003,.95999998,1,.91000003,.95999998,1,.91000003,.95999998,1,1.13,1.1900001,1.28,1.13,1.1900001,1.28,1.13,1.1900001,1.28,1.15,1.21,1.26,1.15,1.21,1.26,1.15,1.21,1.26,.30364677,.31193611,.30793181,.30364677,.31193611,.30793181,.30364677,.31193611,.30793181,.29903907,.3008416,.30084291,.29903907,.3008416,.30084291,.29903907,.3008416,.30084291,189.98169,68157.422,358.75784,54107.859,80488,80488,80488,161,161,161,2935443,2935443,2935443,11620,11620,11620,1.3855422,1.3855422,1.3855422,167.9077,7854.3999,46.77808,7531.271,,,,,,,,,,,,,,,,,,,,72.173912,36.470566,,,227.13893,337.31467,,,,,329.33005,313.66696,329.33005,313.66696,329.33005,313.66696,72.173912,36.470566,,,1,,2.3890646,2.3890646,2.3890646,.93677026,.93677026,.93677026,1,,1,,7.5186391,,,4.2744889,4.2744889,4.2744889,1,,1,,2.3890646,2.3890646,2.3890646,.82754397,.82754397,.82754397,1,,1,,22.096354,,,7.1173339,7.1173339,7.1173339,1,
03Jun2021,Iran,170,80658,340,850,161316,403290,9657,2945100,19314,48285,5890200,14725500,2508907,14799,1.7603811,355535,161.08928,8996.1787,168.70255,6686.9453,39.637489,6738.373,,,,,,,,,,,,,,,,,,,,,,,,19785.34,22537.328,17470.279,8145.8726,9278.9004,7192.7334,1576.7938,1789.9122,1395.9479,567.98633,632.66748,512.43909,406.14099,,,192697.17,,,379.96002,379.96002,379.96002,192552.89,192552.89,192552.89,170,,,80658,,,159.04134,159.04134,159.04134,80597.602,80597.602,80597.602,148.48041,88437.469,74746.484,101666.42,64951020,74465600,56345256,406.14099,,,192697.17,,,379.96002,379.96002,379.96002,192552.89,192552.89,192552.89,148.48041,,,,,,,406.14099,,,192697.17,,,379.96002,379.96002,379.96002,192552.89,192552.89,192552.89,148.48041,,,,,,,.48179263,,,228.59077,,,.45073497,.45073497,.45073497,228.4196,228.4196,228.4196,.2016658,,,95.682121,,,.18866587,.18866587,.18866587,95.610474,95.610474,95.610474,11.455804,104.91067,88.669472,120.60377,.45924085,,,,,,,,,366.98276,119074.13,324.4679,131779.72,66755.898,64714.172,68896.148,66755.898,64714.172,68896.148,66755.898,64714.172,68896.148,66136.906,64301.73,67854.922,66136.906,64301.73,67854.922,66136.906,64301.73,67854.922,148.53999,130.58,165.34,148.53999,130.58,165.34,148.53999,130.58,165.34,144.31,126.28,161.92999,144.31,126.28,161.92999,144.31,126.28,161.92999,20941730,20358058,21455214,20941730,20358058,21455214,20941730,20358058,21455214,20854852,20325556,21412158,20854852,20325556,21412158,20854852,20325556,21412158,49202.191,42200.66,54737.23,49202.191,42200.66,54737.23,49202.191,42200.66,54737.23,48599.41,42280.441,54317.961,48599.41,42280.441,54317.961,48599.41,42280.441,54317.961,5019.4302,5757.5698,6388.46,5019.4302,5757.5698,6388.46,5019.4302,5757.5698,6388.46,4922.6899,5608.2798,6275.02,4922.6899,5608.2798,6275.02,4922.6899,5608.2798,6275.02,483.57001,562.25,625.70001,483.57001,562.25,625.70001,483.57001,562.25,625.70001,476.67001,551.35999,616.26001,476.67001,551.35999,616.26001,476.67001,551.35999,616.26001,2236.3501,2544.05,2821.1399,2236.3501,2544.05,2821.1399,2236.3501,2544.05,2821.1399,2173.54,2475.27,2770.49,2173.54,2475.27,2770.49,2173.54,2475.27,2770.49,153.32001,178.28,198.39,153.32001,178.28,198.39,153.32001,178.28,198.39,151.14,174.83,195.42,151.14,174.83,195.42,151.14,174.83,195.42,291096,339140.41,376841.72,291096,339140.41,376841.72,291096,339140.41,376841.72,291477.38,334940.56,374160.41,291477.38,334940.56,374160.41,291477.38,334940.56,374160.41,.88999999,.94,1.01,.88999999,.94,1.01,.88999999,.94,1.01,.91000003,.94999999,1,.91000003,.94999999,1,.91000003,.94999999,1,1.13,1.1900001,1.28,1.13,1.1900001,1.28,1.13,1.1900001,1.28,1.15,1.21,1.26,1.15,1.21,1.26,1.15,1.21,1.26,.30189711,.30942646,.30206132,.30189711,.30942646,.30206132,.30189711,.30942646,.30206132,.29693776,.29867238,.29811502,.29693776,.29867238,.29811502,.29693776,.29867238,.29811502,189.98169,68157.422,358.75784,53289.887,80658,80658,80658,170,170,170,2945100,2945100,2945100,9657,9657,9657,1.7603811,1.7603811,1.7603811,167.9077,7854.3999,46.77808,7952.2734,,,,,,,,,,,,,,,,,,,,56.805882,36.513428,,,217.75066,337.06265,,,,,331.23868,313.70605,331.23868,313.70605,331.23868,313.70605,56.805882,36.513428,,,1,,2.3890646,2.3890646,2.3890646,.87376469,.87376469,.87376469,1,,1,,9.1578617,,,5.0949769,5.0949769,5.0949769,1,,1,,2.3890646,2.3890646,2.3890646,.82764137,.82764137,.82764137,1,,1,,22.053926,,,7.1107025,7.1107025,7.1107025,1,
04Jun2021,Iran,155,80813,310,775,161626,404065,9209,2954309,18418,46045,5908618,14771545,2522702,13795,1.6831361,350794,154.51785,8625.3574,168.70255,6686.9453,39.637489,6143.811,,,,,,,,,,,,,,,,,,,,,,,,19004.342,21517.758,16798.451,7721.9185,8743.1797,6825.6123,1574.1442,1797.0957,1400.2434,566.39996,634.84546,513.3111,370.30502,,,193067.48,,,371.16284,371.16284,371.16284,192924.05,192924.05,192924.05,155,,,80813,,,155.35905,155.35905,155.35905,80752.961,80752.961,80752.961,148.49281,89558.648,75914.648,102409.87,65040580,74568008,56421172,370.30502,,,193067.48,,,371.16284,371.16284,371.16284,192924.05,192924.05,192924.05,148.49281,,,,,,,370.30502,,,193067.48,,,371.16284,371.16284,371.16284,192924.05,192924.05,192924.05,148.49281,,,,,,,.43928152,,,229.03004,,,.44029912,.44029912,.44029912,228.85989,228.85989,228.85989,.18387176,,,95.86599,,,.1842977,.1842977,.1842977,95.794769,95.794769,95.794769,10.924356,106.24068,90.055222,121.48569,.41347769,,,,,,,,,366.98276,119074.13,324.4679,120152.09,66902.25,64846.449,69040.578,66902.25,64846.449,69040.578,66902.25,64846.449,69040.578,66279.188,64445.012,68004.672,66279.188,64445.012,68004.672,66279.188,64445.012,68004.672,146.35001,128.39,162.67999,146.35001,128.39,162.67999,146.35001,128.39,162.67999,142.28,124.72,159.53,142.28,124.72,159.53,142.28,124.72,159.53,20990476,20407226,21501808,20990476,20407226,21501808,20990476,20407226,21501808,20903086,20375134,21462302,20903086,20375134,21462302,20903086,20375134,21462302,48746.199,41806.352,54883.359,48746.199,41806.352,54883.359,48746.199,41806.352,54883.359,48233.238,42017.449,54113.309,48233.238,42017.449,54113.309,48233.238,42017.449,54113.309,4959.8799,5697.0898,6313.0898,4959.8799,5697.0898,6313.0898,4959.8799,5697.0898,6313.0898,4859.1499,5554.2002,6207.21,4859.1499,5554.2002,6207.21,4859.1499,5554.2002,6207.21,477.16,555.25,614.03003,477.16,555.25,614.03003,477.16,555.25,614.03003,471.91,545.27002,607.71997,471.91,545.27002,607.71997,471.91,545.27002,607.71997,2211.26,2520.1101,2792.3101,2211.26,2520.1101,2792.3101,2211.26,2520.1101,2792.3101,2156.5601,2453.74,2744.1101,2156.5601,2453.74,2744.1101,2156.5601,2453.74,2744.1101,151.46001,176.25999,194.91,151.46001,176.25999,194.91,151.46001,176.25999,194.91,149.8,173.10001,192.92999,149.8,173.10001,192.92999,149.8,173.10001,192.92999,288411.72,336091.41,377838.56,288411.72,336091.41,377838.56,288411.72,336091.41,377838.56,289781.09,332487.03,372774.41,289781.09,332487.03,372774.41,289781.09,332487.03,372774.41,.88999999,.94,1.01,.88999999,.94,1.01,.88999999,.94,1.01,.91000003,.94999999,1,.91000003,.94999999,1,.91000003,.94999999,1,1.13,1.1900001,1.28,1.13,1.1900001,1.28,1.13,1.1900001,1.28,1.15,1.21,1.26,1.15,1.21,1.26,1.15,1.21,1.26,.30022854,.30710644,.29641041,.30022854,.30710644,.29641041,.30022854,.30710644,.29641041,.2949833,.29682907,.29480731,.2949833,.29682907,.29480731,.2949833,.29682907,.29480731,189.98169,68157.422,358.75784,52504.211,80813,80813,80813,155,155,155,2954309,2954309,2954309,9209,9209,9209,1.6831361,1.6831361,1.6831361,167.9077,7854.3999,46.77808,7250.6025,,,,,,,,,,,,,,,,,,,,59.412903,36.55735,,,241.85103,336.88004,,,,,333.07959,313.74844,333.07959,313.74844,333.07959,313.74844,59.412903,36.55735,,,1,,2.3890646,2.3890646,2.3890646,.9441936,.9441936,.9441936,1,,1,,9.7251225,,,5.2933216,5.2933216,5.2933216,1,,1,,2.3890648,2.3890648,2.3890648,.82786494,.82786494,.82786494,1,,1,,22.015497,,,7.1050372,7.1050372,7.1050372,1,
05Jun2021,Iran,128,80941,256,640,161882,404705,6442,2960751,12884,32210,5921502,14803755,2537092,14390,1.9869605,342718,149.75893,8359.3838,168.70255,6686.9453,39.637489,5073.5986,,,,,,,,,,,,,,,,,,,,,,,,18411.52,20869.207,16313.959,7615.7393,8632.3369,6748.105,1574.9961,1807.1721,1409.7452,566.52148,637.97845,517.19647,305.80026,,,193373.28,,,363.84344,363.84344,363.84344,193287.89,193287.89,193287.89,128,,,80941,,,152.29535,152.29535,152.29535,80905.258,80905.258,80905.258,148.52383,90717.703,77431.414,103378.99,65131296,74671384,56498604,305.80026,,,193373.28,,,363.84344,363.84344,363.84344,193287.89,193287.89,193287.89,148.52383,,,,,,,305.80026,,,193373.28,,,363.84344,363.84344,363.84344,193287.89,193287.89,193287.89,148.52383,,,,,,,.36276153,,,229.39281,,,.43161637,.43161637,.43161637,229.29152,229.29152,229.29152,.15184249,,,96.01783,,,.18066332,.18066332,.18066332,95.975433,95.975433,95.975433,7.6419477,107.61564,91.854515,122.63534,.33708996,,,,,,,,,366.98276,119074.13,324.4679,99222.367,67046.477,64974.68,69182.492,67046.477,64974.68,69182.492,67046.477,64974.68,69182.492,66419.508,64586.66,68152.273,66419.508,64586.66,68152.273,66419.508,64586.66,68152.273,144.23,126.29,160.2,144.23,126.29,160.2,144.23,126.29,160.2,140.32001,123.14,157.21001,140.32001,123.14,157.21001,140.32001,123.14,157.21001,21038774,20456210,21548326,21038774,20456210,21548326,21038774,20456210,21548326,20950958,20424442,21511904,20950958,20424442,21511904,20950958,20424442,21511904,48297.68,41402.02,54919.641,48297.68,41402.02,54919.641,48297.68,41402.02,54919.641,47871.629,41658.898,53884.762,47871.629,41658.898,53884.762,47871.629,41658.898,53884.762,4901.3101,5636.2598,6236.2598,4901.3101,5636.2598,6236.2598,4901.3101,5636.2598,6236.2598,4795.75,5500.0601,6138.5898,4795.75,5500.0601,6138.5898,4795.75,5500.0601,6138.5898,470.57001,547.91998,602.14001,470.57001,547.91998,602.14001,470.57001,547.91998,602.14001,466.98001,538.90002,600.28998,466.98001,538.90002,600.28998,466.98001,538.90002,600.28998,2186.6699,2496.1499,2762.97,2186.6699,2496.1499,2762.97,2186.6699,2496.1499,2762.97,2139.8501,2432.29,2717.5,2139.8501,2432.29,2717.5,2139.8501,2432.29,2717.5,149.52,174.10001,191.33,149.52,174.10001,191.33,149.52,174.10001,191.33,148.38,171.24001,190.75,148.38,171.24001,190.75,148.38,171.24001,190.75,285672.94,333034.06,378417.38,285672.94,333034.06,378417.38,285672.94,333034.06,378417.38,287318.47,330014.34,371272.38,287318.47,330014.34,371272.38,287318.47,330014.34,371272.38,.88999999,.94,1.01,.88999999,.94,1.01,.88999999,.94,1.01,.91000003,.94999999,1,.91000003,.94999999,1,.91000003,.94999999,1,1.13,1.1900001,1.28,1.13,1.1900001,1.28,1.13,1.1900001,1.28,1.15,1.21,1.26,1.15,1.21,1.26,1.15,1.21,1.26,.29862717,.30503345,.2916989,.29862717,.30503345,.2916989,.29862717,.30503345,.2916989,.29311725,.29559112,.29175225,.29311725,.29559112,.29175225,.29311725,.29559112,.29175225,189.98169,68157.422,358.75784,51743.641,80941,80941,80941,128,128,128,2960751,2960751,2960751,6442,6442,6442,1.9869605,1.9869605,1.9869605,167.9077,7854.3999,46.77808,5987.5942,,,,,,,,,,,,,,,,,,,,50.328125,36.579124,,,296.65671,336.81641,,,,,334.86572,313.79388,334.86572,313.79388,334.86572,313.79388,50.328125,36.579124,,,1,,2.3890646,2.3890646,2.3890646,1.1267968,1.1267968,1.1267968,1,,1,,14.082227,,,7.4973111,7.4973111,7.4973111,1,,1,,2.3890646,2.3890646,2.3890646,.82833761,.82833761,.82833761,1,,1,,21.998236,,,7.1058912,7.1058912,7.1058912,1,
06Jun2021,Iran,122,81063,244,610,162126,405315,5612,2966363,11224,28060,5932726,14831815,2552401,15309,2.173913,332899,146.29465,8230.7588,168.70255,6686.9453,39.637489,4835.7739,,,,,,,,,,,,,,,,,,,,,,,,17907.449,20309.053,15893.555,7256.5864,8229.7822,6440.5015,1578.7208,1817.577,1416.1237,568.05634,641.60278,518.56836,291.46588,,,193664.75,,,357.74081,357.74081,357.74081,193645.64,193645.64,193645.64,122,,,81063,,,149.74095,149.74095,149.74095,81055,81055,81055,148.56963,91901.602,79283.188,103610.41,65223196,74775000,56577888,291.46588,,,193664.75,,,357.74081,357.74081,357.74081,193645.64,193645.64,193645.64,148.56963,,,,,,,291.46588,,,193664.75,,,357.74081,357.74081,357.74081,193645.64,193645.64,193645.64,148.56963,,,,,,,.34575707,,,229.73857,,,.42437699,.42437699,.42437699,229.7159,229.7159,229.7159,.14472488,,,96.16256,,,.17763312,.17763312,.17763312,96.153069,96.153069,96.153069,6.6573439,109.02006,94.051216,122.90985,.31714994,,,,,,,,,366.98276,119074.13,324.4679,94571.32,67188.656,65100.859,69321.953,67188.656,65100.859,69321.953,67188.656,65100.859,69321.953,66557.93,64726.73,68297.773,66557.93,64726.73,68297.773,66557.93,64726.73,68297.773,142.17999,124.28,157.75999,142.17999,124.28,157.75999,142.17999,124.28,157.75999,138.42,121.6,154.94,138.42,121.6,154.94,138.42,121.6,154.94,21086628,20505010,21594164,21086628,20505010,21594164,21086628,20505010,21594164,20998470,20473482,21562008,20998470,20473482,21562008,20998470,20473482,21562008,47853.09,40960.352,54554.98,47853.09,40960.352,54554.98,47853.09,40960.352,54554.98,47511.531,41231.609,53655.301,47511.531,41231.609,53655.301,47511.531,41231.609,53655.301,4843.3398,5574.7002,6175.8999,4843.3398,5574.7002,6175.8999,4843.3398,5574.7002,6175.8999,4732.1499,5445.48,6076.8901,4732.1499,5445.48,6076.8901,4732.1499,5445.48,6076.8901,463.89001,540.40002,593.5,463.89001,540.40002,593.5,463.89001,540.40002,593.5,461.95999,532.34003,593.41998,461.95999,532.34003,593.41998,461.95999,532.34003,593.41998,2162.4299,2471.97,2732.9399,2162.4299,2471.97,2732.9399,2162.4299,2471.97,2732.9399,2114.77,2410.76,2690.47,2114.77,2410.76,2690.47,2114.77,2410.76,2690.47,147.50999,171.85001,188.75,147.50999,171.85001,188.75,147.50999,171.85001,188.75,146.89999,169.28999,188.72,146.89999,169.28999,188.72,146.89999,169.28999,188.72,282615.56,329969.5,375906.53,282615.56,329969.5,375906.53,282615.56,329969.5,375906.53,284466.56,327523.41,369693.31,284466.56,327523.41,369693.31,284466.56,327523.41,369693.31,.88999999,.94,1.01,.88999999,.94,1.01,.88999999,.94,1.01,.91000003,.94999999,1,.91000003,.94999999,1,.91000003,.94999999,1,1.13,1.1900001,1.28,1.13,1.1900001,1.28,1.13,1.1900001,1.28,1.15,1.21,1.26,1.15,1.21,1.26,1.15,1.21,1.26,.29711768,.30341536,.28917617,.29711768,.30341536,.28917617,.29711768,.30341536,.28917617,.29133978,.29491937,.28876925,.29133978,.29491937,.28876925,.29133978,.29491937,.28876925,189.98169,68157.422,358.75784,51008.188,81063,81063,81063,122,122,122,2966363,2966363,2966363,5612,5612,5612,2.173913,2.173913,2.173913,167.9077,7854.3999,46.77808,5706.9258,,,,,,,,,,,,,,,,,,,,46,36.593304,,,315.30826,336.78403,,,,,336.56699,313.84207,336.56699,313.84207,336.56699,313.84207,46,36.593304,,,1,,2.3890646,2.3890646,2.3890646,1.1654098,1.1654098,1.1654098,1,,1,,16.37591,,,8.5269222,8.5269222,8.5269222,1,,1,,2.3890648,2.3890648,2.3890648,.8288449,.8288449,.8288449,1,,1,,21.987598,,,7.1085796,7.1085796,7.1085796,1,
07Jun2021,Iran,120,81183,240,600,162366,405915,4907,2971270,9814,24535,5942540,14856350,2565972,13571,2.4454861,324115,144.375,8274.8574,168.70255,6686.9453,39.637489,4756.4985,,,,,,,,,,,,,,,,,,,,,,,,17602.631,19962.588,15620.692,7042.4956,7986.6714,6249.5571,1585.0924,1827.8368,1419.6985,570.4715,644.98364,519.9928,286.68774,,,193951.44,,,352.57565,352.57565,352.57565,193998.2,193998.2,193998.2,120,,,81183,,,147.57895,147.57895,147.57895,81202.578,81202.578,81202.578,148.62387,93096.641,81528.836,105820.16,65316296,74880816,56659416,286.68774,,,193951.44,,,352.57565,352.57565,352.57565,193998.2,193998.2,193998.2,148.62387,,,,,,,286.68774,,,193951.44,,,352.57565,352.57565,352.57565,193998.2,193998.2,193998.2,148.62387,,,,,,,.34008893,,,230.07866,,,.41824973,.41824973,.41824973,230.13414,230.13414,230.13414,.14235233,,,96.304909,,,.17506839,.17506839,.17506839,96.328133,96.328133,96.328133,5.8210239,110.4377,96.715164,125.53123,.30794638,,,,,,,,,366.98276,119074.13,324.4679,93020.969,67328.82,65225.051,69458.992,67328.82,65225.051,69458.992,67328.82,65225.051,69458.992,66694.508,64865.262,68441.211,66694.508,64865.262,68441.211,66694.508,64865.262,68441.211,140.16,122.33,155.34,140.16,122.33,155.34,140.16,122.33,155.34,136.57001,119.85,152.7,136.57001,119.85,152.7,136.57001,119.85,152.7,21134038,20553620,21639330,21134038,20553620,21639330,21134038,20553620,21639330,21045620,20522252,21611992,21045620,20522252,21611992,21045620,20522252,21611992,47410.121,40521.281,54187.891,47410.121,40521.281,54187.891,47410.121,40521.281,54187.891,47150.98,40754.5,53342.629,47150.98,40754.5,53342.629,47150.98,40754.5,53342.629,4785.75,5512.23,6115.9399,4785.75,5512.23,6115.9399,4785.75,5512.23,6115.9399,4672.4902,5390.25,6016.9502,4672.4902,5390.25,6016.9502,4672.4902,5390.25,6016.9502,457.17999,532.78003,588.57001,457.17999,532.78003,588.57001,457.17999,532.78003,588.57001,456.88,525.67999,586.77002,456.88,525.67999,586.77002,456.88,525.67999,586.77002,2138.4199,2447.49,2702.1201,2138.4199,2447.49,2702.1201,2138.4199,2447.49,2702.1201,2088.77,2389.05,2662.9199,2088.77,2389.05,2662.9199,2088.77,2389.05,2662.9199,145.48,169.53999,187.3,145.48,169.53999,187.3,145.48,169.53999,187.3,145.38,167.28,186.72,145.38,167.28,186.72,145.38,167.28,186.72,279564.19,326898.88,373360.09,279564.19,326898.88,373360.09,279564.19,326898.88,373360.09,281318.88,325015.25,367513.88,281318.88,325015.25,367513.88,281318.88,325015.25,367513.88,.88999999,.94,1.01,.88999999,.94,1.01,.88999999,.94,1.01,.91000003,.94999999,1,.91000003,.94999999,1,.91000003,.94999999,1,1.13,1.1900001,1.28,1.13,1.1900001,1.28,1.13,1.1900001,1.28,1.15,1.21,1.26,1.15,1.21,1.26,1.15,1.21,1.26,.29563308,.30189076,.28666919,.29563308,.30189076,.28666919,.29563308,.30189076,.28666919,.28964403,.29407796,.2862626,.28964403,.29407796,.2862626,.28964403,.29407796,.2862626,189.98169,68157.422,358.75784,50283.5,81183,81183,81183,120,120,120,2971270,2971270,2971270,4907,4907,4907,2.4454861,2.4454861,2.4454861,167.9077,7854.3999,46.77808,5613.3696,,,,,,,,,,,,,,,,,,,,40.891666,36.599659,,,324.73184,336.76624,,,,,338.25714,313.89288,338.25714,313.89288,338.25714,313.89288,40.891666,36.599659,,,1,,2.3890646,2.3890646,2.3890646,1.168,1.168,1.168,1,,1,,18.972212,,,9.6617327,9.6617327,9.6617327,1,,1,,2.3890648,2.3890648,2.3890648,.8293463,.8293463,.8293463,1,,1,,21.982618,,,7.1127963,7.1127963,7.1127963,1,
08Jun2021,Iran,179,81362,358,895,162724,406810,8846,2980116,17692,44230,5960232,14900580,2578263,12291,2.0235136,320491,143.61607,8465.4463,168.70255,6686.9453,39.637489,7095.1104,,,,,,,,,,,,,,,,,,,,,,,,17366.689,19686.857,15389.681,6887.9175,7808.1348,6103.8027,1593.8949,1840.3135,1413.5013,573.4884,648.31213,518.06012,427.64258,,,194379.08,,,348.09033,348.09033,348.09033,194346.3,194346.3,194346.3,179,,,81362,,,145.70151,145.70151,145.70151,81348.281,81348.281,81348.281,148.67792,94288.461,82763.273,107586.7,65410584,74988400,56742180,427.64258,,,194379.08,,,348.09033,348.09033,348.09033,194346.3,194346.3,194346.3,148.67792,,,,,,,427.64258,,,194379.08,,,348.09033,348.09033,348.09033,194346.3,194346.3,194346.3,148.67792,,,,,,,.5072993,,,230.58595,,,.41292891,.41292891,.41292891,230.54707,230.54707,230.54707,.21234223,,,96.51725,,,.17284124,.17284124,.17284124,96.500977,96.500977,96.500977,10.493739,111.85152,98.179535,127.62681,.45354709,,,,,,,,,366.98276,119074.13,324.4679,138756.28,67466.992,65347.301,69593.641,67466.992,65347.301,69593.641,67466.992,65347.301,69593.641,66829.258,65002.281,68582.594,66829.258,65002.281,68582.594,66829.258,65002.281,68582.594,138.17,120.44,152.92999,138.17,120.44,152.92999,138.17,120.44,152.92999,134.75999,117.86,150.49001,134.75999,117.86,150.49001,134.75999,117.86,150.49001,21181006,20602040,21683830,21181006,20602040,21683830,21181006,20602040,21683830,21092410,20570748,21661362,21092410,20570748,21661362,21092410,20570748,21661362,46967.559,40083.922,53822.391,46967.559,40083.922,53822.391,46967.559,40083.922,53822.391,46788.969,40200.68,53025.551,46788.969,40200.68,53025.551,46788.969,40200.68,53025.551,4725.0098,5448.7598,6054.1299,4725.0098,5448.7598,6054.1299,4725.0098,5448.7598,6054.1299,4625.4199,5334.2798,5955.5298,4625.4199,5334.2798,5955.5298,4625.4199,5334.2798,5955.5298,450.48001,525.14001,586.83002,450.48001,525.14001,586.83002,450.48001,525.14001,586.83002,451.79999,518.98999,580.71002,451.79999,518.98999,580.71002,451.79999,518.98999,580.71002,2114.5601,2422.6299,2675.8301,2114.5601,2422.6299,2675.8301,2114.5601,2422.6299,2675.8301,2062.6299,2367.0701,2636.3799,2062.6299,2367.0701,2636.3799,2062.6299,2367.0701,2636.3799,143.42,167.19,186.83,143.42,167.19,186.83,143.42,167.19,186.83,143.84,165.24001,184.88,143.84,165.24001,184.88,143.84,165.24001,184.88,276519.72,323823.41,370779.5,276519.72,323823.41,370779.5,276519.72,323823.41,370779.5,277477.13,322491,365297.63,277477.13,322491,365297.63,277477.13,322491,365297.63,.88999999,.94,1.01,.88999999,.94,1.01,.88999999,.94,1.01,.91000003,.94999999,1,.91000003,.94999999,1,.91000003,.94999999,1,1.13,1.1900001,1.28,1.13,1.1900001,1.28,1.13,1.1900001,1.28,1.15,1.21,1.26,1.15,1.21,1.26,1.15,1.21,1.26,.29418176,.30046961,.28413823,.29418176,.30046961,.28413823,.29418176,.30046961,.28413823,.28801659,.29317912,.28380659,.28801659,.29317912,.28380659,.28801659,.29317912,.28380659,189.98169,68157.422,358.75784,49569.57,81362,81362,81362,179,179,179,2980116,2980116,2980116,8846,8846,8846,2.0235136,2.0235136,2.0235136,167.9077,7854.3999,46.77808,8373.2764,,,,,,,,,,,,,,,,,,,,49.418995,36.627861,,,220.48427,336.51041,,,,,339.92587,313.9462,339.92587,313.9462,339.92587,313.9462,49.418995,36.627861,,,1,,2.3890648,2.3890648,2.3890648,.7718994,.7718994,.7718994,1,,1,,10.658881,,,5.3094687,5.3094687,5.3094687,1,,1,,2.3890646,2.3890646,2.3890646,.82921994,.82921994,.82921994,1,,1,,21.949005,,,7.1074433,7.1074433,7.1074433,1,
09Jun2021,Iran,157,81519,314,785,163038,407595,10598,2990714,21196,52990,5981428,14953570,2590682,12419,1.4814116,318513,143.30357,8746.4639,168.70255,6686.9453,39.637489,6223.0859,,,,,,,,,,,,,,,,,,,,,,,,17176.561,19453.973,15226.558,6976.939,7902,6184.8687,1604.9189,1863.6721,1405.2013,576.79974,655.00818,515.25714,375.08316,,,194754.16,,,344.0434,344.0434,344.0434,194690.34,194690.34,194690.34,157,,,81519,,,144.00757,144.00757,144.00757,81492.289,81492.289,81492.289,148.72174,95462.016,84734.234,111356.77,65506044,75099760,56826912,375.08316,,,194754.16,,,344.0434,344.0434,344.0434,194690.34,194690.34,194690.34,148.72174,,,,,,,375.08316,,,194754.16,,,344.0434,344.0434,344.0434,194690.34,194690.34,194690.34,148.72174,,,,,,,.44494969,,,231.03091,,,.40812817,.40812817,.40812817,230.9552,230.9552,230.9552,.18624429,,,96.703499,,,.17083178,.17083178,.17083178,96.671806,96.671806,96.671806,12.572083,113.24367,100.51762,132.09914,.39291352,,,,,,,,,366.98276,119074.13,324.4679,121702.45,67603.188,65467.672,69725.938,67603.188,65467.672,69725.938,67603.188,65467.672,69725.938,66962.227,65137.801,68721.93,66962.227,65137.801,68721.93,66962.227,65137.801,68721.93,136.2,118.59,150.58,136.2,118.59,150.58,136.2,118.59,150.58,132.96001,115.9,148.28999,132.96001,115.9,148.28999,132.96001,115.9,148.28999,21227530,20649944,21727672,21227530,20649944,21727672,21227530,20649944,21727672,21138834,20618964,21710118,21138834,20618964,21710118,21138834,20618964,21710118,46524.922,39647.922,53539.648,46524.922,39647.922,53539.648,46524.922,39647.922,53539.648,46425.09,39635.891,52748.82,46425.09,39635.891,52748.82,46425.09,39635.891,52748.82,4662.5801,5384.3599,5990.5801,4662.5801,5384.3599,5990.5801,4662.5801,5384.3599,5990.5801,4578.4102,5277.5601,5893.52,4578.4102,5277.5601,5893.52,4578.4102,5277.5601,5893.52,443.82001,517.52002,585.03998,443.82001,517.52002,585.03998,443.82001,517.52002,585.03998,446.09,512.31,575.34003,446.09,512.31,575.34003,446.09,512.31,575.34003,2090.79,2397.3701,2652.05,2090.79,2397.3701,2652.05,2090.79,2397.3701,2652.05,2037.16,2344.78,2612.4099,2037.16,2344.78,2612.4099,2037.16,2344.78,2612.4099,141.35001,164.82001,186.33,141.35001,164.82001,186.33,141.35001,164.82001,186.33,142.07001,163.16,183.23,142.07001,163.16,183.23,142.07001,163.16,183.23,273483.09,320744.31,368737.31,273483.09,320744.31,368737.31,273483.09,320744.31,368737.31,273584.78,319951.81,363283.13,273584.78,319951.81,363283.13,273584.78,319951.81,363283.13,.88999999,.94,1,.88999999,.94,1,.88999999,.94,1,.91000003,.94999999,1,.91000003,.94999999,1,.91000003,.94999999,1,1.13,1.1900001,1.28,1.13,1.1900001,1.28,1.13,1.1900001,1.28,1.15,1.21,1.26,1.15,1.21,1.26,1.15,1.21,1.26,.29274634,.29910773,.28124952,.29274634,.29910773,.28124952,.29274634,.29910773,.28124952,.28639686,.29241174,.28112477,.28639686,.29241174,.28112477,.28639686,.29241174,.28112477,189.98169,68157.422,358.75784,48862.816,81519,81519,81519,157,157,157,2990714,2990714,2990714,10598,10598,10598,1.4814116,1.4814116,1.4814116,167.9077,7854.3999,46.77808,7344.1587,,,,,,,,,,,,,,,,,,,,67.503181,36.687325,,,254.50894,336.35248,,,,,341.59268,314.00192,341.59268,314.00192,341.59268,314.00192,67.503181,36.687325,,,1,,2.3890648,2.3890648,2.3890648,.86751592,.86751592,.86751592,1,,1,,9.0075502,,,4.3899717,4.3899717,4.3899717,1,,1,,2.3890646,2.3890646,2.3890646,.82929361,.82929361,.82929361,1,,1,,21.903145,,,7.0978136,7.0978136,7.0978136,1,
10Jun2021,Iran,153,81672,306,765,163344,408360,12398,3003112,24796,61990,6006224,15015560,2612091,21409,1.2340701,309349,143.49107,9082.5889,168.70255,6686.9453,39.637489,6064.5356,,,,,,,,,,,,,,,,,,,,,,,,17101.285,19336.639,15221.779,6885.8359,7785.9014,6129.0527,1617.9579,1886.9242,1398.2601,580.24274,661.19318,511.86386,365.52689,,,195119.69,,,340.20602,340.20602,340.20602,195030.55,195030.55,195030.55,153,,,81672,,,142.40135,142.40135,142.40135,81634.688,81634.688,81634.688,148.74596,96601.656,83835.805,114722.47,65602648,75214480,56910748,365.52689,,,195119.69,,,340.20602,340.20602,340.20602,195030.55,195030.55,195030.55,148.74596,,,,,,,365.52689,,,195119.69,,,340.20602,340.20602,340.20602,195030.55,195030.55,195030.55,148.74596,,,,,,,.43361339,,,231.46452,,,.40357602,.40357602,.40357602,231.35878,231.35878,231.35878,.18149923,,,96.884995,,,.16892636,.16892636,.16892636,96.840736,96.840736,96.840736,14.707368,114.59559,99.451859,136.09175,.37838572,,,,,,,,,366.98276,119074.13,324.4679,118601.74,67737.438,65586.18,69855.867,67737.438,65586.18,69855.867,67737.438,65586.18,69855.867,67093.406,65271.828,68859.242,67093.406,65271.828,68859.242,67093.406,65271.828,68859.242,134.25,116.78,148.64999,134.25,116.78,148.64999,134.25,116.78,148.64999,131.19,113.97,146.33,131.19,113.97,146.33,131.19,113.97,146.33,21273612,20696298,21770858,21273612,20696298,21770858,21273612,20696298,21770858,21184894,20666900,21758264,21184894,20666900,21758264,21184894,20666900,21758264,46082.031,39213.16,53251.98,46082.031,39213.16,53251.98,46082.031,39213.16,53251.98,46059.23,39073.129,52489,46059.23,39073.129,52489,46059.23,39073.129,52489,4600.2598,5319.0898,5893.7202,4600.2598,5319.0898,5893.7202,4600.2598,5319.0898,5893.7202,4531.4302,5220.1401,5826.5801,4531.4302,5220.1401,5826.5801,4531.4302,5220.1401,5826.5801,436.95001,509.95001,580.27002,436.95001,509.95001,580.27002,436.95001,509.95001,580.27002,439.64999,505.66,569.59003,439.64999,505.66,569.59003,439.64999,505.66,569.59003,2066.23,2371.6899,2627.52,2066.23,2371.6899,2627.52,2066.23,2371.6899,2627.52,2019.16,2322.1699,2587.8201,2019.16,2322.1699,2587.8201,2019.16,2322.1699,2587.8201,139.19,162.45,184.85001,139.19,162.45,184.85001,139.19,162.45,184.85001,140.05,161.08,181.45,140.05,161.08,181.45,140.05,161.08,181.45,270454.28,317661.75,366721.63,270454.28,317661.75,366721.63,270454.28,317661.75,366721.63,269677.03,317397.69,361455.19,269677.03,317397.69,361455.19,269677.03,317397.69,361455.19,.88999999,.94,1,.88999999,.94,1,.88999999,.94,1,.91000003,.94999999,1,.91000003,.94999999,1,.91000003,.94999999,1,1.13,1.1900001,1.28,1.13,1.1900001,1.28,1.13,1.1900001,1.28,1.15,1.21,1.26,1.15,1.21,1.26,1.15,1.21,1.26,.29132831,.29780817,.27914453,.29132831,.29780817,.27914453,.29132831,.29780817,.27914453,.2848289,.29168382,.27878222,.2848289,.29168382,.27878222,.2848289,.29168382,.27878222,189.98169,68157.422,358.75784,48163.242,81672,81672,81672,153,153,153,3003112,3003112,3003112,12398,12398,12398,1.2340701,1.2340701,1.2340701,167.9077,7854.3999,46.77808,7157.0464,,,,,,,,,,,,,,,,,,,,81.032677,36.770397,,,264.28058,336.21747,,,,,343.25534,314.05988,343.25534,314.05988,343.25534,314.05988,81.032677,36.770397,,,1,,2.3890646,2.3890646,2.3890646,.877451,.877451,.877451,1,,1,,7.7917128,,,3.7168922,3.7168922,3.7168922,1,,1,,2.3890646,2.3890646,2.3890646,.82938385,.82938385,.82938385,1,,1,,21.844889,,,7.0838556,7.0838556,7.0838556,1,
11Jun2021,Iran,124,81796,248,620,163592,408980,9966,3013078,19932,49830,6026156,15065390,2624802,12711,1.2442304,306480,142.85715,9399.7588,168.70255,6686.9453,39.637489,4915.0488,,,,,,,,,,,,,,,,,,,,,,,,17065.113,19302.779,15187.147,6880.4902,7782.6963,6123.312,1632.806,1909.1707,1397.0468,583.65912,666.77917,510.43686,296.24402,,,195415.94,,,336.35986,336.35986,336.35986,195366.91,195366.91,195366.91,124,,,81796,,,140.79144,140.79144,140.79144,81775.477,81775.477,81775.477,148.74391,97146.445,83683.836,115429.49,65699792,75329912,56994432,296.24402,,,195415.94,,,336.35986,336.35986,336.35986,195366.91,195366.91,195366.91,148.74391,,,,,,,296.24402,,,195415.94,,,336.35986,336.35986,336.35986,195366.91,195366.91,195366.91,148.74391,,,,,,,.35142523,,,231.81595,,,.39901343,.39901343,.39901343,231.7578,231.7578,231.7578,.14709741,,,97.032097,,,.1670166,.1670166,.1670166,97.007751,97.007751,97.007751,11.822361,115.24185,99.271576,136.93048,.30494583,,,,,,,,,366.98276,119074.13,324.4679,96121.672,67869.742,65702.867,69983.469,67869.742,65702.867,69983.469,67869.742,65702.867,69983.469,67222.828,65404.371,68994.523,67222.828,65404.371,68994.523,67222.828,65404.371,68994.523,132.3,115.01,146.72,132.3,115.01,146.72,132.3,115.01,146.72,129.42,112.29,144.39999,129.42,112.29,144.39999,129.42,112.29,144.39999,21319250,20742292,21813394,21319250,20742292,21813394,21319250,20742292,21813394,21230584,20714550,21805804,21230584,20714550,21805804,21230584,20714550,21805804,45638.91,38671.941,52959.43,45638.91,38671.941,52959.43,45638.91,38671.941,52959.43,45691.398,38514.699,52292.738,45691.398,38514.699,52292.738,45691.398,38514.699,52292.738,4538.0498,5253.1099,5790.1201,4538.0498,5253.1099,5790.1201,4538.0498,5253.1099,5790.1201,4484.48,5162.1099,5746.6802,4484.48,5162.1099,5746.6802,4484.48,5162.1099,5746.6802,429.87,502.45001,573.21002,429.87,502.45001,573.21002,429.87,502.45001,573.21002,432.64001,499.04999,563.79999,432.64001,499.04999,563.79999,432.64001,499.04999,563.79999,2040.34,2345.6001,2602.26,2040.34,2345.6001,2602.26,2040.34,2345.6001,2602.26,1999.85,2299.21,2562.6499,1999.85,2299.21,2562.6499,1999.85,2299.21,2562.6499,136.95,160.07001,182.62,136.95,160.07001,182.62,136.95,160.07001,182.62,137.82001,158.99001,179.61,137.82001,158.99001,179.61,137.82001,158.99001,179.61,266905.38,314577.34,364672.13,266905.38,314577.34,364672.13,266905.38,314577.34,364672.13,265798.88,314830.22,359946.06,265798.88,314830.22,359946.06,265798.88,314830.22,359946.06,.88999999,.94,1,.88999999,.94,1,.88999999,.94,1,.91000003,.94999999,.99000001,.91000003,.94999999,.99000001,.91000003,.94999999,.99000001,1.13,1.1900001,1.28,1.13,1.1900001,1.28,1.13,1.1900001,1.28,1.15,1.21,1.26,1.15,1.21,1.26,1.15,1.21,1.26,.28988424,.2973991,.27704227,.28988424,.2973991,.27704227,.28988424,.2973991,.27704227,.28324807,.29155102,.27613777,.28324807,.29155102,.27613777,.28324807,.29155102,.27613777,189.98169,68157.422,358.75784,47463.664,81796,81796,81796,124,124,124,3013078,3013078,3013078,9966,9966,9966,1.2442304,1.2442304,1.2442304,167.9077,7854.3999,46.77808,5800.4819,,,,,,,,,,,,,,,,,,,,80.370964,36.836494,,,327.92712,336.2049,,,,,344.9653,314.12009,344.9653,314.12009,344.9653,314.12009,80.370964,36.836494,,,1,,2.3890646,2.3890646,2.3890646,1.0669355,1.0669355,1.0669355,1,,1,,9.7477875,,,4.5794611,4.5794611,4.5794611,1,,1,,2.3890648,2.3890648,2.3890648,.82974404,.82974404,.82974404,1,,1,,21.804876,,,7.075572,7.075572,7.075572,1,
12Jun2021,Iran,115,81911,230,575,163822,409555,7444,3020522,14888,37220,6041044,15102610,2640281,15479,1.5448684,298330,141.29465,9619.9287,168.70255,6686.9453,39.637489,4558.311,,,,,,,,,,,,,,,,,,,,,,,,17062.715,19334.557,15180.703,6888.7402,7805.9526,6128.915,1648.8713,1920.3103,1400.5844,586.94916,668.14465,510.26062,274.74243,,,195690.67,,,332.34213,332.34213,332.34213,195699.25,195699.25,195699.25,115,,,81911,,,139.10973,139.10973,139.10973,81914.586,81914.586,81914.586,148.71352,98448.07,81498.82,120809.22,65798240,75450720,57075932,274.74243,,,195690.67,,,332.34213,332.34213,332.34213,195699.25,195699.25,195699.25,148.71352,,,,,,,274.74243,,,195690.67,,,332.34213,332.34213,332.34213,195699.25,195699.25,195699.25,148.71352,,,,,,,.32591856,,,232.14186,,,.39424729,.39424729,.39424729,232.15204,232.15204,232.15204,.13642098,,,97.168518,,,.16502161,.16502161,.16502161,97.172775,97.172775,97.172775,8.8305893,116.78593,96.679565,143.31229,.27907345,,,,,,,,,366.98276,119074.13,324.4679,89145.102,68000.094,65817.758,70108.742,68000.094,65817.758,70108.742,68000.094,65817.758,70108.742,67350.5,65535.43,69127.758,67350.5,65535.43,69127.758,67350.5,65535.43,69127.758,130.36,113.15,144.77,130.36,113.15,144.77,130.36,113.15,144.77,127.67,110.8,142.47,127.67,110.8,142.47,127.67,110.8,142.47,21364446,20787926,21855290,21364446,20787926,21855290,21364446,20787926,21855290,21275906,20761910,21852736,21275906,20761910,21852736,21275906,20761910,21852736,45195.781,38092.398,52876.781,45195.781,38092.398,52876.781,45195.781,38092.398,52876.781,45321.84,37960.82,52127.102,45321.84,37960.82,52127.102,45321.84,37960.82,52127.102,4475.9902,5186.54,5685.5498,4475.9902,5186.54,5685.5498,4475.9902,5186.54,5685.5498,4437.5601,5103.5601,5677.9102,4437.5601,5103.5601,5677.9102,4437.5601,5103.5601,5677.9102,422.89001,495.03,566.17999,422.89001,495.03,566.17999,422.89001,495.03,566.17999,425.03,492.5,557.38,425.03,492.5,557.38,425.03,492.5,557.38,2014.4301,2319.1299,2568.25,2014.4301,2319.1299,2568.25,2014.4301,2319.1299,2568.25,1980.49,2275.9299,2538.99,1980.49,2275.9299,2538.99,1980.49,2275.9299,2538.99,134.71001,157.7,180.37,134.71001,157.7,180.37,134.71001,157.7,180.37,135.39999,156.89,177.55,135.39999,156.89,177.55,135.39999,156.89,177.55,262905.88,311512.5,363802.31,262905.88,311512.5,363802.31,262905.88,311512.5,363802.31,262008.31,312273.19,358765.34,262008.31,312273.19,358765.34,262008.31,312273.19,358765.34,1.08,1.17,1.27,1.08,1.17,1.27,1.08,1.17,1.27,1.12,1.1900001,1.26,1.12,1.1900001,1.26,1.12,1.1900001,1.26,1.37,1.49,1.62,1.37,1.49,1.62,1.37,1.49,1.62,1.42,1.51,1.6,1.42,1.51,1.6,1.42,1.51,1.6,.288434,.29704091,.27378747,.288434,.29704091,.27378747,.288434,.29704091,.27378747,.28169641,.29187989,.27331272,.28169641,.29187989,.27331272,.28169641,.29187989,.27331272,189.98169,68157.422,358.75784,46767.672,81911,81911,81911,115,115,115,3020522,3020522,3020522,7444,7444,7444,1.5448684,1.5448684,1.5448684,167.9077,7854.3999,46.77808,5379.479,,,,,,,,,,,,,,,,,,,,64.730438,36.875656,,,358.32858,336.23596,,,,,346.69977,314.18259,346.69977,314.18259,346.69977,314.18259,64.730438,36.875656,,,1,,2.3890646,2.3890646,2.3890646,1.1335652,1.1335652,1.1335652,1,,1,,13.225157,,,6.0714374,6.0714374,6.0714374,1,,1,,2.3890646,2.3890646,2.3890646,.83017045,.83017045,.83017045,1,,1,,21.783731,,,7.0730972,7.0730972,7.0730972,1,
13Jun2021,Iran,187,82098,374,935,164196,410490,8195,3028717,16390,40975,6057434,15143585,2652792,12511,2.2818792,293827,139.26785,9716.5,168.70255,6686.9453,39.637489,7412.2104,,,,,,,,,,,,,,,,,,,,,,,,17092.049,19421.266,15267.342,6909.8169,7851.4512,6172.1411,1666.3181,1930.0313,1409.4823,590.14972,668.48938,511.46185,446.7551,,,196137.44,,,328.11572,328.11572,328.11572,196027.36,196027.36,196027.36,187,,,82098,,,137.34067,137.34067,137.34067,82051.93,82051.93,82051.93,148.65785,98981.516,80771.758,122495.88,65897224,75573216,57156704,446.7551,,,196137.44,,,328.11572,328.11572,328.11572,196027.36,196027.36,196027.36,148.65785,,,,,,,446.7551,,,196137.44,,,328.11572,328.11572,328.11572,196027.36,196027.36,196027.36,148.65785,,,,,,,.5299719,,,232.67183,,,.38923365,.38923365,.38923365,232.54128,232.54128,232.54128,.22183238,,,97.39035,,,.16292302,.16292302,.16292302,97.335693,97.335693,97.335693,9.7214775,117.41875,95.81707,145.31311,.45135206,,,,,,,,,366.98276,119074.13,324.4679,144957.69,68128.523,65946.859,70231.688,68128.523,65946.859,70231.688,68128.523,65946.859,70231.688,67476.422,65665.023,69258.969,67476.422,65665.023,69258.969,67476.422,65665.023,69258.969,128.42,111.31,142.77,128.42,111.31,142.77,128.42,111.31,142.77,125.92,109.33,140.58,125.92,109.33,140.58,125.92,109.33,140.58,21409948,20833990,21897178,21409948,20833990,21897178,21409948,20833990,21897178,21321634,20809806,21899798,21321634,20809806,21899798,21321634,20809806,21899798,45502.09,38102.039,53810.602,45502.09,38102.039,53810.602,45502.09,38102.039,53810.602,45727.43,38024.691,52904.531,45727.43,38024.691,52904.531,45727.43,38024.691,52904.531,4414.1699,5119.5601,5612.6201,4414.1699,5119.5601,5612.6201,4414.1699,5119.5601,5612.6201,4390.71,5044.6401,5616.7002,4390.71,5044.6401,5616.7002,4390.71,5044.6401,5616.7002,416.10001,487.82001,559.64001,416.10001,487.82001,559.64001,416.10001,487.82001,559.64001,417.03,486.13,551.14001,417.03,486.13,551.14001,417.03,486.13,551.14001,1988.52,2292.3,2526.3201,1988.52,2292.3,2526.3201,1988.52,2292.3,2526.3201,1961.08,2252.3301,2508.25,1961.08,2252.3301,2508.25,1961.08,2252.3301,2508.25,132.53,155.38,178.25,132.53,155.38,178.25,132.53,155.38,178.25,132.83,154.84,175.53999,132.83,154.84,175.53999,132.83,154.84,175.53999,267073.19,318916.56,377215.19,267073.19,318916.56,377215.19,267073.19,318916.56,377215.19,266687.75,320550.72,370905.59,266687.75,320550.72,370905.59,266687.75,320550.72,370905.59,1.0700001,1.16,1.27,1.0700001,1.16,1.27,1.0700001,1.16,1.27,1.12,1.1799999,1.26,1.12,1.1799999,1.26,1.12,1.1799999,1.26,1.37,1.49,1.62,1.37,1.49,1.62,1.37,1.49,1.62,1.42,1.51,1.6,1.42,1.51,1.6,1.42,1.51,1.6,.2822288,.29213658,.26531947,.2822288,.29213658,.26531947,.2822288,.29213658,.26531947,.27537081,.28752372,.26572394,.27537081,.28752372,.26572394,.27537081,.28752372,.26572394,189.98169,68157.422,358.75784,46071.68,82098,82098,82098,187,187,187,3028717,3028717,3028717,8195,8195,8195,2.2818792,2.2818792,2.2818792,167.9077,7854.3999,46.77808,8747.501,,,,,,,,,,,,,,,,,,,,43.823528,36.891483,,,221.55655,335.97473,,,,,354.32245,314.25821,354.32245,314.25821,354.32245,314.25821,43.823528,36.891483,,,1,,2.3890648,2.3890648,2.3890648,.68673795,.68673795,.68673795,1,,1,,12.078281,,,5.5524211,5.5524211,5.5524211,1,,1,,2.3890648,2.3890648,2.3890648,.82984388,.82984388,.82984388,1,,1,,21.757471,,,7.0689826,7.0689826,7.0689826,1,
14Jun2021,Iran,119,82217,238,595,164434,411085,10715,3039432,21430,53575,6078864,15197160,2666601,13809,1.1105926,290614,136.48215,9700.0986,168.70255,6686.9453,39.637489,4716.8613,,,,,,,,,,,,,,,,,,,,,,,,17151.096,19560.818,15389.256,6942.9531,7918.4351,6229.7407,1684.9264,1936.9667,1424.0833,593.33203,667.89117,514.19836,284.29871,,,196421.73,,,323.66492,323.66492,323.66492,196351.03,196351.03,196351.03,119,,,82217,,,135.47768,135.47768,135.47768,82187.406,82187.406,82187.406,148.58417,99374.445,79717.383,124616.71,65996596,75697832,57236420,284.29871,,,196421.73,,,323.66492,323.66492,323.66492,196351.03,196351.03,196351.03,148.58417,,,,,,,284.29871,,,196421.73,,,323.66492,323.66492,323.66492,196351.03,196351.03,196351.03,148.58417,,,,,,,.33725485,,,233.00909,,,.38395381,.38395381,.38395381,232.92523,232.92523,232.92523,.14116606,,,97.531509,,,.16071302,.16071302,.16071302,97.496407,97.496407,97.496407,12.710876,117.88486,94.566292,147.82899,.28608835,,,,,,,,,366.98276,119074.13,324.4679,92245.805,68255.008,66078.453,70352.32,68255.008,66078.453,70352.32,68255.008,66078.453,70352.32,67600.602,65793.117,69388.141,67600.602,65793.117,69388.141,67600.602,65793.117,69388.141,126.49,109.49,139.94,126.49,109.49,139.94,126.49,109.49,139.94,124.18,107.88,138.55,124.18,107.88,138.55,124.18,107.88,138.55,21456552,20881328,21939734,21456552,20881328,21939734,21456552,20881328,21939734,21368590,20859112,21947772,21368590,20859112,21947772,21368590,20859112,21947772,46602.859,38729.672,55794.34,46602.859,38729.672,55794.34,46602.859,38729.672,55794.34,46955.039,38726.73,54702.559,46955.039,38726.73,54702.559,46955.039,38726.73,54702.559,4353.1001,5052.8398,5577.9399,4353.1001,5052.8398,5577.9399,4353.1001,5052.8398,5577.9399,4344.4902,4986,5555.6401,4344.4902,4986,5555.6401,4344.4902,4986,5555.6401,410.38,481.79001,555.10999,410.38,481.79001,555.10999,410.38,481.79001,555.10999,409.89001,480.97,546.91998,409.89001,480.97,546.91998,409.89001,480.97,546.91998,1962.75,2265.3301,2484.05,1962.75,2265.3301,2484.05,1962.75,2265.3301,2484.05,1941.78,2228.6299,2475.8799,1941.78,2228.6299,2475.8799,1941.78,2228.6299,2475.8799,130.67,153.41,176.75999,130.67,153.41,176.75999,130.67,153.41,176.75999,130.52,153.14999,174.14,130.52,153.14999,174.14,130.52,153.14999,174.14,271191.28,326281.88,390681.25,271191.28,326281.88,390681.25,271191.28,326281.88,390681.25,271299.31,328792.19,383089.44,271299.31,328792.19,383089.44,271299.31,328792.19,383089.44,1.0700001,1.16,1.27,1.0700001,1.16,1.27,1.0700001,1.16,1.27,1.12,1.1799999,1.26,1.12,1.1799999,1.26,1.12,1.1799999,1.26,1.37,1.49,1.62,1.37,1.49,1.62,1.37,1.49,1.62,1.42,1.51,1.6,1.42,1.51,1.6,1.42,1.51,1.6,.2714211,.28270313,.25081399,.2714211,.28270313,.25081399,.2714211,.28270313,.25081399,.26446575,.27856728,.25327882,.26446575,.27856728,.25327882,.26446575,.27856728,.25327882,189.98169,68157.422,358.75784,45379.277,82217,82217,82217,119,119,119,3039432,3039432,3039432,10715,10715,10715,1.1105926,1.1105926,1.1105926,167.9077,7854.3999,46.77808,5566.5913,,,,,,,,,,,,,,,,,,,,90.042015,36.968414,,,349.54239,335.99435,,,,,368.43118,314.35864,368.43118,314.35864,368.43118,314.35864,90.042015,36.968414,,,1,,2.3890648,2.3890648,2.3890648,1.0629412,1.0629412,1.0629412,1,,1,,9.2743301,,,4.3493104,4.3493104,4.3493104,1,,1,,2.3890648,2.3890648,2.3890648,.83018118,.83018118,.83018118,1,,1,,21.713463,,,7.0593953,7.0593953,7.0593953,1,
15Jun2021,Iran,134,82351,268,670,164702,411755,10216,3049648,20432,51080,6099296,15248240,2683210,16609,1.3116679,284087,133.91965,9629.3574,168.70255,6686.9453,39.637489,5311.4233,,,,,,,,,,,,,,,,,,,,,,,,17237.814,19722,15540.212,6987.3701,7994.3374,6299.2446,1704.4683,1949.051,1444.7975,596.42969,669.43799,519.01263,320.13467,,,196741.86,,,318.97574,318.97574,318.97574,196670,196670,196670,134,,,82351,,,133.51491,133.51491,133.51491,82320.922,82320.922,82320.922,148.50165,99632.445,78568.461,126975.85,66096228,75824808,57314988,320.13467,,,196741.86,,,318.97574,318.97574,318.97574,196670,196670,196670,148.50165,,,,,,,320.13467,,,196741.86,,,318.97574,318.97574,318.97574,196670,196670,196670,148.50165,,,,,,,.37976596,,,233.38885,,,.37839118,.37839118,.37839118,233.30362,233.30362,233.30362,.1589601,,,97.690475,,,.15838465,.15838465,.15838465,97.654793,97.654793,97.654793,12.118928,118.19093,93.203362,150.62756,.32131568,,,,,,,,,366.98276,119074.13,324.4679,103873.42,68379.578,66208.141,70470.672,68379.578,66208.141,70470.672,68379.578,66208.141,70470.672,67723.047,65919.75,69515.281,67723.047,65919.75,69515.281,67723.047,65919.75,69515.281,124.57,107.7,137.11,124.57,107.7,137.11,124.57,107.7,137.11,122.45,106.46,136.27,122.45,106.46,136.27,122.45,106.46,136.27,21504466,20930164,21983128,21504466,20930164,21983128,21504466,20930164,21983128,21416992,20910064,21996860,21416992,20910064,21996860,21416992,20910064,21996860,47914.07,39516.68,58074.602,47914.07,39516.68,58074.602,47914.07,39516.68,58074.602,48402.34,39592.84,56783.039,48402.34,39592.84,56783.039,48402.34,39592.84,56783.039,4294.3901,4988.23,5566.52,4294.3901,4988.23,5566.52,4294.3901,4988.23,5566.52,4300.6099,4929.5098,5507.3198,4300.6099,4929.5098,5507.3198,4300.6099,4929.5098,5507.3198,406.45999,478.14001,553.37,406.45999,478.14001,553.37,406.45999,478.14001,553.37,404.73999,478.23001,545.76001,404.73999,478.23001,545.76001,404.73999,478.23001,545.76001,1937.64,2238.79,2449.6101,1937.64,2238.79,2449.6101,1937.64,2238.79,2449.6101,1923.13,2205.3999,2452.0701,1923.13,2205.3999,2452.0701,1923.13,2205.3999,2452.0701,129.39,152.19,176.13,129.39,152.19,176.13,129.39,152.19,176.13,128.84,152.22,173.7,128.84,152.22,173.7,128.84,152.22,173.7,275294.28,333671.31,404336.47,275294.28,333671.31,404336.47,275294.28,333671.31,404336.47,275896.09,337075.94,395401.56,275896.09,337075.94,395401.56,275896.09,337075.94,395401.56,1.0700001,1.16,1.27,1.0700001,1.16,1.27,1.0700001,1.16,1.27,1.12,1.1799999,1.26,1.12,1.1799999,1.26,1.12,1.1799999,1.26,1.37,1.49,1.62,1.37,1.49,1.62,1.37,1.49,1.62,1.42,1.51,1.6,1.42,1.51,1.6,1.42,1.51,1.6,.25998625,.27254313,.23609288,.25998625,.27254313,.23609288,.25998625,.27254313,.23609288,.25298363,.26888701,.23998363,.25298363,.26888701,.23998363,.25298363,.26888701,.23998363,189.98169,68157.422,358.75784,44690.465,82351,82351,82351,134,134,134,3049648,3049648,3049648,10216,10216,10216,1.3116679,1.3116679,1.3116679,167.9077,7854.3999,46.77808,6268.2627,,,,,,,,,,,,,,,,,,,,76.238808,37.032314,,,311.2204,335.95407,,,,,384.63571,314.48666,384.63571,314.48666,384.63571,314.48666,76.238808,37.032314,,,1,,2.3890648,2.3890648,2.3890648,.92962688,.92962688,.92962688,1,,1,,9.7525883,,,4.6901007,4.6901007,4.6901007,1,,1,,2.3890646,2.3890646,2.3890646,.83034301,.83034301,.83034301,1,,1,,21.673395,,,7.0514584,7.0514584,7.0514584,1,
16Jun2021,Iran,129,82480,258,645,164960,412400,10487,3060135,20974,52435,6120270,15300675,2696434,13224,1.2300944,281221,131.35715,9567.1338,168.70255,6686.9453,39.637489,5113.2363,,,,,,,,,,,,,,,,,,,,,,,,17350.328,19894.707,15625.501,7042.3506,8075.0918,6342.2573,1724.6947,1965.407,1472.1002,599.52753,670.45026,524.89764,308.18933,,,197050.05,,,314.03613,314.03613,314.03613,196984.05,196984.05,196984.05,129,,,82480,,,131.44731,131.44731,131.44731,82452.367,82452.367,82452.367,148.41866,99744.039,77499.461,129291.31,66195972,75954104,57392488,308.18933,,,197050.05,,,314.03613,314.03613,314.03613,196984.05,196984.05,196984.05,148.41866,,,,,,,308.18933,,,197050.05,,,314.03613,314.03613,314.03613,196984.05,196984.05,196984.05,148.41866,,,,,,,.36559558,,,233.75446,,,.37253144,.37253144,.37253144,233.67615,233.67615,233.67615,.15302876,,,97.843498,,,.15593192,.15593192,.15593192,97.810722,97.810722,97.810722,12.440408,118.3233,91.935234,153.37433,.3089802,,,,,,,,,366.98276,119074.13,324.4679,99997.547,68502.258,66335.961,70586.742,68502.258,66335.961,70586.742,68502.258,66335.961,70586.742,67843.797,66044.93,69640.594,67843.797,66044.93,69640.594,67843.797,66044.93,69640.594,122.68,105.95,134.31,122.68,105.95,134.31,122.68,105.95,134.31,120.75,105.07,134.33,120.75,105.07,134.33,120.75,105.07,134.33,21553690,20980504,22027354,21553690,20980504,22027354,21553690,20980504,22027354,21466844,20962670,22047052,21466844,20962670,22047052,21466844,20962670,22047052,49224.898,40296.059,60383.93,49224.898,40296.059,60383.93,49224.898,40296.059,60383.93,49852.609,40423.121,58882.422,49852.609,40423.121,58882.422,49852.609,40423.121,58882.422,4240.3198,4928.3198,5561.7002,4240.3198,4928.3198,5561.7002,4240.3198,4928.3198,5561.7002,4256.8599,4877.8301,5469.2402,4256.8599,4877.8301,5469.2402,4256.8599,4877.8301,5469.2402,403.16,477.32001,556.64001,403.16,477.32001,556.64001,403.16,477.32001,556.64001,401.92999,478.41,549.22998,401.92999,478.41,549.22998,401.92999,478.41,549.22998,1913.91,2213.52,2433.49,1913.91,2213.52,2433.49,1913.91,2213.52,2433.49,1905.91,2183.5,2429.6699,1905.91,2183.5,2429.6699,1905.91,2183.5,2429.6699,128.28,151.86,177.08,128.28,151.86,177.08,128.28,151.86,177.08,127.88,152.2,174.72,127.88,152.2,174.72,127.88,152.2,174.72,279419,341150.53,418308.75,279419,341150.53,418308.75,279419,341150.53,418308.75,280333.47,345476,407955.28,280333.47,345476,407955.28,280333.47,345476,407955.28,1.0700001,1.16,1.26,1.0700001,1.16,1.26,1.0700001,1.16,1.26,1.12,1.1799999,1.26,1.12,1.1799999,1.26,1.12,1.1799999,1.26,1.37,1.49,1.62,1.37,1.49,1.62,1.37,1.49,1.62,1.42,1.51,1.6,1.42,1.51,1.6,1.42,1.51,1.6,.24922347,.26292893,.22242673,.24922347,.26292893,.22242673,.24922347,.26292893,.22242673,.24221399,.25992551,.22813261,.24221399,.25992551,.22813261,.24221399,.25992551,.22813261,189.98169,68157.422,358.75784,44012.414,82480,82480,82480,129,129,129,3060135,3060135,3060135,10487,10487,10487,1.2300944,1.2300944,1.2300944,167.9077,7854.3999,46.77808,6034.3726,,,,,,,,,,,,,,,,,,,,81.294571,37.10154,,,323.64532,335.93481,,,,,401.24631,314.64203,401.24631,314.64203,401.24631,314.64203,81.294571,37.10154,,,1,,2.3890646,2.3890646,2.3890646,.95100778,.95100778,.95100778,1,,1,,9.5112085,,,4.6938972,4.6938972,4.6938972,1,,1,,2.3890646,2.3890646,2.3890646,.83053172,.83053172,.83053172,1,,1,,21.631716,,,7.0433788,7.0433788,7.0433788,1,
17Jun2021,Iran,139,82619,278,695,165238,413095,10291,3070426,20582,51455,6140852,15352130,2708743,12309,1.3506948,279064,128.36607,9548.5537,168.70255,6686.9453,39.637489,5509.6108,,,,,,,,,,,,,,,,,,,,,,,,17486.523,20069.594,15615.729,7107.0771,8156.9194,6346.7271,1745.3688,1967.739,1505.7235,602.59448,668.73553,532.61066,332.07999,,,197382.13,,,308.836,308.836,308.836,197292.88,197292.88,197292.88,139,,,82619,,,129.27068,129.27068,129.27068,82581.641,82581.641,82581.641,148.34097,99708.727,76526.094,131515.73,66295684,76085616,57469016,332.07999,,,197382.13,,,308.836,308.836,308.836,197292.88,197292.88,197292.88,148.34097,,,,,,,332.07999,,,197382.13,,,308.836,308.836,308.836,197292.88,197292.88,197292.88,148.34097,,,,,,,.39393634,,,234.14839,,,.36636272,.36636272,.36636272,234.04251,234.04251,234.04251,.16489145,,,98.008392,,,.15334985,.15334985,.15334985,97.964073,97.964073,97.964073,12.207899,118.28141,90.780563,156.01309,.33305007,,,,,,,,,366.98276,119074.13,324.4679,107749.3,68623.102,66461.961,70700.609,68623.102,66461.961,70700.609,68623.102,66461.961,70700.609,67962.898,66168.711,69765.227,67962.898,66168.711,69765.227,67962.898,66168.711,69765.227,120.84,104.26,132.48,120.84,104.26,132.48,120.84,104.26,132.48,119.11,103.74,132.60001,119.11,103.74,132.60001,119.11,103.74,132.60001,21604180,21032302,22072358,21604180,21032302,22072358,21604180,21032302,22072358,21518102,21016886,22098292,21518102,21016886,22098292,21518102,21016886,22098292,50488.98,41220.91,62667.289,50488.98,41220.91,62667.289,50488.98,41220.91,62667.289,51258.77,41181.398,60945.18,51258.77,41181.398,60945.18,51258.77,41181.398,60945.18,4190.5498,4875.6602,5533.1401,4190.5498,4875.6602,5533.1401,4190.5498,4875.6602,5533.1401,4213.0298,4833.6001,5435.2798,4213.0298,4833.6001,5435.2798,4213.0298,4833.6001,5435.2798,401.98001,479.16,565.09003,401.98001,479.16,565.09003,401.98001,479.16,565.09003,401.31,481.32999,556.07001,401.31,481.32999,556.07001,401.31,481.32999,556.07001,1892.3101,2190.3601,2434.3601,1892.3101,2190.3601,2434.3601,1892.3101,2190.3601,2434.3601,1890.9399,2163.8,2411.6899,1890.9399,2163.8,2411.6899,1890.9399,2163.8,2411.6899,127.84,152.37,179.66,127.84,152.37,179.66,127.84,152.37,179.66,127.62,153.05,176.8,127.62,153.05,176.8,127.62,153.05,176.8,284832.81,348761.47,432680.69,284832.81,348761.47,432680.69,284832.81,348761.47,432680.69,284651.34,354039.78,420823.13,284651.34,354039.78,420823.13,284651.34,354039.78,420823.13,1.0700001,1.16,1.26,1.0700001,1.16,1.26,1.0700001,1.16,1.26,1.12,1.1799999,1.25,1.12,1.1799999,1.25,1.12,1.1799999,1.25,1.37,1.49,1.62,1.37,1.49,1.62,1.37,1.49,1.62,1.42,1.51,1.6,1.42,1.51,1.6,1.42,1.51,1.6,.23933935,.2529299,.21140215,.23933935,.2529299,.21140215,.23933935,.2529299,.21140215,.23236999,.25190985,.21757258,.23236999,.25190985,.21757258,.23236999,.25190985,.21757258,189.98169,68157.422,358.75784,43352.297,82619,82619,82619,139,139,139,3070426,3070426,3070426,10291,10291,10291,1.3506948,1.3506948,1.3506948,167.9077,7854.3999,46.77808,6502.1533,,,,,,,,,,,,,,,,,,,,74.035973,37.163677,,,300.25516,335.87482,,,,,417.8168,314.82373,417.8168,314.82373,417.8168,314.82373,74.035973,37.163677,,,1,,2.3890646,2.3890646,2.3890646,.86935252,.86935252,.86935252,1,,1,,9.6889248,,,4.9061298,4.9061298,4.9061298,1,,1,,2.3890646,2.3890646,2.3890646,.8305971,.8305971,.8305971,1,,1,,21.59169,,,7.0362158,7.0362158,7.0362158,1,
18Jun2021,Iran,127,82746,254,635,165492,413730,10100,3080526,20200,50500,6161052,15402630,2722612,13869,1.2574258,275168,126.09821,9586.1162,168.70255,6686.9453,39.637489,5033.9609,,,,,,,,,,,,,,,,,,,,,,,,17644.559,20307.637,15612.849,7180.8394,8264.6377,6353.9907,1766.2307,2007.6216,1546.7661,605.60406,673.45789,542.49939,303.41122,,,197685.55,,,303.36758,303.36758,303.36758,197596.25,197596.25,197596.25,127,,,82746,,,126.98174,126.98174,126.98174,82708.625,82708.625,82708.625,148.27147,99573.234,75488.594,133593.98,66395256,76219208,57544504,303.41122,,,197685.55,,,303.36758,303.36758,303.36758,197596.25,197596.25,197596.25,148.27147,,,,,,,303.41122,,,197685.55,,,303.36758,303.36758,303.36758,197596.25,197596.25,197596.25,148.27147,,,,,,,.35992745,,,234.50832,,,.35987568,.35987568,.35987568,234.40239,234.40239,234.40239,.15065622,,,98.15905,,,.15063454,.15063454,.15063454,98.114708,98.114708,98.114708,11.981321,118.12068,89.549812,158.47845,.30471164,,,,,,,,,366.98276,119074.13,324.4679,98447.203,68742.188,66586.25,70812.359,68742.188,66586.25,70812.359,68742.188,66586.25,70812.359,68080.461,66291.18,69887.922,68080.461,66291.18,69887.922,68080.461,66291.18,69887.922,119.09,102.67,131.77,119.09,102.67,131.77,119.09,102.67,131.77,117.55,102.5,130.98,117.55,102.5,130.98,117.55,102.5,130.98,21655896,21085522,22118098,21655896,21085522,22118098,21655896,21085522,22118098,21570736,21072688,22150534,21570736,21072688,22150534,21570736,21072688,22150534,51717.23,42023.371,64942.211,51717.23,42023.371,64942.211,51717.23,42023.371,64942.211,52632.609,41899.961,62987.281,52632.609,41899.961,62987.281,52632.609,41899.961,62987.281,4146.6602,4832.29,5498.54,4146.6602,4832.29,5498.54,4146.6602,4832.29,5498.54,4170.8799,4798.8901,5413.1299,4170.8799,4798.8901,5413.1299,4170.8799,4798.8901,5413.1299,402.53,483.20999,576.46997,402.53,483.20999,576.46997,402.53,483.20999,576.46997,402.48001,486.53,565.72998,402.48001,486.53,565.72998,402.48001,486.53,565.72998,1873.46,2170.04,2439.4299,1873.46,2170.04,2439.4299,1873.46,2170.04,2439.4299,1878.01,2147.02,2401.8501,1878.01,2147.02,2401.8501,1878.01,2147.02,2401.8501,127.94,153.56,183.17,127.94,153.56,183.17,127.94,153.56,183.17,127.91,154.61,179.75999,127.91,154.61,179.75999,127.91,154.61,179.75999,289827.28,356527.56,447500.09,289827.28,356527.56,447500.09,289827.28,356527.56,447500.09,289024.31,362793.69,434046.06,289024.31,362793.69,434046.06,289024.31,362793.69,434046.06,1.0700001,1.16,1.26,1.0700001,1.16,1.26,1.0700001,1.16,1.26,1.12,1.1799999,1.25,1.12,1.1799999,1.25,1.12,1.1799999,1.25,1.37,1.49,1.62,1.37,1.49,1.62,1.37,1.49,1.62,1.42,1.51,1.6,1.42,1.51,1.6,1.42,1.51,1.6,.23027141,.24431643,.20290348,.23027141,.24431643,.20290348,.23027141,.24431643,.20290348,.22334063,.24463031,.20794673,.22334063,.24463031,.20794673,.22334063,.24463031,.20794673,189.98169,68157.422,358.75784,42724.469,82746,82746,82746,127,127,127,3080526,3080526,3080526,10100,10100,10100,1.2574258,1.2574258,1.2574258,167.9077,7854.3999,46.77808,5940.8159,,,,,,,,,,,,,,,,,,,,79.527557,37.228699,,,328.17914,335.86298,,,,,434.27014,315.03064,434.27014,315.03064,434.27014,315.03064,79.527557,37.228699,,,1,,2.3890648,2.3890648,2.3890648,.93771648,.93771648,.93771648,1,,1,,9.858736,,,5.1205177,5.1205177,5.1205177,1,,1,,2.3890648,2.3890648,2.3890648,.83076143,.83076143,.83076143,1,,1,,21.553221,,,7.0299344,7.0299344,7.0299344,1,
19Jun2021,Iran,108,82854,216,540,165708,414270,6448,3086974,12896,32240,6173948,15434870,2736013,13401,1.674938,268107,124.01785,9671.5449,168.70255,6686.9453,39.637489,4280.8486,,,,,,,,,,,,,,,,,,,,,,,,17822.697,20573.879,15667.115,7262.9653,8384.1045,6384.5396,1787.3459,2039.4293,1568.8728,608.72723,681.0434,545.78113,258.01898,,,197943.56,,,297.80417,297.80417,297.80417,197894.05,197894.05,197894.05,108,,,82854,,,124.65304,124.65304,124.65304,82833.273,82833.273,82833.273,148.21133,99345.852,74202.992,134783.13,66494600,76353992,57618704,258.01898,,,197943.56,,,297.80417,297.80417,297.80417,197894.05,197894.05,197894.05,148.21133,,,,,,,258.01898,,,197943.56,,,297.80417,297.80417,297.80417,197894.05,197894.05,197894.05,148.21133,,,,,,,.30608004,,,234.81439,,,.35327598,.35327598,.35327598,234.75566,234.75566,234.75566,.1281171,,,98.28717,,,.14787209,.14787209,.14787209,98.262581,98.262581,98.262581,7.649065,117.85094,88.024742,159.8891,.25971791,,,,,,,,,366.98276,119074.13,324.4679,83718.875,68859.672,66708.953,70922.102,68859.672,66708.953,70922.102,68859.672,66708.953,70922.102,68196.594,66412.477,70008.781,68196.594,66412.477,70008.781,68196.594,66412.477,70008.781,117.48,101.2,131.45,117.48,101.2,131.45,117.48,101.2,131.45,116.13,101.4,129.82001,116.13,101.4,129.82001,116.13,101.4,129.82001,21708828,21140158,22167242,21708828,21140158,22167242,21708828,21140158,22167242,21624732,21130068,22203752,21624732,21130068,22203752,21624732,21130068,22203752,52931.801,42796.84,67239.188,52931.801,42796.84,67239.188,52931.801,42796.84,67239.188,53997.211,42596.129,65037.809,53997.211,42596.129,65037.809,53997.211,42596.129,65037.809,4112.3198,4799.5298,5475.8198,4112.3198,4799.5298,5475.8198,4112.3198,4799.5298,5475.8198,4133.5298,4775.1001,5396.6802,4133.5298,4775.1001,5396.6802,4133.5298,4775.1001,5396.6802,404.39001,488.94,590.16998,404.39001,488.94,590.16998,404.39001,488.94,590.16998,404.98999,493.48001,577.59003,404.98999,493.48001,577.59003,404.98999,493.48001,577.59003,1856.8,2153.03,2436.3301,1856.8,2153.03,2436.3301,1856.8,2153.03,2436.3301,1864.08,2133.6899,2394.48,1864.08,2133.6899,2394.48,1864.08,2133.6899,2394.48,128.45,155.28,187.39999,128.45,155.28,187.39999,128.45,155.28,187.39999,128.63,156.71001,183.39999,128.63,156.71001,183.39999,128.63,156.71001,183.39999,294797.72,364461.22,462794.13,294797.72,364461.22,462794.13,294797.72,364461.22,462794.13,293459.38,371751.81,447646.44,293459.38,371751.81,447646.44,293459.38,371751.81,447646.44,1.0700001,1.16,1.26,1.0700001,1.16,1.26,1.0700001,1.16,1.26,1.12,1.1799999,1.25,1.12,1.1799999,1.25,1.12,1.1799999,1.25,1.37,1.49,1.62,1.37,1.49,1.62,1.37,1.49,1.62,1.42,1.51,1.6,1.42,1.51,1.6,1.42,1.51,1.6,.22194599,.23646605,.19549611,.22194599,.23646605,.19549611,.22194599,.23646605,.19549611,.21506666,.23804981,.19960698,.21506666,.23804981,.19960698,.21506666,.23804981,.19960698,189.98169,68157.422,358.75784,42146.871,82854,82854,82854,108,108,108,3086974,3086974,3086974,6448,6448,6448,1.674938,1.674938,1.674938,167.9077,7854.3999,46.77808,5052.0327,,,,,,,,,,,,,,,,,,,,59.703705,37.257996,,,385.03311,335.92706,,,,,450.56009,315.26187,450.56009,315.26187,450.56009,315.26187,59.703705,37.257996,,,1,,2.3890646,2.3890646,2.3890646,1.0877779,1.0877779,1.0877779,1,,1,,15.407235,,,8.2090263,8.2090263,8.2090263,1,,1,,2.3890646,2.3890646,2.3890646,.83109653,.83109653,.83109653,1,,1,,21.540382,,,7.0323973,7.0323973,7.0323973,1,
20Jun2021,Iran,111,82965,222,555,165930,414825,8161,3095135,16322,40805,6190270,15475675,2748320,12307,1.3601274,263850,122.60714,9784.4824,168.70255,6686.9453,39.637489,4399.7612,,,,,,,,,,,,,,,,,,,,,,,,18019.85,20793.775,15788.092,7353.0415,8484.9482,6442.3677,1808.8442,2110.0232,1605.5708,612.7774,694.15143,551.5072,265.18619,,,198208.75,,,292.87427,292.87427,292.87427,198186.92,198186.92,198186.92,111,,,82965,,,122.58951,122.58951,122.58951,82955.867,82955.867,82955.867,148.21133,99165.93,73018.641,135941.98,66593768,76489936,57691724,265.18619,,,198208.75,,,292.87427,292.87427,292.87427,198186.92,198186.92,198186.92,,,,,,,,265.18619,,,198208.75,,,292.87427,292.87427,292.87427,198186.92,198186.92,198186.92,,,,,,,,.31458226,,,235.12898,,,.34742779,.34742779,.34742779,235.10309,235.10309,235.10309,.1316759,,,98.418846,,,.14542419,.14542419,.14542419,98.408005,98.408005,98.408005,9.6811447,117.6375,86.619781,161.26382,.26741663,,,,,,,,,366.98276,119074.13,324.4679,86044.406,68975.688,66830.242,71029.977,68975.688,66830.242,71029.977,68975.688,66830.242,71029.977,68311.469,66532.789,70127.961,68311.469,66532.789,70127.961,68311.469,66532.789,70127.961,116.02,99.889999,131.33,116.02,99.889999,131.33,116.02,99.889999,131.33,114.88,100.27,128.89999,114.88,100.27,128.89999,114.88,100.27,128.89999,21762980,21196220,22218172,21762980,21196220,22218172,21762980,21196220,22218172,21680104,21186416,22257942,21680104,21186416,22257942,21680104,21186416,22257942,54150.648,43565.719,69582.453,54150.648,43565.719,69582.453,54150.648,43565.719,69582.453,55371.211,43284.18,67137.789,55371.211,43284.18,67137.789,55371.211,43284.18,67137.789,4088.0801,4778.0298,5471.3101,4088.0801,4778.0298,5471.3101,4088.0801,4778.0298,5471.3101,4095.6299,4762.8999,5395.5498,4095.6299,4762.8999,5395.5498,4095.6299,4762.8999,5395.5498,407.20001,495.91,605.66998,407.20001,495.91,605.66998,407.20001,495.91,605.66998,408.41,501.72,591.13,408.41,501.72,591.13,408.41,501.72,591.13,1842.17,2139.6499,2427.76,1842.17,2139.6499,2427.76,1842.17,2139.6499,2427.76,1851.24,2124.1101,2391.5601,1851.24,2124.1101,2391.5601,1851.24,2124.1101,2391.5601,129.25,157.39,192.17999,129.25,157.39,192.17999,129.25,157.39,192.17999,129.63,159.22,187.57001,129.63,159.22,187.57001,129.63,159.22,187.57001,299856.69,372568.88,478579.63,299856.69,372568.88,478579.63,299856.69,372568.88,478579.63,297960.03,380921.63,461763.34,297960.03,380921.63,461763.34,297960.03,380921.63,461763.34,1.0700001,1.16,1.26,1.0700001,1.16,1.26,1.0700001,1.16,1.26,1.12,1.1799999,1.25,1.12,1.1799999,1.25,1.12,1.1799999,1.25,1.37,1.49,1.62,1.37,1.49,1.62,1.37,1.49,1.62,1.42,1.51,1.6,1.42,1.51,1.6,1.42,1.51,1.6,.21425413,.22928578,.18874012,.21425413,.22928578,.18874012,.21425413,.22928578,.18874012,.20747243,.23165508,.19199321,.20747243,.23165508,.19199321,.20747243,.23165508,.19199321,189.98169,68157.422,358.75784,41623.082,82965,82965,82965,111,111,111,3095135,3095135,3095135,8161,8161,8161,1.3601274,1.3601274,1.3601274,167.9077,7854.3999,46.77808,5192.3667,,,,,,,,,,,,,,,,,,,,73.522522,37.306515,,,373.94833,335.97794,,,,,466.73547,315.51669,466.73547,315.51669,466.73547,315.51669,73.522522,37.306515,,,1,,2.3890648,2.3890648,2.3890648,1.0452251,1.0452251,1.0452251,1,,1,,12.151198,,,6.6352959,6.6352959,6.6352959,1,,1,,2.3890646,2.3890646,2.3890646,.83138299,.83138299,.83138299,1,,1,,21.515627,,,7.0313506,7.0313506,7.0313506,1,
21Jun2021,Iran,136,83101,272,680,166202,415505,10485,3105620,20970,52425,6211240,15528100,2760229,11909,1.2970911,262290,122.3125,9920.0801,168.70255,6686.9453,39.637489,5390.6987,,,,,,,,,,,,,,,,,,,,,,,,18234.061,21014.596,15986.335,7450.3008,8586.4072,6531.8975,1829.3157,2172.4639,1587.5728,618.64789,715.0481,551.00311,324.91278,,,198533.66,,,289.37311,289.37311,289.37311,198476.3,198476.3,198476.3,136,,,83101,,,121.12401,121.12401,121.12401,83076.992,83076.992,83076.992,148.21133,99044.82,71941.773,137191.56,66692812,76627128,57763668,324.91278,,,198533.66,,,289.37311,289.37311,289.37311,198476.3,198476.3,198476.3,,,,,,,,324.91278,,,198533.66,,,289.37311,289.37311,289.37311,198476.3,198476.3,198476.3,,,,,,,,.38543412,,,235.51442,,,.34327444,.34327444,.34327444,235.44637,235.44637,235.44637,.16133264,,,98.580177,,,.14368571,.14368571,.14368571,98.551689,98.551689,98.551689,12.438035,117.49384,85.342323,162.74615,.3280462,,,,,,,,,366.98276,119074.13,324.4679,105423.77,69090.438,66950.32,71136.172,69090.438,66950.32,71136.172,69090.438,66950.32,71136.172,68425.289,66651.953,70245.641,68425.289,66651.953,70245.641,68425.289,66651.953,70245.641,114.75,98.660004,130.25,114.75,98.660004,130.25,114.75,98.660004,130.25,113.82,99.169998,128.12,113.82,99.169998,128.12,113.82,99.169998,128.12,21818364,21253728,22272216,21818364,21253728,22272216,21818364,21253728,22272216,21736870,21243924,22313102,21736870,21243924,22313102,21736870,21243924,22313102,55384.93,44338.949,71987.094,55384.93,44338.949,71987.094,55384.93,44338.949,71987.094,56766.148,43973.059,69377.617,56766.148,43973.059,69377.617,56766.148,43973.059,69377.617,4074.01,4767.9199,5485.6299,4074.01,4767.9199,5485.6299,4074.01,4767.9199,5485.6299,4065.51,4762.46,5414.2598,4065.51,4762.46,5414.2598,4065.51,4762.46,5414.2598,411.42999,503.79001,622.57001,411.42999,503.79001,622.57001,411.42999,503.79001,622.57001,412.09,510.92999,605.95001,412.09,510.92999,605.95001,412.09,510.92999,605.95001,1830.97,2130.05,2423.4199,1830.97,2130.05,2423.4199,1830.97,2130.05,2423.4199,1840,2118.4399,2389.9299,1840,2118.4399,2389.9299,1840,2118.4399,2389.9299,130.48,159.78,197.41,130.48,159.78,197.41,130.48,159.78,197.41,130.71001,162.03,192.14,130.71001,162.03,192.14,130.71001,162.03,192.14,305006.41,380854.03,494868.41,305006.41,380854.03,494868.41,305006.41,380854.03,494868.41,302527.78,390307.38,476921.81,302527.78,390307.38,476921.81,302527.78,390307.38,476921.81,1.0700001,1.16,1.26,1.0700001,1.16,1.26,1.0700001,1.16,1.26,1.12,1.1799999,1.25,1.12,1.1799999,1.25,1.12,1.1799999,1.25,1.37,1.49,1.62,1.37,1.49,1.62,1.37,1.49,1.62,1.42,1.51,1.6,1.42,1.51,1.6,1.42,1.51,1.6,.20718633,.22251317,.1809352,.20718633,.22251317,.1809352,.20718633,.22251317,.1809352,.20050682,.22552446,.18467051,.20050682,.22552446,.18467051,.20050682,.22552446,.18467051,189.98169,68157.422,358.75784,41167.461,83101,83101,83101,136,136,136,3105620,3105620,3105620,10485,10485,10485,1.2970911,1.2970911,1.2970911,167.9077,7854.3999,46.77808,6361.8188,,,,,,,,,,,,,,,,,,,,77.095589,37.371632,,,304.83511,335.92697,,,,,482.65735,315.79428,482.65735,315.79428,482.65735,315.79428,77.095589,37.371632,,,1,,2.3890646,2.3890646,2.3890646,.84375,.84375,.84375,1,,1,,9.4463348,,,5.2823014,5.2823014,5.2823014,1,,1,,2.3890646,2.3890646,2.3890646,.8314032,.8314032,.8314032,1,,1,,21.474878,,,7.0254455,7.0254455,7.0254455,1,
22Jun2021,Iran,116,83217,232,580,166434,416085,11716,3117336,23432,58580,6234672,15586680,2771705,11476,.99009901,262414,122.40179,10068.929,168.70255,6686.9453,39.637489,4597.9487,,,,,,,,,,,,,,,,,,,,,,,,18455.666,21264.971,16218.983,7550.8174,8700.1953,6635.7173,1838.8503,2184.9236,1584.0214,625.09772,723.28302,552.94025,277.1315,,,198810.8,,,288.07092,288.07092,288.07092,198764.38,198764.38,198764.38,116,,,83217,,,120.57896,120.57896,120.57896,83197.57,83197.57,83197.57,148.21133,98813.398,70843.688,138314.48,66791624,76765440,57834508,277.1315,,,198810.8,,,288.07092,288.07092,288.07092,198764.38,198764.38,198764.38,,,,,,,,277.1315,,,198810.8,,,288.07092,288.07092,288.07092,198764.38,198764.38,198764.38,,,,,,,,.32875264,,,235.84317,,,.34172973,.34172973,.34172973,235.7881,235.7881,235.7881,.13760725,,,98.717781,,,.14303912,.14303912,.14303912,98.694733,98.694733,98.694733,13.898333,117.21931,84.039703,164.07825,.28045943,,,,,,,,,366.98276,119074.13,324.4679,89920.273,69204.141,67066.508,71240.852,69204.141,67066.508,71240.852,69204.141,67066.508,71240.852,68538.258,66768.422,70362.039,68538.258,66768.422,70362.039,68538.258,66768.422,70362.039,113.7,97.589996,129.39999,113.7,97.589996,129.39999,113.7,97.589996,129.39999,112.97,98.129997,127.47,112.97,98.129997,127.47,112.97,98.129997,127.47,21875004,21312710,22335054,21875004,21312710,22335054,21875004,21312710,22335054,21795058,21302932,22369246,21795058,21302932,22369246,21795058,21302932,22369246,56640.559,45121.359,74461.367,56640.559,45121.359,74461.367,56640.559,45121.359,74461.367,58188.141,44667.461,71677.953,58188.141,44667.461,71677.953,58188.141,44667.461,71677.953,4053.8799,4768.96,5516.5698,4053.8799,4768.96,5516.5698,4053.8799,4768.96,5516.5698,4044.29,4773.5601,5454.8301,4044.29,4773.5601,5454.8301,4044.29,4773.5601,5454.8301,417.12,512.35999,640.60999,417.12,512.35999,640.60999,417.12,512.35999,640.60999,416.26001,520.87,621.79999,416.26001,520.87,621.79999,416.26001,520.87,621.79999,1823.22,2124.25,2424.9099,1823.22,2124.25,2424.9099,1823.22,2124.25,2424.9099,1827.64,2116.73,2393.45,1827.64,2116.73,2393.45,1827.64,2116.73,2393.45,132.2,162.38,202.98,132.2,162.38,202.98,132.2,162.38,202.98,131.94,165.07001,197.03,131.94,165.07001,197.03,131.94,165.07001,197.03,310247.94,389318.69,511670.09,310247.94,389318.69,511670.09,310247.94,389318.69,511670.09,307163.13,399911.66,492530.75,307163.13,399911.66,492530.75,307163.13,399911.66,492530.75,1.0700001,1.16,1.26,1.0700001,1.16,1.26,1.0700001,1.16,1.26,1.11,1.1799999,1.25,1.11,1.1799999,1.25,1.11,1.1799999,1.25,1.37,1.49,1.62,1.37,1.49,1.62,1.37,1.49,1.62,1.42,1.51,1.6,1.42,1.51,1.6,1.42,1.51,1.6,.20073955,.21628337,.17378138,.20073955,.21628337,.17378138,.20073955,.21628337,.17378138,.1941461,.21969011,.17783712,.1941461,.21969011,.17783712,.1941461,.21969011,.17783712,189.98169,68157.422,358.75784,40790.766,83217,83217,83217,116,116,116,3117336,3117336,3117336,11716,11716,11716,.99009901,.99009901,.99009901,167.9077,7854.3999,46.77808,5426.2573,,,,,,,,,,,,,,,,,,,,101,37.460327,,,356.5578,335.95572,,,,,498.15796,316.09387,498.15796,316.09387,498.15796,316.09387,101,37.460327,,,1,,2.3890646,2.3890646,2.3890646,.9801724,.9801724,.9801724,1,,1,,8.4340563,,,4.8344622,4.8344622,4.8344622,1,,1,,2.3890648,2.3890648,2.3890648,.83161062,.83161062,.83161062,1,,1,,21.425867,,,7.017211,7.017211,7.017211,1,
23Jun2021,Iran,112,83329,224,560,166658,416645,11059,3128395,22118,55295,6256790,15641975,2784014,12309,1.0127498,261052,123.47321,10225.054,168.70255,6686.9453,39.637489,4439.3989,,,,,,,,,,,,,,,,,,,,,,,,18695.523,21476.602,16449.668,7659.0503,8798.3828,6738.9839,1862.7157,2285.8064,1542.0225,637.12573,736.97437,545.92584,267.57526,,,199078.38,,,289.76288,289.76288,289.76288,199054.13,199054.13,199054.13,112,,,83329,,,121.28716,121.28716,121.28716,83318.852,83318.852,83318.852,148.21133,98478.859,69730.367,139048.36,66890104,76904488,57904240,267.57526,,,199078.38,,,289.76288,289.76288,289.76288,199054.13,199054.13,199054.13,,,,,,,,267.57526,,,199078.38,,,289.76288,289.76288,289.76288,199054.13,199054.13,199054.13,,,,,,,,.31741634,,,236.16058,,,.34373683,.34373683,.34373683,236.13184,236.13184,236.13184,.13286218,,,98.850647,,,.14387925,.14387925,.14387925,98.838608,98.838608,98.838608,13.118954,116.82246,82.719002,164.94882,.27170831,,,,,,,,,366.98276,119074.13,324.4679,86819.578,69317,67179.5,71344.219,69317,67179.5,71344.219,69317,67179.5,71344.219,68650.617,66884.523,70477.359,68650.617,66884.523,70477.359,68650.617,66884.523,70477.359,112.87,96.730003,128.8,112.87,96.730003,128.8,112.87,96.730003,128.8,112.36,97.129997,127.02,112.36,97.129997,127.02,112.36,97.129997,127.02,21932924,21373196,22399312,21932924,21373196,22399312,21932924,21373196,22399312,21854698,21363474,22426382,21854698,21363474,22426382,21854698,21363474,22426382,57919.91,45914.859,77021.141,57919.91,45914.859,77021.141,57919.91,45914.859,77021.141,59639.68,45369.27,74042.273,59639.68,45369.27,74042.273,59639.68,45369.27,74042.273,4036.6001,4780.6699,5592.6201,4036.6001,4780.6699,5592.6201,4036.6001,4780.6699,5592.6201,4031.8101,4795.7202,5514.8301,4031.8101,4795.7202,5514.8301,4031.8101,4795.7202,5514.8301,422.38,521.44,659.60999,422.38,521.44,659.60999,422.38,521.44,659.60999,420.76001,531.38,638.47998,420.76001,531.38,638.47998,420.76001,531.38,638.47998,1818.86,2122.21,2434.1799,1818.86,2122.21,2434.1799,1818.86,2122.21,2434.1799,1816.7,2118.9199,2404.54,1816.7,2118.9199,2404.54,1816.7,2118.9199,2404.54,133.78,165.14,208.86,133.78,165.14,208.86,133.78,165.14,208.86,133.27,168.28,202.17,133.27,168.28,202.17,133.27,168.28,202.17,315578.47,397959.66,529071.5,315578.47,397959.66,529071.5,315578.47,397959.66,529071.5,311862.66,409731.78,508590.66,311862.66,409731.78,508590.66,311862.66,409731.78,508590.66,1.0700001,1.16,1.25,1.0700001,1.16,1.25,1.0700001,1.16,1.25,1.11,1.17,1.25,1.11,1.17,1.25,1.11,1.17,1.25,1.37,1.49,1.62,1.37,1.49,1.62,1.37,1.49,1.62,1.42,1.51,1.6,1.42,1.51,1.6,1.42,1.51,1.6,.19487254,.21067254,.16722682,.19487254,.21067254,.16722682,.19487254,.21067254,.16722682,.18839806,.21408764,.17155065,.18839806,.21408764,.17155065,.18839806,.21408764,.17155065,189.98169,68157.422,358.75784,40493,83329,83329,83329,112,112,112,3128395,3128395,3128395,11059,11059,11059,1.0127498,1.0127498,1.0127498,167.9077,7854.3999,46.77808,5239.145,,,,,,,,,,,,,,,,,,,,98.741074,37.542694,,,368.04172,335.99884,,,,,513.15594,316.41479,513.15594,316.41479,513.15594,316.41479,98.741074,37.542694,,,1,,2.3890648,2.3890648,2.3890648,1.0077679,1.0077679,1.0077679,1,,1,,8.9048615,,,5.2373552,5.2373552,5.2373552,1,,1,,2.3890648,2.3890648,2.3890648,.83184725,.83184725,.83184725,1,,1,,21.381605,,,7.0109191,7.0109191,7.0109191,1,
24Jun2021,Iran,144,83473,288,720,166946,417365,11734,3140129,23468,58670,6280258,15700645,2797105,13091,1.227203,259551,125.32143,10397.536,168.70255,6686.9453,39.637489,5707.7983,,,,,,,,,,,,,,,,,,,,,,,,18941.293,21687.305,16685.947,7769.9678,8896.418,6844.7954,1871.9181,2316.6169,1527.5389,649.71179,759.92926,546.30609,344.0253,,,199422.39,,,295.34207,295.34207,295.34207,199349.47,199349.47,199349.47,144,,,83473,,,123.62247,123.62247,123.62247,83442.477,83442.477,83442.477,148.21133,98066.836,68620.773,139135.06,66988172,77043624,57972860,344.0253,,,199422.39,,,295.34207,295.34207,295.34207,199349.47,199349.47,199349.47,,,,,,,,344.0253,,,199422.39,,,295.34207,295.34207,295.34207,199349.47,199349.47,199349.47,,,,,,,,.40810671,,,236.5687,,,.35035527,.35035527,.35035527,236.48219,236.48219,236.48219,.1708228,,,99.021469,,,.14664955,.14664955,.14664955,98.98526,98.98526,98.98526,13.919685,116.33369,81.402725,165.05167,.35080698,,,,,,,,,366.98276,119074.13,324.4679,111625.16,69429.273,67292.148,71446.477,69429.273,67292.148,71446.477,69429.273,67292.148,71446.477,68762.602,67000.523,70591.844,68762.602,67000.523,70591.844,68762.602,67000.523,70591.844,112.26,96.080002,128.67999,112.26,96.080002,128.67999,112.26,96.080002,128.67999,111.98,96.139999,126.98,111.98,96.139999,126.98,111.98,96.139999,126.98,21992148,21435220,22470144,21992148,21435220,22470144,21992148,21435220,22470144,21915820,21425580,22484522,21915820,21425580,22484522,21915820,21425580,22484522,59223.801,46510.359,79680.156,59223.801,46510.359,79680.156,59223.801,46510.359,79680.156,61121.648,46079.09,76472.047,61121.648,46079.09,76472.047,61121.648,46079.09,76472.047,4027.1499,4802.3999,5682.71,4027.1499,4802.3999,5682.71,4027.1499,4802.3999,5682.71,4027.46,4828.3198,5588.04,4027.46,4828.3198,5588.04,4027.46,4828.3198,5588.04,427.92001,530.94,679.45001,427.92001,530.94,679.45001,427.92001,530.94,679.45001,425.51999,542.34003,655.85999,425.51999,542.34003,655.85999,425.51999,542.34003,655.85999,1811.04,2123.8201,2448.48,1811.04,2123.8201,2448.48,1811.04,2123.8201,2448.48,1808.13,2124.9199,2423.1699,1808.13,2124.9199,2423.1699,1808.13,2124.9199,2423.1699,135.44,168.03999,215,135.44,168.03999,215,135.44,168.03999,215,134.69,171.64,207.53999,134.69,171.64,207.53999,134.69,171.64,207.53999,319692.16,406778.34,547158.5,319692.16,406778.34,547158.5,319692.16,406778.34,547158.5,316626.19,419769.63,525107.25,316626.19,419769.63,525107.25,316626.19,419769.63,525107.25,1.0700001,1.16,1.25,1.0700001,1.16,1.25,1.0700001,1.16,1.25,1.11,1.17,1.25,1.11,1.17,1.25,1.11,1.17,1.25,1.37,1.49,1.62,1.37,1.49,1.62,1.37,1.49,1.62,1.42,1.51,1.6,1.42,1.51,1.6,1.42,1.51,1.6,.18955217,.20657764,.16149566,.18955217,.20657764,.16149566,.18955217,.20657764,.16149566,.18320842,.20864128,.1660476,.18320842,.20864128,.1660476,.18320842,.20864128,.1660476,189.98169,68157.422,358.75784,40274.156,83473,83473,83473,144,144,144,3140129,3140129,3140129,11734,11734,11734,1.227203,1.227203,1.227203,167.9077,7854.3999,46.77808,6736.0435,,,,,,,,,,,,,,,,,,,,81.486115,37.6185,,,285.05704,335.91098,,,,,527.5592,316.75613,527.5592,316.75613,527.5592,316.75613,81.486115,37.6185,,,1,,2.3890646,2.3890646,2.3890646,.77958333,.77958333,.77958333,1,,1,,8.3574944,,,5.0471964,5.0471964,5.0471964,1,,1,,2.3890646,2.3890646,2.3890646,.83175725,.83175725,.83175725,1,,1,,21.332937,,,7.003581,7.003581,7.003581,1,
25Jun2021,Iran,115,83588,230,575,167176,417940,10820,3150949,21640,54100,6301898,15754745,2809595,12490,1.0628465,257766,127.21429,10585.902,168.70255,6686.9453,39.637489,4558.311,,,,,,,,,,,,,,,,,,,,,,,,19190.178,21851.607,16937.703,7882.4307,8975.6211,6957.2188,1878.4764,2355.6313,1506.8988,663.93848,784.82855,552.02667,274.74243,,,199697.14,,,305.90274,305.90274,305.90274,199655.38,199655.38,199655.38,115,,,83588,,,128.04289,128.04289,128.04289,83570.523,83570.523,83570.523,148.21133,97620.359,67531.094,139172.44,67085792,77182800,58040392,274.74243,,,199697.14,,,305.90274,305.90274,305.90274,199655.38,199655.38,199655.38,,,,,,,,274.74243,,,199697.14,,,305.90274,305.90274,305.90274,199655.38,199655.38,199655.38,,,,,,,,.32591856,,,236.89461,,,.36288306,.36288306,.36288306,236.84506,236.84506,236.84506,.13642098,,,99.15789,,,.15189336,.15189336,.15189336,99.137154,99.137154,99.137154,12.835435,115.80405,80.110077,165.09599,.28143969,,,,,,,,,366.98276,119074.13,324.4679,89145.102,69541.156,67404.711,71547.82,69541.156,67404.711,71547.82,69541.156,67404.711,71547.82,68874.438,67116.648,70705.68,68874.438,67116.648,70705.68,68874.438,67116.648,70705.68,111.89,95.57,128.87,111.89,95.57,128.87,111.89,95.57,128.87,111.84,95.300003,127.27,111.84,95.300003,127.27,111.84,95.300003,127.27,22052700,21498808,22544980,22052700,21498808,22544980,22052700,21498808,22544980,21978454,21489284,22543680,21978454,21489284,22543680,21978454,21489284,22543680,60552.488,47036.281,82417.188,60552.488,47036.281,82417.188,60552.488,47036.281,82417.188,62634.391,46796.988,78968.156,62634.391,46796.988,78968.156,62634.391,46796.988,78968.156,4024.9099,4833.4502,5786.1401,4024.9099,4833.4502,5786.1401,4024.9099,4833.4502,5786.1401,4030.5801,4870.6401,5673.7402,4030.5801,4870.6401,5673.7402,4030.5801,4870.6401,5673.7402,433.67999,540.78003,700.04999,433.67999,540.78003,700.04999,433.67999,540.78003,700.04999,430.47,553.69,674.76001,430.47,553.69,674.76001,430.47,553.69,674.76001,1803.39,2128.9399,2482,1803.39,2128.9399,2482,1803.39,2128.9399,2482,1802.4301,2134.5901,2449.54,1802.4301,2134.5901,2449.54,1802.4301,2134.5901,2449.54,137.17999,171.03999,221.38,137.17999,171.03999,221.38,137.17999,171.03999,221.38,136.17,175.12,213.38,136.17,175.12,213.38,136.17,175.12,213.38,323202.28,415774.88,565787.31,323202.28,415774.88,565787.31,323202.28,415774.88,565787.31,321452.91,430026.09,542085.63,321452.91,430026.09,542085.63,321452.91,430026.09,542085.63,1.0700001,1.15,1.25,1.0700001,1.15,1.25,1.0700001,1.15,1.25,1.11,1.17,1.24,1.11,1.17,1.24,1.11,1.17,1.24,1.37,1.49,1.62,1.37,1.49,1.62,1.37,1.49,1.62,1.42,1.51,1.6,1.42,1.51,1.6,1.42,1.51,1.6,.18478183,.20318358,.15636301,.18478183,.20318358,.15636301,.18478183,.20318358,.15636301,.17856005,.20364559,.16116622,.17856005,.20364559,.16116622,.17856005,.20364559,.16116622,189.98169,68157.422,358.75784,40141.414,83588,83588,83588,115,115,115,3150949,3150949,3150949,10820,10820,10820,1.0628465,1.0628465,1.0628465,167.9077,7854.3999,46.77808,5379.479,,,,,,,,,,,,,,,,,,,,94.08696,37.69619,,,355.31592,335.93768,,,,,541.17871,317.11725,541.17871,317.11725,541.17871,317.11725,94.08696,37.69619,,,1,,2.3890646,2.3890646,2.3890646,.97295654,.97295654,.97295654,1,,1,,9.0222139,,,5.5963483,5.5963483,5.5963483,1,,1,,2.3890648,2.3890648,2.3890648,.83195144,.83195144,.83195144,1,,1,,21.290663,,,6.9987488,6.9987488,6.9987488,1,
26Jun2021,Iran,123,83711,246,615,167422,418555,7034,3157983,14068,35170,6315966,15789915,2822704,13109,1.7486494,251568,129.23215,10796.644,168.70255,6686.9453,39.637489,4875.4111,,,,,,,,,,,,,,,,,,,,,,,,19439.109,22234.818,17101.992,7995.1812,9145.0381,7033.9399,1882.5813,2399.2422,1484.5717,669.61725,833.06781,537.6463,293.85495,,,199990.98,,,301.91522,300.20901,304.38666,199957.3,199955.59,199959.77,123,,,83711,,,126.37383,125.65965,127.4083,83696.898,83696.18,83697.93,148.21133,97144.234,66458.609,139259.41,67182936,77322056,58106852,293.85495,,,199990.98,,,301.91522,300.20901,304.38666,199957.3,199955.59,199959.77,,,,,,,,293.85495,,,199990.98,,,301.91522,300.20901,304.38666,199957.3,199955.59,199959.77,,,,,,,,.34859115,,,237.24319,,,.35815281,.35612878,.36108461,237.20322,237.2012,237.20615,.14591114,,,99.303802,,,.1499134,.14906619,.15114057,99.287064,99.286217,99.288292,8.3442192,115.23923,78.837814,165.19917,.30249345,,,,,,,,,366.98276,119074.13,324.4679,95346.5,69652.898,67517.422,71648.438,69652.898,67517.422,71648.438,69652.898,67517.422,71648.438,68986.367,67233.148,70819.109,68986.367,67233.148,70819.109,68986.367,67233.148,70819.109,111.74,94.82,129.74001,111.74,94.82,129.74001,111.74,94.82,129.74001,111.93,94.650002,128.17,111.93,94.650002,128.17,111.93,94.650002,128.17,22114608,21563998,22613718,22114608,21563998,22613718,22114608,21563998,22613718,22042632,21554620,22603866,22042632,21554620,22603866,22042632,21554620,22603866,61906.191,47566.34,85233.508,61906.191,47566.34,85233.508,61906.191,47566.34,85233.508,64178.18,47523,81531.391,64178.18,47523,81531.391,64178.18,47523,81531.391,4029.21,4873.0698,5902.2202,4029.21,4873.0698,5902.2202,4029.21,4873.0698,5902.2202,4040.5,4921.96,5771.1602,4040.5,4921.96,5771.1602,4040.5,4921.96,5771.1602,439.63,550.91998,721.39001,439.63,550.91998,721.39001,439.63,550.91998,721.39001,435.57999,565.39001,694.51001,435.57999,565.39001,694.51001,435.57999,565.39001,694.51001,1798.33,2137.4299,2520.3999,1798.33,2137.4299,2520.3999,1798.33,2137.4299,2520.3999,1799.4301,2147.79,2480.45,1799.4301,2147.79,2480.45,1799.4301,2147.79,2480.45,138.98,174.14999,227.99001,138.98,174.14999,227.99001,138.98,174.14999,227.99001,137.71001,178.72,219.5,137.71001,178.72,219.5,137.71001,178.72,219.5,326751.19,424975.38,585000.13,326751.19,424975.38,585000.13,326751.19,424975.38,585000.13,326348.34,440527.03,559540.63,326348.34,440527.03,559540.63,326348.34,440527.03,559540.63,1.14,1.26,1.39,1.14,1.26,1.39,1.14,1.26,1.39,1.21,1.29,1.39,1.21,1.29,1.39,1.21,1.29,1.39,1.47,1.63,1.8,1.47,1.63,1.8,1.47,1.63,1.8,1.55,1.66,1.78,1.55,1.66,1.78,1.55,1.66,1.78,.1804989,.19934264,.15221713,.1804989,.19934264,.15221713,.1804989,.19934264,.15221713,.17440507,.19916672,.15720326,.17440507,.19916672,.15720326,.17440507,.19916672,.15720326,189.98169,68157.422,358.75784,40087.602,83711,83711,83711,123,123,123,3157983,3157983,3157983,7034,7034,7034,1.7486494,1.7486494,1.7486494,167.9077,7854.3999,46.77808,5753.7036,,,,,,,,,,,,,,,,,,,,57.186993,37.724827,,,330.58566,335.92981,,,,,554.01996,317.49731,554.01996,317.49731,554.01996,317.49731,57.186993,37.724827,,,1,,2.3890646,2.3890646,2.3890646,.90845525,.90845525,.90845525,1,,1,,13.810667,,,8.8009939,8.8009939,8.8009939,1,,1,,2.3890646,2.3890646,2.3890646,.83206385,.83206385,.83206385,1,,1,,21.274002,,,7.0027633,7.0027633,7.0027633,1,
27Jun2021,Iran,134,83845,268,670,167690,419225,9758,3167741,19516,48790,6335482,15838705,2835633,12929,1.3732322,248263,130.69643,11029.982,168.70255,6686.9453,39.637489,5311.4233,,,,,,,,,,,,,,,,,,,,,,,,19683.715,22845.234,17167.611,8106.4199,9408.4404,7070.2026,1883.9382,2442.019,1463.7887,669.21936,846.11981,530.40149,320.13467,,,200311.13,,,305.27835,299.68369,311.54333,200262.58,200255.33,200271.16,134,,,83845,,,127.78153,125.43976,130.40388,83824.68,83821.641,83828.266,148.21133,96568.07,65372.609,139087.28,67279504,77461144,58172224,320.13467,,,200311.13,,,305.27835,299.68369,311.54333,200262.58,200255.33,200271.16,,,,,,,,320.13467,,,200311.13,,,305.27835,299.68369,311.54333,200262.58,200255.33,200271.16,,,,,,,,.37976596,,,237.62297,,,.36214235,.35550559,.36957431,237.56537,237.55676,237.57555,.1589601,,,99.462761,,,.15158333,.14880535,.15469414,99.438652,99.435051,99.442909,11.575617,114.55575,77.54953,164.99498,.33151194,,,,,,,,,366.98276,119074.13,324.4679,103873.42,69764.711,67630.5,71748.508,69764.711,67630.5,71748.508,69764.711,67630.5,71748.508,69098.609,67350.281,70932.32,69098.609,67350.281,70932.32,69098.609,67350.281,70932.32,111.81,94.230003,131.3,111.81,94.230003,131.3,111.81,94.230003,131.3,112.24,94.18,129.35001,112.24,94.18,129.35001,112.24,94.18,129.35001,22178358,21631342,22693056,22178358,21631342,22693056,22178358,21631342,22693056,22108898,21622150,22666476,22108898,21622150,22666476,22108898,21622150,22666476,63750.121,48244.648,88925.688,63750.121,48244.648,88925.688,63750.121,48244.648,88925.688,66265.453,48575.059,84919.32,66265.453,48575.059,84919.32,66265.453,48575.059,84919.32,4039.45,4920.5898,6030.29,4039.45,4920.5898,6030.29,4039.45,4920.5898,6030.29,4054.46,4981.6001,5879.5801,4054.46,4981.6001,5879.5801,4054.46,4981.6001,5879.5801,445.79001,561.41998,743.60999,445.79001,561.41998,743.60999,445.79001,561.41998,743.60999,440.87,577.51001,715.01001,440.87,577.51001,715.01001,440.87,577.51001,715.01001,1795.71,2149.1001,2563.55,1795.71,2149.1001,2563.55,1795.71,2149.1001,2563.55,1798.98,2164.3401,2515.75,1798.98,2164.3401,2515.75,1798.98,2164.3401,2515.75,140.85001,177.37,234.89,140.85001,177.37,234.89,140.85001,177.37,234.89,139.31,182.45,225.85001,139.31,182.45,225.85001,139.31,182.45,225.85001,333031.16,440859.09,615938.5,333031.16,440859.09,615938.5,333031.16,440859.09,615938.5,335776.59,458417.63,588135.75,335776.59,458417.63,588135.75,335776.59,458417.63,588135.75,1.14,1.26,1.39,1.14,1.26,1.39,1.14,1.26,1.39,1.21,1.29,1.38,1.21,1.29,1.38,1.21,1.29,1.38,1.47,1.63,1.8,1.47,1.63,1.8,1.47,1.63,1.8,1.55,1.66,1.78,1.55,1.66,1.78,1.55,1.66,1.78,.1753879,.195317,.14765137,.1753879,.195317,.14765137,.1753879,.195317,.14765137,.16937935,.19388551,.15232106,.16937935,.19388551,.15232106,.16937935,.19388551,.15232106,189.98169,68157.422,358.75784,40112.715,83845,83845,83845,134,134,134,3167741,3167741,3167741,9758,9758,9758,1.3732322,1.3732322,1.3732322,167.9077,7854.3999,46.77808,6268.2627,,,,,,,,,,,,,,,,,,,,72.820892,37.780918,,,301.64825,335.87503,,,,,570.16479,317.90225,570.16479,317.90225,570.16479,317.90225,72.820892,37.780918,,,1,,2.3890648,2.3890648,2.3890648,.83440298,.83440298,.83440298,1,,1,,9.8962975,,,6.5331135,6.5331135,6.5331135,1,,1,,2.3890646,2.3890646,2.3890646,.83206761,.83206761,.83206761,1,,1,,21.238953,,,7.0013165,7.0013165,7.0013165,1,
28Jun2021,Iran,140,83985,280,700,167970,419925,12351,3180092,24702,61755,6360184,15900460,2848042,12409,1.1335114,248065,131.57143,11314.768,168.70255,6686.9453,39.637489,5549.2485,,,,,,,,,,,,,,,,,,,,,,,,19920.492,23522.607,17218.135,8214.6934,9700.1123,7100.3115,1882.5415,2483.0708,1444.8439,664.00061,854.96643,519.55994,308.85446,298.69238,318.90219,200571.42,200554.02,200590.05,308.85446,298.69238,318.90219,200571.42,200554.02,200590.05,129.2784,125.02482,133.48412,83953.953,83946.664,83961.75,129.2784,125.02482,133.48412,83953.953,83946.664,83961.75,148.21133,95887.797,64270.465,138650.52,67375392,77599792,58236492,308.85446,298.69238,318.90219,200571.42,200554.02,200590.05,308.85446,298.69238,318.90219,200571.42,200554.02,200590.05,,95887.797,64270.465,138650.52,,,,308.85446,298.69238,318.90219,200571.42,200554.02,200590.05,308.85446,298.69238,318.90219,200571.42,200554.02,200590.05,,87352.039,59016.047,126162.02,,,,.3663846,.35432965,.37830392,237.93175,237.9111,237.95384,.3663846,.35432965,.37830392,237.93175,237.9111,237.95384,.15335901,.14831312,.15834813,99.59201,99.583366,99.601257,.15335901,.14831312,.15834813,99.59201,99.583366,99.601257,14.651613,113.74876,76.242088,164.47687,.32209986,.46474284,.23000433,.32209986,.46474284,.23000433,.35357442,.50612062,.25277194,366.98276,119074.13,324.4679,100213.36,69876.789,67744.172,71848.203,69876.789,67744.172,71848.203,69876.789,67744.172,71848.203,69211.367,67468.242,71045.523,69211.367,67468.242,71045.523,69211.367,67468.242,71045.523,112.08,93.809998,133.14999,112.08,93.809998,133.14999,112.08,93.809998,133.14999,112.77,93.870003,130.78999,112.77,93.870003,130.78999,112.77,93.870003,130.78999,22244490,21701474,22768100,22244490,21701474,22768100,22244490,21701474,22768100,22177848,21692492,22736708,22177848,21692492,22736708,22177848,21692492,22736708,66132.156,49109.551,93591.398,66132.156,49109.551,93591.398,66132.156,49109.551,93591.398,68949.602,49984.422,89222.977,68949.602,49984.422,89222.977,68949.602,49984.422,89222.977,4068.4399,4975.6401,6170.21,4068.4399,4975.6401,6170.21,4068.4399,4975.6401,6170.21,4071.46,5049.25,5998.79,4071.46,5049.25,5998.79,4071.46,5049.25,5998.79,451.81,572.84003,767.96997,451.81,572.84003,767.96997,451.81,572.84003,767.96997,446.73999,590.65997,737.20001,446.73999,590.65997,737.20001,446.73999,590.65997,737.20001,1795.4399,2163.9099,2611.49,1795.4399,2163.9099,2611.49,1795.4399,2163.9099,2611.49,1801,2184.21,2555.4399,1801,2184.21,2555.4399,1801,2184.21,2555.4399,142.7,180.89,242.47,142.7,180.89,242.47,142.7,180.89,242.47,141.09,186.50999,232.75,141.09,186.50999,232.75,141.09,186.50999,232.75,338888.16,457138.69,647961.69,338888.16,457138.69,647961.69,338888.16,457138.69,647961.69,345372.5,476778.72,617659.69,345372.5,476778.72,617659.69,345372.5,476778.72,617659.69,1.14,1.26,1.39,1.14,1.26,1.39,1.14,1.26,1.39,1.2,1.28,1.38,1.2,1.28,1.38,1.2,1.28,1.38,1.47,1.63,1.8,1.47,1.63,1.8,1.47,1.63,1.8,1.55,1.66,1.78,1.55,1.66,1.78,1.55,1.66,1.78,.16947882,.1910219,.14226735,.16947882,.1910219,.14226735,.16947882,.1910219,.14226735,.16355424,.18779851,.14658779,.16355424,.18779851,.14658779,.16355424,.18779851,.14658779,189.98169,68157.422,358.75784,40209.578,83985,83985,83985,140,140,140,3180092,3180092,3180092,12351,12351,12351,1.1335114,1.1335114,1.1335114,167.9077,7854.3999,46.77808,6548.9312,,,,,,,,,,,,,,,,,,,,88.221428,37.864998,,,310.46271,335.91721,310.46271,,282.8259,,590.04419,318.33875,590.04419,318.33875,590.04419,318.33875,88.221428,37.864998,,,1,,2.2061033,2.2061033,2.2061033,.80057144,.80057144,.80057144,1,,1,,7.7635655,7.7635655,7.0724669,5.3543968,5.3543968,5.3543968,1,,1,,2.3881814,2.3881814,2.3881814,.8320151,.8320151,.8320151,1,,1,,21.186617,,,6.9949203,6.9949203,6.9949203,1,
29Jun2021,Iran,142,84127,284,710,168254,420635,12717,3192809,25434,63585,6385618,15964045,2862261,14219,1.1166155,246421,132.55357,11652.188,168.70255,6686.9453,39.637489,5628.5234,,,,,,,,,,,,,,,,,,,,,,,,20142.014,24158.986,17249.193,8316.9238,9975.5889,7122.4375,1879.2764,2521.3604,1424.7195,664.08179,869.65131,513.36627,312.60516,298.62515,328.18259,200884.03,200851.25,200916.22,312.60516,298.62515,328.18259,200884.03,200851.25,200916.22,130.84834,124.99669,137.36865,84084.805,84071.078,84098.273,130.84834,124.99669,137.36865,84084.805,84071.078,84098.273,148.21133,95154.055,63186.078,138023.98,67470544,77737816,58299680,312.60516,298.62515,328.18259,200884.03,200851.25,200916.22,312.60516,298.62515,328.18259,200884.03,200851.25,200916.22,,95154.055,63186.078,138023.98,,,,312.60516,298.62515,328.18259,200884.03,200851.25,200916.22,312.60516,298.62515,328.18259,200884.03,200851.25,200916.22,,86583.844,58008.355,125464.21,,,,.37083396,.35424989,.38931295,238.30258,238.26369,238.34076,.37083396,.35424989,.38931295,238.30258,238.26369,238.34076,.1552214,.14827974,.16295622,99.747231,99.730949,99.763206,.1552214,.14827974,.16295622,99.747231,99.730949,99.763206,,112.87834,74.955711,163.73363,.32852533,.47261226,.23777214,.32852533,.47261226,.23777214,.3610433,.51479679,.26157466,366.98276,119074.13,324.4679,101430.34,69989.344,67858.641,71947.953,69989.344,67858.641,71947.953,69989.344,67858.641,71947.953,69324.867,67587.273,71158.891,69324.867,67587.273,71158.891,69324.867,67587.273,71158.891,112.55,93.540001,135.28,112.55,93.540001,135.28,112.55,93.540001,135.28,113.5,93.720001,132.50999,113.5,93.720001,132.50999,113.5,93.720001,132.50999,22313196,21774620,22846038,22313196,21774620,22846038,22313196,21774620,22846038,22249700,21765874,22824562,22249700,21765874,22824562,22249700,21765874,22824562,68707.031,50048.738,98653.148,68707.031,50048.738,98653.148,68707.031,50048.738,98653.148,71852.633,51510.012,93890.242,71852.633,51510.012,93890.242,71852.633,51510.012,93890.242,4102.1001,5038.6401,6323.1401,4102.1001,5038.6401,6323.1401,4102.1001,5038.6401,6323.1401,4094.23,5125.4199,6129.7402,4094.23,5125.4199,6129.7402,4094.23,5125.4199,6129.7402,456.60001,585.90002,795.42999,456.60001,585.90002,795.42999,456.60001,585.90002,795.42999,453.66,605.65002,762.27002,453.66,605.65002,762.27002,453.66,605.65002,762.27002,1797.59,2182.02,2664.6201,1797.59,2182.02,2664.6201,1797.59,2182.02,2664.6201,1805.17,2207.5901,2599.8799,1805.17,2207.5901,2599.8799,1805.17,2207.5901,2599.8799,144.14999,184.92999,251.02,144.14999,184.92999,251.02,144.14999,184.92999,251.02,143.21001,191.16,240.55,143.21001,191.16,240.55,143.21001,191.16,240.55,344806.94,473871.56,681226.94,344806.94,473871.56,681226.94,344806.94,473871.56,681226.94,355162.59,495687.28,648270.56,355162.59,495687.28,648270.56,355162.59,495687.28,648270.56,1.14,1.26,1.39,1.14,1.26,1.39,1.14,1.26,1.39,1.2,1.28,1.38,1.2,1.28,1.38,1.2,1.28,1.38,1.47,1.63,1.8,1.47,1.63,1.8,1.47,1.63,1.8,1.55,1.66,1.78,1.55,1.66,1.78,1.55,1.66,1.78,.16381148,.18689781,.13712689,.16381148,.18689781,.13712689,.16381148,.18689781,.13712689,.1579622,.18194522,.14113288,.1579622,.18194522,.14113288,.1579622,.18194522,.14113288,189.98169,68157.422,358.75784,40378.195,84127,84127,84127,142,142,142,3192809,3192809,3192809,12717,12717,12717,1.1166155,1.1166155,1.1166155,167.9077,7854.3999,46.77808,6642.4873,,,,,,,,,,,,,,,,,,,,89.556335,37.952251,,,304.39053,335.86813,304.39053,,276.9751,,610.45782,318.80847,610.45782,318.80847,610.45782,318.80847,89.556335,37.952251,,,1,,2.2014449,2.2014449,2.2014449,.79260564,.79260564,.79260564,1,,1,,7.4824295,7.4824295,6.8085117,5.4027705,5.4027705,5.4027705,1,,1,,2.3878663,2.3878663,2.3878663,.83194864,.83194864,.83194864,1,,1,,21.132032,,,6.9885783,6.9885783,6.9885783,1,
30Jun2021,Iran,137,84264,274,685,168528,421320,11748,3204557,23496,58740,6409114,16022785,2876828,14567,1.1661559,243465,133.5,12035.071,168.70255,6686.9453,39.637489,5430.3359,,,,,,,,,,,,,,,,,,,,,,,,20344.055,24585.383,17171.357,8411.3398,10164.936,7099.5742,1874.1891,2542.7236,1399.8616,663.38342,883.62231,506.6142,316.48315,296.94464,337.40543,201200.52,201149.72,201254.58,316.48315,296.94464,337.40543,201200.52,201149.72,201254.58,132.47157,124.29326,141.2291,84217.273,84196.016,84239.898,132.47157,124.29326,141.2291,84217.273,84196.016,84239.898,148.21133,94360.203,62114.039,137200.8,67564904,77875016,58361792,316.48315,296.94464,337.40543,201200.52,201149.72,201254.58,316.48315,296.94464,337.40543,201200.52,201149.72,201254.58,,92795.617,61092.23,134943.91,,,,316.48315,296.94464,337.40543,201200.52,201149.72,201254.58,316.48315,296.94464,337.40543,201200.52,201149.72,201254.58,,85802.711,57033.496,124647.99,,,,.37543428,.35225633,.40025374,238.67802,238.61777,238.74214,.37543428,.35225633,.40025374,238.67802,238.61777,238.74214,.15714698,.14744529,.16753575,99.904381,99.879158,99.931221,.15714698,.14744529,.16753575,99.904381,99.879158,99.931221,,111.93662,73.683983,162.75711,.33539897,.47806364,.2459209,.34105399,.48605958,.25003383,.36884984,.52064955,.2706866,366.98276,119074.13,324.4679,102688.63,70102.547,67974.117,72056.313,70102.547,67974.117,72056.313,70102.547,67974.117,72056.313,69439.297,67707.578,71272.609,69439.297,67707.578,71272.609,69439.297,67707.578,71272.609,113.21,93.419998,137.69,113.21,93.419998,137.69,113.21,93.419998,137.69,114.43,93.730003,134.48,114.43,93.730003,134.48,114.43,93.730003,134.48,22384548,21848942,22926944,22384548,21848942,22926944,22384548,21848942,22926944,22324540,21842386,22917630,22324540,21842386,22917630,22324540,21842386,22917630,71352.039,50996.109,103911.58,71352.039,50996.109,103911.58,71352.039,50996.109,103911.58,74840.922,53064.539,98729.539,74840.922,53064.539,98729.539,74840.922,53064.539,98729.539,4138.98,5110.5601,6491.1201,4138.98,5110.5601,6491.1201,4138.98,5110.5601,6491.1201,4123.2998,5211.2402,6274.23,4123.2998,5211.2402,6274.23,4123.2998,5211.2402,6274.23,462.41,600.92999,826.59998,462.41,600.92999,826.59998,462.41,600.92999,826.59998,461.84,622.83002,790.78998,461.84,622.83002,790.78998,461.84,622.83002,790.78998,1805.35,2203.75,2723.6499,1805.35,2203.75,2723.6499,1805.35,2203.75,2723.6499,1810.3199,2234.8701,2649.6699,1810.3199,2234.8701,2649.6699,1810.3199,2234.8701,2649.6699,145.92,189.59,260.75,145.92,189.59,260.75,145.92,189.59,260.75,145.73,196.5,249.45,145.73,196.5,249.45,145.73,196.5,249.45,350800.94,491126.38,715905.94,350800.94,491126.38,715905.94,350800.94,491126.38,715905.94,365180.56,515225.31,680125.13,365180.56,515225.31,680125.13,365180.56,515225.31,680125.13,1.14,1.26,1.38,1.14,1.26,1.38,1.14,1.26,1.38,1.2,1.28,1.38,1.2,1.28,1.38,1.2,1.28,1.38,1.47,1.63,1.8,1.47,1.63,1.8,1.47,1.63,1.8,1.55,1.66,1.78,1.55,1.66,1.78,1.55,1.66,1.78,.158664,.18319044,.13250689,.158664,.18319044,.13250689,.158664,.18319044,.13250689,.15289764,.17663397,.1362105,.15289764,.17663397,.1362105,.15289764,.17663397,.1362105,189.98169,68157.422,358.75784,40614.977,84264,84264,84264,137,137,137,3204557,3204557,3204557,11748,11748,11748,1.1661559,1.1661559,1.1661559,167.9077,7854.3999,46.77808,6408.5972,,,,,,,,,,,,,,,,,,,,85.751823,38.029964,,,298.15237,335.80881,293.20871,,271.11304,,630.2627,319.31149,630.2627,319.31149,630.2627,319.31149,85.751823,38.029964,,,1,,2.310096,2.310096,2.310096,.82635033,.82635033,.82635033,1,,1,,8.0320225,7.8988438,7.3036017,6.0735478,6.0735478,6.0735478,1,,1,,2.3877399,2.3877399,2.3877399,.83193946,.83193946,.83193946,1,,1,,21.084007,,,6.9852238,6.9852238,6.9852238,1,
01Jul2021,Iran,125,84389,250,625,168778,421945,14303,3218860,28606,71515,6437720,16094300,2889939,13111,.87394255,244532,135.11607,12497.804,168.70255,6686.9453,39.637489,4954.686,,,,,,,,,,,,,,,,,,,,,,,,20521.895,25068.184,16969.182,8495.9541,10378.095,7025.1509,1869.9794,2563.4683,1376.918,662.40167,893.05634,498.37039,320.44449,294.63922,348.05988,201520.95,201446.14,201602.88,320.44449,294.63922,348.05988,201520.95,201446.14,201602.88,134.12968,123.32827,145.68877,84351.406,84320.086,84385.695,134.12968,123.32827,145.68877,84351.406,84320.086,84385.695,148.21133,93498.023,61047.77,136172.05,67658408,78011192,58422840,320.44449,294.63922,348.05988,201520.95,201446.14,201602.88,320.44449,294.63922,348.05988,201520.95,201446.14,201602.88,,88810.953,58022.242,129413.26,,,,320.44449,294.63922,348.05988,201520.95,201446.14,201602.88,320.44449,294.63922,348.05988,201520.95,201446.14,201602.88,,84527.766,55772.371,123018.71,,,,.38013348,.34952149,.41289282,239.05815,238.96939,239.15532,.38013348,.34952149,.41289282,239.05815,238.96939,239.15532,.15911394,.14630055,.17282613,100.06349,100.02634,100.10416,.15911394,.14630055,.17282613,100.06349,100.02634,100.10416,,110.91385,72.419106,161.53674,.34272861,.48263717,.25560302,.36081642,.50780392,.26895225,.37909967,.52828884,.28293246,366.98276,119074.13,324.4679,103973.95,70216.617,68090.82,72165.109,70216.617,68090.82,72165.109,70216.617,68090.82,72165.109,69554.867,67829.398,71386.859,69554.867,67829.398,71386.859,69554.867,67829.398,71386.859,114.07,93.449997,140.39999,114.07,93.449997,140.39999,114.07,93.449997,140.39999,115.57,93.809998,136.73,115.57,93.809998,136.73,115.57,93.809998,136.73,22458592,21923402,23010864,22458592,21923402,23010864,22458592,21923402,23010864,22402430,21922092,23017552,22402430,21922092,23017552,22402430,21922092,23017552,74042.781,51936.34,109332.63,74042.781,51936.34,109332.63,74042.781,51936.34,109332.63,77888.563,54629.391,103707.39,77888.563,54629.391,103707.39,77888.563,54629.391,103707.39,4183.0601,5192.46,6676.4199,4183.0601,5192.46,6676.4199,4183.0601,5192.46,6676.4199,4159.2598,5307.96,6439.2998,4159.2598,5307.96,6439.2998,4159.2598,5307.96,6439.2998,468.34,617.90997,861.52002,468.34,617.90997,861.52002,468.34,617.90997,861.52002,471.26999,642.19,822.78003,471.26999,642.19,822.78003,471.26999,642.19,822.78003,1819.6899,2229.47,2789.3501,1819.6899,2229.47,2789.3501,1819.6899,2229.47,2789.3501,1818.33,2266.46,2705.49,1818.33,2266.46,2705.49,1818.33,2266.46,2705.49,147.74001,194.88,271.66,147.74001,194.88,271.66,147.74001,194.88,271.66,148.64999,202.53,259.44,148.64999,202.53,259.44,148.64999,202.53,259.44,356883.44,508955.97,752130.75,356883.44,508955.97,752130.75,356883.44,508955.97,752130.75,375453.5,535455.5,713341,375453.5,535455.5,713341,375453.5,535455.5,713341,1.14,1.25,1.38,1.14,1.25,1.38,1.14,1.25,1.38,1.2,1.28,1.37,1.2,1.28,1.37,1.2,1.28,1.37,1.47,1.63,1.8,1.47,1.63,1.8,1.47,1.63,1.8,1.55,1.66,1.78,1.55,1.66,1.78,1.55,1.66,1.78,.15405959,.1799318,.12841545,.15405959,.1799318,.12841545,.15405959,.1799318,.12841545,.14837866,.17172074,.13184209,.14837866,.17172074,.13184209,.14837866,.17172074,.13184209,189.98169,68157.422,358.75784,40923.508,84389,84389,84389,125,125,125,3218860,3218860,3218860,14303,14303,14303,.87394255,.87394255,.87394255,167.9077,7854.3999,46.77808,5847.2598,,,,,,,,,,,,,,,,,,,,114.424,38.143124,,,291.77603,335.73883,277.14926,,263.78287,,649.09949,319.84726,649.09949,319.84726,649.09949,319.84726,114.424,38.143124,,,1,,2.563556,2.563556,2.563556,.91255999,.91255999,.91255999,1,,1,,6.536952,6.2092533,5.9097929,5.1767306,5.1767306,5.1767306,1,,1,,2.3880002,2.3880002,2.3880002,.83205891,.83205891,.83205891,1,,1,,21.019369,,,6.9771881,6.9771881,6.9771881,1,
02Jul2021,Iran,127,84516,254,635,169032,422580,13836,3232696,27672,69180,6465392,16163480,2902140,12201,.91789532,246040,137.16965,13055.84,168.70255,6686.9453,39.637489,5033.9609,,,,,,,,,,,,,,,,,,,,,,,,20682.586,25710.373,16849.756,8573.6523,10657.847,6984.8115,1866.9298,2585.9707,1356.0552,661.32343,901.23224,490.43164,324.39218,291.60922,358.11224,201845.34,201737.75,201960.28,324.39218,291.60922,358.11224,201845.34,201737.75,201960.28,135.78209,122.05999,149.89642,84487.188,84442.148,84535.289,135.78209,122.05999,149.89642,84487.188,84442.148,84535.289,148.21133,92619.766,59913.309,135017.27,67751024,78146208,58482756,324.39218,291.60922,358.11224,201845.34,201737.75,201960.28,324.39218,291.60922,358.11224,201845.34,201737.75,201960.28,,84770.547,54864.105,123729.08,,,,324.39218,291.60922,358.11224,201845.34,201737.75,201960.28,324.39218,291.60922,358.11224,201845.34,201737.75,201960.28,,83283.359,54575.074,121341.79,,,,.38481653,.34592709,.42481762,239.44296,239.31532,239.5793,.38481653,.34592709,.42481762,239.44296,239.31532,239.5793,.16107413,.14479604,.17781754,100.22456,100.17113,100.28163,.16107413,.14479604,.17781754,100.22456,100.17113,100.28163,,109.872,71.073326,160.16685,.35024077,.4867186,.26523441,.38267085,.53151184,.28943256,.38950419,.53432673,.29512689,366.98276,119074.13,324.4679,105254.85,70331.758,68208.969,72274.523,70331.758,68208.969,72274.523,70331.758,68208.969,72274.523,69671.797,67952.969,71501.828,69671.797,67952.969,71501.828,69671.797,67952.969,71501.828,115.14,94.050003,143.44,115.14,94.050003,143.44,115.14,94.050003,143.44,116.93,94.010002,139.28,116.93,94.010002,139.28,116.93,94.010002,139.28,22535380,22000888,23097852,22535380,22000888,23097852,22535380,22000888,23097852,22483436,22005068,23095260,22483436,22005068,23095260,22483436,22005068,23095260,76788.391,52872.16,115017.64,76788.391,52872.16,115017.64,76788.391,52872.16,115017.64,81006.211,56209.578,108842.69,81006.211,56209.578,108842.69,81006.211,56209.578,108842.69,4234.8901,5285.27,6881.0298,4234.8901,5285.27,6881.0298,4234.8901,5285.27,6881.0298,4202.6001,5416.6299,6628.3901,4202.6001,5416.6299,6628.3901,4202.6001,5416.6299,6628.3901,474.12,636.65997,899.95001,474.12,636.65997,899.95001,474.12,636.65997,899.95001,481.79999,663.53998,858,481.79999,663.53998,858,481.79999,663.53998,858,1834.28,2259.51,2862.4199,1834.28,2259.51,2862.4199,1834.28,2259.51,2862.4199,1829.35,2302.75,2767.9299,1829.35,2302.75,2767.9299,1829.35,2302.75,2767.9299,149.50999,200.71001,283.67001,149.50999,200.71001,283.67001,149.50999,200.71001,283.67001,151.91,209.17999,270.45001,151.91,209.17999,270.45001,151.91,209.17999,270.45001,363059.22,527390.69,790593.31,363059.22,527390.69,790593.31,363059.22,527390.69,790593.31,385995.25,556415.06,747992.25,385995.25,556415.06,747992.25,385995.25,556415.06,747992.25,1.14,1.25,1.38,1.14,1.25,1.38,1.14,1.25,1.38,1.2,1.28,1.37,1.2,1.28,1.37,1.2,1.28,1.37,1.47,1.63,1.8,1.47,1.63,1.8,1.47,1.63,1.8,1.55,1.66,1.78,1.55,1.66,1.78,1.55,1.66,1.78,.14994454,.1778819,.1247113,.14994454,.1778819,.1247113,.14994454,.1778819,.1247113,.14434695,.16724908,.1279645,.14434695,.16724908,.1279645,.14434695,.16724908,.1279645,189.98169,68157.422,358.75784,41307.379,84516,84516,84516,127,127,127,3232696,3232696,3232696,13836,13836,13836,.91789532,.91789532,.91789532,167.9077,7854.3999,46.77808,5940.8159,,,,,,,,,,,,,,,,,,,,108.94489,38.249516,,,285.51788,335.65811,261.32117,,256.73663,,666.91327,320.41544,666.91327,320.41544,666.91327,320.41544,108.94489,38.249516,,,1,,2.5542691,2.5542691,2.5542691,.90661418,.90661418,.90661418,1,,1,,6.6941142,6.1268101,6.0193233,5.5498981,5.5498981,5.5498981,1,,1,,2.3882501,2.3882501,2.3882501,.8321709,.8321709,.8321709,1,,1,,20.958055,,,6.9710793,6.9710793,6.9710793,1,
03Jul2021,Iran,111,84627,222,555,169254,423135,8341,3241037,16682,41705,6482074,16205185,2914830,12690,1.3307757,241580,139.35715,13691.152,168.70255,6686.9453,39.637489,4399.7612,,,,,,,,,,,,,,,,,,,,,,,,20822.988,26374.926,16731.35,8643.1035,10947.575,6944.7666,1861.1998,2605.2227,1334.3765,659.54028,907.70844,482.37039,328.28842,286.54984,368.01648,202173.64,202025.58,202332.84,328.28842,286.54984,368.01648,202173.64,202025.58,202332.84,137.41295,119.94227,154.04208,84624.602,84562.625,84691.242,137.41295,119.94227,154.04208,84624.602,84562.625,84691.242,148.21133,91734.68,58801.609,133753.69,67842760,78279960,58541556,328.28842,286.54984,368.01648,202173.64,202025.58,202332.84,328.28842,286.54984,368.01648,202173.64,202025.58,202332.84,,80634.75,51723.078,117850.03,,,,328.28842,286.54984,368.01648,202173.64,202025.58,202332.84,328.28842,286.54984,368.01648,202173.64,202025.58,202332.84,,82065.133,53370.348,119618.4,,,,.38943854,.33992529,.43656671,239.83241,239.65677,240.02127,.38943854,.33992529,.43656671,239.83241,239.65677,240.02127,.16300878,.14228384,.18273541,100.38757,100.31406,100.46663,.16300878,.14228384,.18273541,100.38757,100.31406,100.46663,,108.82204,69.754555,158.66792,.3578673,.48731631,.27514493,.40713021,.55400771,.31227526,.40003398,.53690833,.30765876,366.98276,119074.13,324.4679,106519.05,70448.18,68328.797,72384.727,70448.18,68328.797,72384.727,70448.18,68328.797,72384.727,69790.328,68078.539,71617.711,69790.328,68078.539,71617.711,69790.328,68078.539,71617.711,116.42,94.599998,146.84,116.42,94.599998,146.84,116.42,94.599998,146.84,118.53,94.370003,142.14999,118.53,94.370003,142.14999,118.53,94.370003,142.14999,22614984,22081484,23192542,22614984,22081484,23192542,22614984,22081484,23192542,22567646,22091408,23171242,22567646,22091408,23171242,22567646,22091408,23171242,79603.82,53809.84,120952.57,79603.82,53809.84,120952.57,79603.82,53809.84,120952.57,84210.797,57814.672,114162.69,84210.797,57814.672,114162.69,84210.797,57814.672,114162.69,4294.8301,5389.6001,7107.1699,4294.8301,5389.6001,7107.1699,4294.8301,5389.6001,7107.1699,4253.6299,5538.0298,6837.1099,4253.6299,5538.0298,6837.1099,4253.6299,5538.0298,6837.1099,480.5,656.95001,941.54999,480.5,656.95001,941.54999,480.5,656.95001,941.54999,493.25,686.64001,896.13,493.25,686.64001,896.13,493.25,686.64001,896.13,1852.14,2294.0801,2943.4099,1852.14,2294.0801,2943.4099,1852.14,2294.0801,2943.4099,1843.5,2344,2839.9099,1843.5,2344,2839.9099,1843.5,2344,2839.9099,151.46001,207.03,296.67999,151.46001,207.03,296.67999,151.46001,207.03,296.67999,155.46001,216.38,282.35999,155.46001,216.38,282.35999,155.46001,216.38,282.35999,369330.09,546450.13,830943.06,369330.09,546450.13,830943.06,369330.09,546450.13,830943.06,396813.94,578128.81,784130.81,396813.94,578128.81,784130.81,396813.94,578128.81,784130.81,1.13,1.25,1.38,1.13,1.25,1.38,1.13,1.25,1.38,1.2,1.28,1.37,1.2,1.28,1.37,1.2,1.28,1.37,1.47,1.63,1.8,1.47,1.63,1.8,1.47,1.63,1.8,1.55,1.66,1.78,1.55,1.66,1.78,1.55,1.66,1.78,.14624926,.17580427,.12140296,.14624926,.17580427,.12140296,.14624926,.17580427,.12140296,.14075392,.16322847,.12451528,.14075392,.16322847,.12451528,.14075392,.16322847,.12451528,189.98169,68157.422,358.75784,41766.586,84627,84627,84627,111,111,111,3241037,3241037,3241037,8341,8341,8341,1.3307757,1.3307757,1.3307757,167.9077,7854.3999,46.77808,5192.3667,,,,,,,,,,,,,,,,,,,,75.144142,38.297909,,,279.4332,335.5668,245.62167,,249.97876,,683.76416,321.01587,683.76416,321.01587,683.76416,321.01587,75.144142,38.297909,,,1,,2.9575534,2.9575534,2.9575534,1.0488288,1.0488288,1.0488288,1,,1,,10.998043,9.6672764,9.8387642,9.5436783,9.5436783,9.5436783,1,,1,,2.3889968,2.3889968,2.3889968,.8324551,.8324551,.8324551,1,,1,,20.932425,,,6.9777002,6.9777002,6.9777002,1,
04Jul2021,Iran,165,84792,330,825,169584,423960,13781,3254818,27562,68905,6509636,16274090,2926266,11436,1.1973007,243760,142.07143,14400.286,168.70255,6686.9453,39.637489,6540.1855,,,,,,,,,,,,,,,,,,,,,,,,20941.332,27028.354,16551.344,8703.5381,11233.397,6878.9917,1854.2942,2618.1921,1312.9785,657.53125,914.45551,474.565,332.35709,279.35742,378.23599,202506,202309.05,202711.97,332.35709,279.35742,378.23599,202506,202309.05,202711.97,139.116,116.93172,158.3197,84763.719,84681.281,84849.93,139.116,116.93172,158.3197,84763.719,84681.281,84849.93,148.21133,90777.375,57696.652,132289.8,67933536,78412256,58599252,332.35709,279.35742,378.23599,202506,202309.05,202711.97,332.35709,279.35742,378.23599,202506,202309.05,202711.97,,76346.57,48582.613,111699.98,,,,332.35709,279.35742,378.23599,202506,202309.05,202711.97,332.35709,279.35742,378.23599,202506,202309.05,202711.97,,80806.805,52151.359,117757.47,,,,.39426506,.33139318,.44868982,240.22667,239.99304,240.47101,.39426506,.33139318,.44868982,240.22667,239.99304,240.47101,.16502905,.13871251,.18780982,100.5526,100.45481,100.65488,.16502905,.13871251,.18780982,100.5526,100.45481,100.65488,,107.68642,68.443771,156.93135,.36612326,.48418307,.28591472,.43532681,.57501525,.3386178,.41129839,.53566664,.32119915,366.98276,119074.13,324.4679,107839.2,70566.109,68450.57,72495.938,70566.109,68450.57,72495.938,70566.109,68450.57,72495.938,69910.703,68206.398,71734.711,69910.703,68206.398,71734.711,69910.703,68206.398,71734.711,117.93,95.309998,150.62,117.93,95.309998,150.62,117.93,95.309998,150.62,120.37,94.900002,145.37,120.37,94.900002,145.37,120.37,94.900002,145.37,22697484,22165290,23291268,22697484,22165290,23291268,22697484,22165290,23291268,22655162,22181218,23249520,22655162,22181218,23249520,22655162,22181218,23249520,82501,54754.57,127133.34,82501,54754.57,127133.34,82501,54754.57,127133.34,87515.797,59452.309,119689,87515.797,59452.309,119689,87515.797,59452.309,119689,4363.02,5505.8198,7358.6299,4363.02,5505.8198,7358.6299,4363.02,5505.8198,7358.6299,4312.4199,5672.5898,7066.4399,4312.4199,5672.5898,7066.4399,4312.4199,5672.5898,7066.4399,487.35001,678.57001,986.06,487.35001,678.57001,986.06,487.35001,678.57001,986.06,505.47,711.27002,936.90002,505.47,711.27002,936.90002,505.47,711.27002,936.90002,1873.33,2333.3301,3032.75,1873.33,2333.3301,3032.75,1873.33,2333.3301,3032.75,1860.8199,2390.3899,2922.3301,1860.8199,2390.3899,2922.3301,1860.8199,2390.3899,2922.3301,153.57001,213.77,310.59,153.57001,213.77,310.59,153.57001,213.77,310.59,159.25,224.06,295.10001,159.25,224.06,295.10001,159.25,224.06,295.10001,375696.31,566148.06,873094.06,375696.31,566148.06,873094.06,375696.31,566148.06,873094.06,407914.59,600614.75,821796.75,407914.59,600614.75,821796.75,407914.59,600614.75,821796.75,1.13,1.25,1.37,1.13,1.25,1.37,1.13,1.25,1.37,1.2,1.27,1.37,1.2,1.27,1.37,1.2,1.27,1.37,1.47,1.63,1.8,1.47,1.63,1.8,1.47,1.63,1.8,1.55,1.66,1.78,1.55,1.66,1.78,1.55,1.66,1.78,.14294372,.17406766,.11847403,.14294372,.17406766,.11847403,.14294372,.17406766,.11847403,.13754089,.15962374,.12145644,.13754089,.15962374,.12145644,.13754089,.15962374,.12145644,189.98169,68157.422,358.75784,42308.313,84792,84792,84792,165,165,165,3254818,3254818,3254818,13781,13781,13781,1.1973007,1.1973007,1.1973007,167.9077,7854.3999,46.77808,7718.3833,,,,,,,,,,,,,,,,,,,,83.52121,38.38591,,,273.13205,335.46432,229.71248,,243.13249,,699.57599,321.6485,699.57599,321.6485,699.57599,321.6485,83.52121,38.38591,,,1,,2.0142853,2.0142853,2.0142853,.71472728,.71472728,.71472728,1,,1,,6.5871401,5.5399876,5.8636389,5.9865756,5.9865756,5.9865756,1,,1,,2.3882678,2.3882678,2.3882678,.83222604,.83222604,.83222604,1,,1,,20.871685,,,6.9735031,6.9735031,6.9735031,1,
05Jul2021,Iran,157,84949,314,785,169898,424745,16025,3270843,32050,80125,6541686,16354215,2940874,14608,.97971916,245020,144.6875,15132.009,168.70255,6686.9453,39.637489,6223.0859,,,,,,,,,,,,,,,,,,,,,,,,21036.549,27655.793,16378.792,8754.4756,11509.11,6816.1245,1845.9573,2619.0034,1291.6804,655.44336,920.74768,467.11728,336.22098,270.58719,390.55518,202842.22,202587.28,203100.05,336.22098,270.58719,390.55518,202842.22,202587.28,203100.05,140.73331,113.26073,163.47618,84904.445,84797.742,85012.367,140.73331,113.26073,163.47618,84904.445,84797.742,85012.367,148.21133,89745.484,56802.637,130626.96,68023280,78542880,58656056,336.22098,270.58719,390.55518,202842.22,202587.28,203100.05,336.22098,270.58719,390.55518,202842.22,202587.28,203100.05,,71934.633,45614.91,105325.38,,,,336.22098,270.58719,390.55518,202842.22,202587.28,203100.05,336.22098,270.58719,390.55518,202842.22,202587.28,203100.05,,79502.383,51032.879,115896.31,,,,.39884865,.32098931,.46330369,240.62552,240.32309,240.93137,.39884865,.32098931,.46330369,240.62552,240.32309,240.93137,.16694762,.13435774,.1939268,100.71955,100.59296,100.84757,.16694762,.13435774,.1939268,100.71955,100.59296,100.84757,,106.46233,67.383232,154.95877,.37463832,.47636378,.29898512,.46739793,.59319901,.37080821,.42290679,.53022128,.33698672,366.98276,119074.13,324.4679,109092.91,70685.789,68574.563,72608.359,70685.789,68574.563,72608.359,70685.789,68574.563,72608.359,70033.188,68336.828,71853.039,70033.188,68336.828,71853.039,70033.188,68336.828,71853.039,119.69,96.199997,154.82001,119.69,96.199997,154.82001,119.69,96.199997,154.82001,122.48,95.599998,149.22,122.48,95.599998,149.22,122.48,95.599998,149.22,22782972,22252412,23393614,22782972,22252412,23393614,22782972,22252412,23393614,22746092,22265698,23332546,22746092,22265698,23332546,22746092,22265698,23332546,85487.578,55709.5,133576.06,85487.578,55709.5,133576.06,85487.578,55709.5,133576.06,90929.977,61127.359,125436,90929.977,61127.359,125436,90929.977,61127.359,125436,4412.8398,5634.0098,7633.0898,4412.8398,5634.0098,7633.0898,4412.8398,5634.0098,7633.0898,4378.9102,5820.5,7316.96,4378.9102,5820.5,7316.96,4378.9102,5820.5,7316.96,494.57999,701.38,1033.27,494.57999,701.38,1033.27,494.57999,701.38,1033.27,518.34003,737.28003,980.09998,518.34003,737.28003,980.09998,518.34003,737.28003,980.09998,1897.86,2377.3401,3131.5701,1897.86,2377.3401,3131.5701,1897.86,2377.3401,3131.5701,1881.3,2442.04,3012.8799,1881.3,2442.04,3012.8799,1881.3,2442.04,3012.8799,155.78999,220.88,325.35001,155.78999,220.88,325.35001,155.78999,220.88,325.35001,163.25,232.17,308.60001,163.25,232.17,308.60001,163.25,232.17,308.60001,382157.22,586495.25,917088,382157.22,586495.25,917088,382157.22,586495.25,917088,419300.78,623887.69,861023.25,419300.78,623887.69,861023.25,419300.78,623887.69,861023.25,1.13,1.25,1.37,1.13,1.25,1.37,1.13,1.25,1.37,1.2,1.27,1.36,1.2,1.27,1.36,1.2,1.27,1.36,1.47,1.63,1.8,1.47,1.63,1.8,1.47,1.63,1.8,1.55,1.66,1.78,1.55,1.66,1.78,1.55,1.66,1.78,.14000864,.1726815,.115904,.14000864,.1726815,.115904,.14000864,.1726815,.115904,.13469706,.15639478,.11896107,.13469706,.15639478,.11896107,.13469706,.15639478,.11896107,189.98169,68157.422,358.75784,42939.727,84949,84949,84949,157,157,157,3270843,3270843,3270843,16025,16025,16025,.97971916,.97971916,.97971916,167.9077,7854.3999,46.77808,7344.1587,,,,,,,,,,,,,,,,,,,,102.07006,38.503609,,,266.9241,335.35071,213.95045,,236.45872,,714.24158,322.31332,714.24158,322.31332,714.24158,322.31332,102.07006,38.503609,,,1,,2.1415348,2.1415348,2.1415348,.7623567,.7623567,.7623567,1,,1,,5.6003423,4.4889007,4.9611473,5.3346381,5.3346381,5.3346381,1,,1,,2.3878117,2.3878117,2.3878117,.83209676,.83209676,.83209676,1,,1,,20.796865,,,6.9654741,6.9654741,6.9654741,1,
06Jul2021,Iran,146,85095,292,730,170190,425475,16080,3286923,32160,80400,6573846,16434615,2953586,12712,.90796018,248242,147.50893,15802.849,168.70255,6686.9453,39.637489,5787.0732,,,,,,,,,,,,,,,,,,,,,,,,21113.865,28108.332,16191.848,8798.0576,11712.621,6747.0737,1837.0449,2618.9824,1270.8175,652.711,925.02661,459.5777,340.46811,268.12494,415.16974,203182.69,202860.73,203486.23,340.46811,268.12494,415.16974,203182.69,202860.73,203486.23,142.51105,112.23009,173.77919,85046.961,84912.203,85174.023,142.51105,112.23009,173.77919,85046.961,84912.203,85174.023,148.21133,88671.219,55945.488,128858.63,68111952,78671736,58712000,340.46811,268.12494,415.16974,203182.69,202860.73,203486.23,340.46811,268.12494,415.16974,203182.69,202860.73,203486.23,,67468.367,42665.281,99208.367,,,,340.46811,268.12494,415.16974,203182.69,202860.73,203486.23,340.46811,268.12494,415.16974,203182.69,202860.73,203486.23,,78178.547,50171.871,114559.15,,,,.40388691,.31806841,.49250317,241.0294,240.64749,241.38951,.40388691,.31806841,.49250317,241.0294,240.64749,241.38951,.1690565,.13313513,.20614895,100.88861,100.72874,101.03934,.1690565,.13313513,.20614895,100.88861,100.72874,101.03934,,105.18795,66.366425,152.86105,.38396686,.47926107,.32219008,.50463367,.62843823,.41848257,.43550068,.53441286,.36240643,366.98276,119074.13,324.4679,110470.97,70807.477,68701.031,72722.18,70807.477,68701.031,72722.18,70807.477,68701.031,72722.18,70158.047,68470.141,71972.922,70158.047,68470.141,71972.922,70158.047,68470.141,71972.922,121.69,97.260002,159.45,121.69,97.260002,159.45,121.69,97.260002,159.45,124.86,96.459999,153.49001,124.86,96.459999,153.49001,124.86,96.459999,153.49001,22871540,22342960,23499686,22871540,22342960,23499686,22871540,22342960,23499686,22840550,22344392,23429338,22840550,22344392,23429338,22840550,22344392,23429338,88567.977,56676.238,140291.08,88567.977,56676.238,140291.08,88567.977,56676.238,140291.08,94458.578,62842.469,131412.7,94458.578,62842.469,131412.7,94458.578,62842.469,131412.7,4463.3398,5774.1299,7931,4463.3398,5774.1299,7931,4463.3398,5774.1299,7931,4452.9199,5981.7598,7589.0098,4452.9199,5981.7598,7589.0098,4452.9199,5981.7598,7589.0098,502.10999,725.28003,1083.53,502.10999,725.28003,1083.53,502.10999,725.28003,1083.53,531.77002,764.54999,1025.62,531.77002,764.54999,1025.62,531.77002,764.54999,1025.62,1925.71,2426.1201,3240.3,1925.71,2426.1201,3240.3,1925.71,2426.1201,3240.3,1904.9,2498.98,3111.77,1904.9,2498.98,3111.77,1904.9,2498.98,3111.77,158.10001,228.32001,341.04999,158.10001,228.32001,341.04999,158.10001,228.32001,341.04999,167.42,240.67999,322.82001,167.42,240.67999,322.82001,167.42,240.67999,322.82001,388711.84,607500.63,962961.25,388711.84,607500.63,962961.25,388711.84,607500.63,962961.25,430975.28,647960.25,901839.25,430975.28,647960.25,901839.25,430975.28,647960.25,901839.25,1.13,1.25,1.37,1.13,1.25,1.37,1.13,1.25,1.37,1.2,1.27,1.36,1.2,1.27,1.36,1.2,1.27,1.36,1.47,1.63,1.8,1.47,1.63,1.8,1.47,1.63,1.8,1.55,1.66,1.78,1.55,1.66,1.78,1.55,1.66,1.78,.13739729,.17160632,.11365655,.13739729,.17160632,.11365655,.13739729,.17160632,.11365655,.13218492,.15349492,.11679997,.13218492,.15349492,.11679997,.13218492,.15349492,.11679997,189.98169,68157.422,358.75784,43657.242,85095,85095,85095,146,146,146,3286923,3286923,3286923,16080,16080,16080,.90796018,.90796018,.90796018,167.9077,7854.3999,46.77808,6829.5996,,,,,,,,,,,,,,,,,,,,110.13699,38.626511,,,260.43912,335.22519,198.16354,,229.62076,,727.81641,323.01025,727.81641,323.01025,727.81641,323.01025,110.13699,38.626511,,,1,,2.3319733,2.3319733,2.3319733,.83349317,.83349317,.83349317,1,,1,,5.5143795,4.1957941,4.8618498,5.5079589,5.5079589,5.5079589,1,,1,,2.3877158,2.3877158,2.3877158,.83209914,.83209914,.83209914,1,,1,,20.722101,,,6.9583435,6.9583435,6.9583435,1,
07Jul2021,Iran,166,85261,332,830,170522,426305,17212,3304135,34424,86060,6608270,16520675,2967821,14235,.96444339,251053,150.52678,16455.875,168.70255,6686.9453,39.637489,6579.8232,,,,,,,,,,,,,,,,,,,,,,,,21164.645,28484.557,15952.193,8830.6494,11884.781,6655.8286,1827.6008,2619.925,1250.3038,649.78442,924.57324,452.1004,342.17499,265.9241,422.052,203524.86,203128.56,203878.39,342.17499,265.9241,422.052,203524.86,203128.56,203878.39,143.22551,111.30888,176.65994,85190.188,85024.305,85338.164,143.22551,111.30888,176.65994,85190.188,85024.305,85338.164,148.21133,87551.992,55107.07,127782.33,68199504,78799520,58767108,342.17499,265.9241,422.052,203524.86,203128.56,203878.39,342.17499,265.9241,422.052,203524.86,203128.56,203878.39,,64046.164,40415.27,94953.156,,,,342.17499,265.9241,422.052,203524.86,203128.56,203878.39,342.17499,265.9241,422.052,203524.86,203128.56,203878.39,,76832,49340.566,113141.64,,,,.40591174,.31545764,.50066739,241.43532,240.96521,241.85471,.40591174,.31545764,.50066739,241.43532,240.96521,241.85471,.16990404,.13204232,.20956628,101.05851,100.86173,101.23405,.16990404,.13204232,.20956628,101.05851,100.86173,101.23405,,103.86024,65.371834,151.58427,.39082491,.48255897,.33028981,.53426307,.65797931,.44448444,.44535479,.53895634,.37302977,366.98276,119074.13,324.4679,111024.8,70931.43,68830.297,72837.609,70931.43,68830.297,72837.609,70931.43,68830.297,72837.609,70285.57,68606.648,72094.57,70285.57,68606.648,72094.57,70285.57,68606.648,72094.57,123.95,98.510002,164.63,123.95,98.510002,164.63,123.95,98.510002,164.63,127.52,97.5,158.19,127.52,97.5,158.19,127.52,97.5,158.19,22963284,22420918,23624050,22963284,22420918,23624050,22963284,22420918,23624050,22938656,22418858,23529444,22938656,22418858,23529444,22938656,22418858,23529444,91744.703,57843.48,147285.16,91744.703,57843.48,147285.16,91744.703,57843.48,147285.16,98104.719,64582.91,137827.38,98104.719,64582.91,137827.38,98104.719,64582.91,137827.38,4516.3799,5926.02,8252.6299,4516.3799,5926.02,8252.6299,4516.3799,5926.02,8252.6299,4534.1899,6156.25,7882.7598,4534.1899,6156.25,7882.7598,4534.1899,6156.25,7882.7598,509.89001,750.19,1136.95,509.89001,750.19,1136.95,509.89001,750.19,1136.95,545.71002,793.02002,1073.39,545.71002,793.02002,1073.39,545.71002,793.02002,1073.39,1947.0699,2479.6599,3358.25,1947.0699,2479.6599,3358.25,1947.0699,2479.6599,3358.25,1931.5601,2561.23,3219.1399,1931.5601,2561.23,3219.1399,1931.5601,2561.23,3219.1399,160.5,236.08,357.73999,160.5,236.08,357.73999,160.5,236.08,357.73999,171.75,249.55,337.73999,171.75,249.55,337.73999,171.75,249.55,337.73999,396628.13,629172.13,1010745.6,396628.13,629172.13,1010745.6,396628.13,629172.13,1010745.6,442819.13,672844,945830.81,442819.13,672844,945830.81,442819.13,672844,945830.81,1.13,1.24,1.36,1.13,1.24,1.36,1.13,1.24,1.36,1.1900001,1.27,1.36,1.1900001,1.27,1.36,1.1900001,1.27,1.36,1.47,1.63,1.8,1.47,1.63,1.8,1.47,1.63,1.8,1.55,1.66,1.78,1.55,1.66,1.78,1.55,1.66,1.78,.13510317,.17030442,.11177637,.13510317,.17030442,.11177637,.13510317,.17030442,.11177637,.12998354,.15096873,.11477401,.12998354,.15096873,.11477401,.12998354,.15096873,.11477401,189.98169,68157.422,358.75784,44468.035,85261,85261,85261,166,166,166,3304135,3304135,3304135,17212,17212,17212,.96444339,.96444339,.96444339,167.9077,7854.3999,46.77808,7765.1611,,,,,,,,,,,,,,,,,,,,103.68674,38.753181,,,255.86906,335.09177,187.17372,,224.54008,,740.17511,323.7392,740.17511,323.7392,740.17511,323.7392,103.68674,38.753181,,,1,,2.061295,2.061295,2.061295,.74668676,.74668676,.74668676,1,,1,,5.0866833,3.7210181,4.4638624,5.3302755,5.3302755,5.3302755,1,,1,,2.3870804,2.3870804,2.3870804,.8319329,.8319329,.8319329,1,,1,,20.640654,,,6.9498625,6.9498625,6.9498625,1,
08Jul2021,Iran,136,85397,272,680,170794,426985,23391,3327526,46782,116955,6655052,16637630,2981019,13198,.58142018,261110,152.9881,17076.096,168.70255,6686.9453,39.637489,5390.6987,,,,,,,,,,,,,,,,,,,,,,,,21195.297,28825.559,15741.217,8854.8896,12042.631,6576.3052,1816.3002,2616.0225,1229.5604,646.27051,922.63959,444.59592,343.35764,262.74811,429.84744,203868.22,203392.72,204278.81,343.35764,262.74811,429.84744,203868.22,203392.72,204278.81,143.72054,109.97949,179.92291,85333.906,85134.875,85505.773,143.72054,109.97949,179.92291,85333.906,85134.875,85505.773,148.21133,86393.805,54288.676,126601.21,68285896,78926120,58821396,343.35764,262.74811,429.84744,203868.22,203392.72,204278.81,343.35764,262.74811,429.84744,203868.22,203392.72,204278.81,,61617.934,38821.91,92098.945,,,,343.35764,262.74811,429.84744,203868.22,203392.72,204278.81,343.35764,262.74811,429.84744,203868.22,203392.72,204278.81,,75467.539,48539.047,111651.48,,,,.40731466,.31169006,.50991488,241.84264,241.27856,242.32971,.40731466,.31169006,.50991488,241.84264,241.27856,242.32971,.17049126,.1304653,.21343704,101.229,100.9929,101.43288,.17049126,.1304653,.21343704,101.229,100.9929,101.43288,,102.48633,64.400993,150.18314,.39743316,.48398328,.33952871,.55723655,.67680365,.46672353,.45497394,.54131287,.38499036,366.98276,119074.13,324.4679,111408.53,71057.898,68962.633,72955.703,71057.898,68962.633,72955.703,71057.898,68962.633,72955.703,70416.039,68746.68,72218.188,70416.039,68746.68,72218.188,70416.039,68746.68,72218.188,126.47,99.75,170.3,126.47,99.75,170.3,126.47,99.75,170.3,130.47,98.699997,163.35001,130.47,98.699997,163.35001,130.47,98.699997,163.35001,23058304,22500770,23786046,23058304,22500770,23786046,23058304,22500770,23786046,23040526,22489304,23632958,23040526,22489304,23632958,23040526,22489304,23632958,95019.203,58803.711,154562.95,95019.203,58803.711,154562.95,95019.203,58803.711,154562.95,101870.41,66311.398,144540.02,101870.41,66311.398,144540.02,101870.41,66311.398,144540.02,4560.5498,6089.4399,8598.1104,4560.5498,6089.4399,8598.1104,4560.5498,6089.4399,8598.1104,4622.4399,6343.7998,8198.2402,4622.4399,6343.7998,8198.2402,4622.4399,6343.7998,8198.2402,517.89001,776.09003,1192.98,517.89001,776.09003,1192.98,517.89001,776.09003,1192.98,560.13,822.66998,1123.38,560.13,822.66998,1123.38,560.13,822.66998,1123.38,1966.38,2537.9299,3485.5801,1966.38,2537.9299,3485.5801,1966.38,2537.9299,3485.5801,1961.1899,2628.78,3335.0901,1961.1899,2628.78,3335.0901,1961.1899,2628.78,3335.0901,162.96001,244.14999,375.25,162.96001,244.14999,375.25,162.96001,244.14999,375.25,176.23,258.79999,353.35999,176.23,258.79999,353.35999,176.23,258.79999,353.35999,403184.47,651516.25,1060467.4,403184.47,651516.25,1060467.4,403184.47,651516.25,1060467.4,454596.66,698548.81,991694.94,454596.66,698548.81,991694.94,454596.66,698548.81,991694.94,1.13,1.24,1.36,1.13,1.24,1.36,1.13,1.24,1.36,1.1900001,1.27,1.35,1.1900001,1.27,1.35,1.1900001,1.27,1.35,1.47,1.63,1.8,1.47,1.63,1.8,1.47,1.63,1.8,1.55,1.66,1.78,1.55,1.66,1.78,1.55,1.66,1.78,.13309941,.16963215,.11018164,.13309941,.16963215,.11018164,.13309941,.16963215,.11018164,.12807448,.14884318,.11301369,.12807448,.14884318,.11301369,.12807448,.14884318,.11301369,189.98169,68157.422,358.75784,45372.105,85397,85397,85397,136,136,136,3327526,3327526,3327526,23391,23391,23391,.58142018,.58142018,.58142018,167.9077,7854.3999,46.77808,6361.8188,,,,,,,,,,,,,,,,,,,,171.99265,38.965374,,,251.61462,334.95117,179.457,,219.79282,,751.31812,324.50021,751.31812,324.50021,751.31812,324.50021,171.99265,38.965374,,,1,,2.5246885,2.5246885,2.5246885,.92992646,.92992646,.92992646,1,,1,,3.6934636,2.6342583,3.2263494,4.062212,4.062212,4.062212,1,,1,,2.3872995,2.3872995,2.3872995,.83208895,.83208895,.83208895,1,,1,,20.521521,,,6.929564,6.929564,6.929564,1,
09Jul2021,Iran,146,85543,292,730,171086,427715,16596,3344122,33192,82980,6688244,16720610,2995195,14176,.87973005,263384,155.42262,17585.764,168.70255,6686.9453,39.637489,5787.0732,,,,,,,,,,,,,,,,,,,,,,,,21206.342,29114.025,15537.006,8870.96,12178.873,6499.3838,1802.8615,2606.8767,1208.3993,642.30133,921.66034,437.15616,344.04233,259.05756,437.92664,204212.27,203652.95,204710.19,344.04233,259.05756,437.92664,204212.27,203652.95,204710.19,144.00713,108.43472,183.30464,85477.914,85243.805,85686.328,144.00713,108.43472,183.30464,85477.914,85243.805,85686.328,148.21133,85228.438,53507.801,125362.52,68371128,79051488,58874904,344.04233,259.05756,437.92664,204212.27,203652.95,204710.19,344.04233,259.05756,437.92664,204212.27,203652.95,204710.19,,59160.547,37261.648,89128.07,,,,344.04233,259.05756,437.92664,204212.27,203652.95,204710.19,344.04233,259.05756,437.92664,204212.27,203652.95,204710.19,,74112.547,47782.086,110130.03,,,,.40812692,.30731207,.51949894,242.25076,241.58727,242.84143,.40812692,.30731207,.51949894,242.25076,241.58727,242.84143,.17083125,.1286328,.21744868,101.39983,101.12212,101.64707,.17083125,.1286328,.21744868,101.39983,101.12212,101.64707,,101.10389,63.474667,148.71373,.40367082,.48414913,.34932822,.58154017,.69523913,.49134535,.46421602,.54216462,.39764506,366.98276,119074.13,324.4679,111630.69,71187.141,69098.352,73081.844,71187.141,69098.352,73081.844,71187.141,69098.352,73081.844,70549.742,68890.547,72344.023,70549.742,68890.547,72344.023,70549.742,68890.547,72344.023,129.24001,100.6,176.46001,129.24001,100.6,176.46001,129.24001,100.6,176.46001,133.7,100.08,168.96001,133.7,100.08,168.96001,133.7,100.08,168.96001,23156696,22583422,23974660,23156696,22583422,23974660,23156696,22583422,23974660,23146282,22570536,23739966,23146282,22570536,23739966,23146282,22570536,23739966,98392.438,59853.129,162127.78,98392.438,59853.129,162127.78,98392.438,59853.129,162127.78,105757.06,68078.758,151517.95,105757.06,68078.758,151517.95,105757.06,68078.758,151517.95,4609.1099,6264.1499,8967.5303,4609.1099,6264.1499,8967.5303,4609.1099,6264.1499,8967.5303,4717.3599,6544.2002,8535.4805,4717.3599,6544.2002,8535.4805,4717.3599,6544.2002,8535.4805,526.09003,802.96002,1251.61,526.09003,802.96002,1251.61,526.09003,802.96002,1251.61,575,853.46002,1175.6,575,853.46002,1175.6,575,853.46002,1175.6,1987.5601,2600.8701,3622.3899,1987.5601,2600.8701,3622.3899,1987.5601,2600.8701,3622.3899,1993.71,2701.5801,3459.7,1993.71,2701.5801,3459.7,1993.71,2701.5801,3459.7,165.48,252.52,393.56,165.48,252.52,393.56,165.48,252.52,393.56,180.85001,268.39999,369.66,180.85001,268.39999,369.66,180.85001,268.39999,369.66,410291.22,674538.44,1112147.5,410291.22,674538.44,1112147.5,410291.22,674538.44,1112147.5,466644.09,725083.5,1039370.9,466644.09,725083.5,1039370.9,466644.09,725083.5,1039370.9,1.13,1.24,1.35,1.13,1.24,1.35,1.13,1.24,1.35,1.1900001,1.27,1.35,1.1900001,1.27,1.35,1.1900001,1.27,1.35,1.47,1.63,1.8,1.47,1.63,1.8,1.47,1.63,1.8,1.55,1.66,1.78,1.55,1.66,1.78,1.55,1.66,1.78,.13135156,.16807809,.10884008,.13135156,.16807809,.10884008,.13135156,.16807809,.10884008,.12642181,.14700621,.11151154,.12642181,.14700621,.11151154,.12642181,.14700621,.11151154,189.98169,68157.422,358.75784,46365.867,85543,85543,85543,146,146,146,3344122,3344122,3344122,16596,16596,16596,.87973005,.87973005,.87973005,167.9077,7854.3999,46.77808,6829.5996,,,,,,,,,,,,,,,,,,,,113.67123,39.092876,,,247.72661,334.80423,171.95717,,215.41695,,761.31561,325.29324,761.31561,325.29324,761.31561,325.29324,113.67123,39.092876,,,1,,2.3564544,2.3564544,2.3564544,.88520551,.88520551,.88520551,1,,1,,5.1354809,3.5647473,4.4656873,5.9286838,5.9286838,5.9286838,1,,1,,2.3872468,2.3872468,2.3872468,.83217961,.83217961,.83217961,1,,1,,20.445166,,,6.9245968,6.9245968,6.9245968,1,
10Jul2021,Iran,151,85694,302,755,171388,428470,11664,3355786,23328,58320,6711572,16778930,3010090,14895,1.2945817,260002,157.73215,18000.621,168.70255,6686.9453,39.637489,5985.2607,,,,,,,,,,,,,,,,,,,,,,,,21196.439,29361.012,15324.986,8878.2676,12298.053,6418.9712,1788.5203,2594.3057,1187.6487,638.05817,919.52863,429.78531,344.22614,255.09346,445.82867,204556.48,203909.08,205154.91,344.22614,255.09346,445.82867,204556.48,203909.08,205154.91,144.08406,106.77545,186.61223,85622,85351.008,85872.484,144.08406,106.77545,186.61223,85622,85351.008,85872.484,148.21133,84067.422,52848.109,124178.26,68455192,79175664,58927752,344.22614,255.09346,445.82867,204556.48,203909.08,205154.91,344.22614,255.09346,445.82867,204556.48,203909.08,205154.91,,56743.477,35837.043,86134.906,,,,344.22614,255.09346,445.82867,204556.48,203909.08,205154.91,344.22614,255.09346,445.82867,204556.48,203909.08,205154.91,,72776.586,47073.156,108592.35,,,,.40834495,.30260956,.52887297,242.6591,241.8911,243.369,.40834495,.30260956,.52887297,242.6591,241.8911,243.369,.17092252,.12666446,.22137238,101.57076,101.24929,101.8679,.17092252,.12666446,.22137238,101.57076,101.24929,101.8679,,99.726608,62.692097,147.30887,.40946436,.48269174,.35902312,.60663563,.71181506,.5175935,.47299021,.54190856,.41055256,366.98276,119074.13,324.4679,111690.33,71319.422,69237.742,73211.039,71319.422,69237.742,73211.039,71319.422,69237.742,73211.039,70686.969,69038.602,72472.273,70686.969,69038.602,72472.273,70686.969,69038.602,72472.273,132.28,101.59,183.14,132.28,101.59,183.14,132.28,101.59,183.14,137.23,101.61,175.03,137.23,101.61,175.03,137.23,101.61,175.03,23254434,22665498,24164446,23258564,22668962,24172914,23262698,22672428,24181384,23251560,22640174,23846112,23256052,22643046,23850722,23260546,22645920,23855570,97737.469,58646.531,162785.61,101867.5,60977.281,169986.19,106001.39,63310.699,177190.81,105278.09,67138.938,152055.31,109768.44,69886.813,158768.17,114262.95,72637.852,165485.55,4661.6802,6449.8101,9360.8096,4661.75,6449.9399,9361.0303,4661.8198,6450.0698,9361.25,4818.6001,6757.1299,8894.29,4818.6802,6757.27,8894.4902,4818.77,6757.4102,8894.6904,534.20001,830.28998,1312.01,534.53998,830.89001,1313.05,534.87,831.48999,1314.1,589.98999,884.87,1229.26,590.39001,885.53003,1230.22,590.78998,886.17999,1231.1801,2003.67,2668.3899,3768.75,2003.6899,2668.4299,3768.8201,2003.71,2668.47,3768.8899,2029,2779.5701,3592.99,2029.02,2779.6201,3593.05,2029.05,2779.6599,3593.1101,167.98,261.01999,412.41,168.08,261.20999,412.73999,168.19,261.39999,413.06,185.49001,278.17001,386.39999,185.62,278.38,386.70001,185.74001,278.57999,387,385162.75,640041.94,1064166.6,417954.28,698277.75,1165861.9,450832.75,756656.69,1267762.8,440283.38,689154.88,994131.69,478985.69,752493.25,1088935.5,517792.69,815987.38,1183944.9,.56999999,.62,.68000001,1.13,1.24,1.35,1.6900001,1.86,2.02,.60000002,.63,.67000002,1.1900001,1.26,1.35,1.78,1.89,2.02,.73000002,.81,.89999998,1.47,1.63,1.8,2.2,2.4400001,2.7,.77999997,.82999998,.88999999,1.55,1.66,1.78,2.3299999,2.49,2.6700001,.13534215,.17322423,.1125038,.12985496,.16660303,.10773817,.12479082,.1604626,.1033575,.13034999,.15134288,.11510943,.12501772,.14539224,.1102425,.12010016,.13988575,.10576754,189.98169,68157.422,358.75784,47456.488,85694,85694,85694,151,151,151,3355786,3355786,3355786,11664,11664,11664,1.2945817,1.2945817,1.2945817,167.9077,7854.3999,46.77808,7063.4902,,,,,,,,,,,,,,,,,,,,77.245033,39.160103,,,244.2215,334.65179,164.8436,,211.42087,,738.8681,326.06033,770.08997,326.11823,801.341,326.17621,77.245033,39.160103,,,1,,2.2796433,2.2796433,2.2796433,.87602651,.87602651,.87602651,1,,1,,7.2074265,4.8648386,6.2394195,8.3794127,8.7334967,9.0879107,1,,1,,2.3870573,2.3870573,2.3870573,.83225691,.83225691,.83225691,1,,1,,20.399153,,,6.9296536,6.9308844,6.932116,1,
11Jul2021,Iran,165,85859,330,825,171718,429295,17664,3373450,35328,88320,6746900,16867250,3025911,15821,.93410325,261680,159.31111,18226.17,168.70255,6686.9453,39.637489,6540.1855,,,,,,,,,,,,,,,,,,,,,,,,21167.121,29559.232,15108.675,8877.4219,12397.047,6336.5293,1773.0764,2578.073,1167.1544,633.30072,915.90741,421.52985,343.89444,250.98274,453.23602,204900.38,204160.94,205608.14,343.89444,250.98274,453.23602,204900.38,204160.94,205608.14,143.94522,105.05481,189.71275,85765.945,85456.43,86062.195,143.94522,105.05481,189.71275,85765.945,85456.43,86062.195,148.21133,82864.039,52248.242,123016.25,68538056,79298680,58980000,343.89444,250.98274,453.23602,204900.38,204160.94,205608.14,343.89444,250.98274,453.23602,204900.38,204160.94,205608.14,,54369.02,34461.598,83123.859,,,,343.89444,250.98274,453.23602,204900.38,204160.94,205608.14,343.89444,250.98274,453.23602,204900.38,204160.94,205608.14,,71418.883,46344.426,106978.16,,,,.40795147,.29773316,.53766006,243.06706,242.18988,243.90666,.40795147,.29773316,.53766006,243.06706,242.18988,243.90666,.17075782,.12462331,.22505043,101.74152,101.37435,102.09295,.17075782,.12462331,.22505043,101.74152,101.37435,102.09295,,98.299072,61.980492,145.93042,.41501048,.4803659,.36843589,.63251913,.72829688,.54525381,.48151752,.5415597,.42367157,366.98276,119074.13,324.4679,111582.7,71455.031,69381.102,73349.063,71455.031,69381.102,73349.07,71455.039,69381.102,73349.07,70828.008,69189.609,72603.133,70828.008,69189.617,72603.133,70828.008,69189.617,72603.141,135.60001,102.46,190.32001,135.61,102.46,190.33,135.62,102.47,190.33,141.03,103.31,181.57001,141.03999,103.31,181.57001,141.03999,103.31,181.58,23347072,22743270,24346302,23364008,22757474,24381172,23381084,22771800,24416306,23351528,22705866,23959968,23369956,22717620,23982274,23388538,22729474,24004758,92638.969,54939.941,155705.13,105444.94,62118.73,178139.59,118386.81,69371.648,200806.73,99967.961,63244.629,145380.33,113905.56,71735.82,166293.05,127992.32,80317.727,187427.16,4716.54,6643.6401,9773.5996,4718.25,6646.71,9778.9004,4719.9702,6649.79,9784.2197,4924.1699,6979.6201,9270.5596,4926.23,6982.96,9275.4902,4928.29,6986.3101,9280.4297,540.26001,853.02002,1365.36,544.19,859.90002,1377.37,548.13,866.78998,1389.42,601.70001,911.40002,1277.59,606.28998,918.88,1288.78,610.90997,926.37,1300,2021.11,2739.5901,3923.3401,2021.65,2740.55,3925.01,2022.1899,2741.51,3926.6799,2066.4299,2861.8301,3733.7,2067.0701,2862.8799,3735.25,2067.72,2863.9299,3736.8,169.81,268.07001,429.01999,171.03999,270.22,432.78,172.28,272.38,436.56,189.10001,286.39999,401.42001,190.53999,288.75,404.92999,191.99001,291.10001,408.45001,359983.88,604946.19,1014664.9,425729.22,722701.56,1221555.8,492707.72,842759.94,1432491.8,413681.22,652504.81,947500.19,491599.13,780745.5,1140345.4,571031.25,911518,1337014.4,.56999999,.62,.68000001,1.13,1.24,1.35,1.6900001,1.85,2.01,.60000002,.63,.67000002,1.1900001,1.26,1.34,1.78,1.89,2.01,.73000002,.81,.89999998,1.47,1.63,1.8,2.2,2.4400001,2.7,.77999997,.82999998,.88999999,1.55,1.66,1.78,2.3299999,2.49,2.6700001,.14637469,.18649456,.12223105,.12860741,.16494219,.10684317,.11455668,.14771165,.09478268,.14107519,.16334984,.12489311,.12382187,.14401452,.10918677,.11019411,.12862664,.096880309,189.98169,68157.422,358.75784,48651.152,85859,85859,85859,165,165,165,3373450,3373450,3373450,17664,17664,17664,.93410325,.93410325,.93410325,167.9077,7854.3999,46.77808,7718.3833,,,,,,,,,,,,,,,,,,,,107.05454,39.290581,,,240.95778,334.49454,158.09799,,207.67676,,683.17822,326.73798,777.56018,326.97498,872.93036,327.21393,107.05454,39.290581,,,1,,2.0842087,2.0842087,2.0842087,.82181823,.82187879,.82193935,1,,1,,4.6911254,3.0779562,4.0431886,5.2445068,5.9694824,6.7021518,1,,1,,2.3864753,2.3864753,2.3864753,.83223695,.83223695,.83223701,1,,1,,20.316902,,,6.9208293,6.9258499,6.9309115,1,
12Jul2021,Iran,182,86041,364,910,172082,430205,20829,3394279,41658,104145,6788558,16971396,3041541,15630,.87378174,266697,160.97803,18272.039,168.70255,6686.9453,39.637489,7214.0229,,,,,,,,,,,,,,,,,,,,,,,,21121.641,29714.096,14889.707,8869.7588,12478.048,6252.7388,1756.4994,2558.1943,1146.873,627.92584,910.66003,413.27274,343.20483,246.91206,458.17657,205243.58,204408.56,206068.31,343.20483,246.91206,458.17657,205243.58,204408.56,206068.31,143.65657,103.35093,191.78073,85909.602,85560.086,86254.813,143.65657,103.35093,191.78073,85909.602,85560.086,86254.813,148.21133,81615.906,51658.328,121733.52,68619672,79420416,59031660,343.20483,246.91206,458.17657,205243.58,204408.56,206068.31,343.20483,246.91206,458.17657,205243.58,204408.56,206068.31,,52053.93,33141.824,80126.281,,,,343.20483,246.91206,458.17657,205243.58,204408.56,206068.31,343.20483,246.91206,458.17657,205243.58,204408.56,206068.31,,70037.422,45519.316,105285.23,,,,.4071334,.29290423,.54352087,243.47418,242.48364,244.45255,.4071334,.29290423,.54352087,243.47418,242.48364,244.45255,.17041539,.12260205,.22750361,101.91193,101.49731,102.32144,.17041539,.12260205,.22750361,101.91193,101.49731,102.32144,,96.818451,61.280697,144.40875,.4205122,.47797146,.37637666,.65932548,.74501652,.57181811,.49003065,.54243362,.43517649,366.98276,119074.13,324.4679,111358.95,71595.117,69528.688,73535.359,71595.219,69528.727,73535.422,71595.32,69528.758,73535.469,70973.109,69337.492,72736.813,70973.141,69337.523,72736.844,70973.18,69337.563,72736.859,140.10001,103.28,197.99001,140.19,103.3,198.03999,140.28,103.32,198.10001,145.10001,105.14,188.55,145.13,105.16,188.59,145.17,105.18,188.64,23433398,22815662,24517612,23473132,22844666,24599800,23513790,22873458,24683880,23444852,22766792,24072558,23488124,22794310,24124952,23532412,22822464,24180140,86324.469,50598.77,146412.05,109122.9,63276.172,186584.39,132706.05,76367.32,228161.45,93322.781,58570.32,136647.58,118166.74,73624.539,174090.47,143874.59,89188.531,212855.27,4768.5098,6836.5698,10195.2,4778.3701,6854.3101,10226.25,4788.2798,6872.1602,10257.49,5027.9302,7201.8799,9650.0303,5039.79,7221.1699,9678.5801,5051.7202,7240.5898,9707.3096,539.83002,864.76001,1400.37,553.75,889.90997,1444.46,567.81,915.34003,1489.04,605.41998,926.06,1309.54,622.08002,953.42999,1350.62,638.92999,981.10999,1392.17,2038.24,2810.6799,4081.4099,2041.34,2816.2,4091.0801,2044.46,2821.76,4100.8101,2104.05,2945.29,3877.3899,2107.78,2951.3601,3886.3899,2111.54,2957.48,3895.4399,169.62,271.66,439.85999,173.99001,279.54001,453.69,178.39,287.51001,467.66,190.2,290.91,411.32001,195.42999,299.48999,424.20001,200.71001,308.16,437.22,335356.28,570150,964974.25,433614.34,747808.5,1279225,536919.56,935114.5,1610903.1,387497.13,616083.5,900728.5,504484.44,809842.19,1193605.4,627701.88,1014229.4,1502848.9,.56999999,.62,.67000002,1.13,1.24,1.34,1.6900001,1.85,2,.60000002,.63,.67000002,1.1900001,1.26,1.34,1.78,1.88,2,.73000002,.81,.89999998,1.47,1.63,1.8,2.2,2.4400001,2.7,.77999997,.82999998,.88999999,1.55,1.66,1.78,2.3299999,2.49,2.6700001,.16229467,.20411563,.13522795,.12846982,.16325261,.10613964,.10570732,.13529347,.086824484,.15548187,.17951071,.1379827,.12281798,.14283282,.10832873,.10090037,.11792996,.088623598,189.98169,68157.422,358.75784,50294.262,86021,86046,86075,162,187,216,3387750.9,3393423,3399963.85,14300.9,19973,26513.85,.93626398,1.1327958,.81466854,167.9077,7854.3999,46.77808,8747.501,,,,,,,,,,,,,,,,,,,,114.44505,39.449554,,,237.80524,334.33286,151.67015,,204.06886,,616.16321,327.30441,778.39288,327.85895,946.0083,328.42636,106.80749,39.437313,,,1,,1.8857409,1.8857409,1.8857409,.76978028,.77027476,.77076924,1.0274725,,1,,3.9183786,2.4991086,3.3624957,4.1444364,5.2389889,6.3712153,.95890343,,1,,2.385416,2.385416,2.385416,.83210468,.83210582,.83210701,1.0000581,,1,,20.216274,,,6.9037924,6.9154987,6.9274769,.99974781,
13Jul2021,Iran,166,86207,332,830,172414,431035,22750,3417029,45500,113750,6834058,17085144,3056160,14619,.72967035,274662,162.41905,18282.67,168.70255,6686.9453,39.637489,6579.8232,,,,,,,,,,,,,,,,,,,,,,,,21060.467,29814.877,14683.107,8855.4463,12536.476,6173.9121,1739.6434,2535.9802,1125.33,622.36047,904.42255,405.28714,342.20352,242.92221,461.97516,205585.78,204652,206534.89,342.20352,242.92221,461.97516,205585.78,204652,206534.89,143.23746,101.68089,193.37073,86052.836,85661.977,86450.109,143.23746,101.68089,193.37073,86052.836,85661.977,86450.109,148.21133,80347.781,51091.367,120367.4,68700024,79540776,59082752,342.20352,242.92221,461.97516,205585.78,204652,206534.89,342.20352,242.92221,461.97516,205585.78,204652,206534.89,,49822.227,31889.334,77186.703,,,,342.20352,242.92221,461.97516,205585.78,204652,206534.89,342.20352,242.92221,461.97516,205585.78,204652,206534.89,,68653.57,44717.281,103547.1,,,,.40594557,.2881712,.54802698,243.88014,242.7724,245.00603,.40594557,.2881712,.54802698,243.88014,242.7724,245.00603,.16991821,.12062093,.22938977,102.08185,101.61818,102.55312,.16991821,.12062093,.22938977,102.08185,101.61818,102.55312,,95.31411,60.608128,142.78816,.4259029,.47546625,.38380423,.68684912,.76176631,.59851652,.49844971,.54324013,.44614977,366.98276,119074.13,324.4679,111034.05,71740.461,69680.711,73730.008,71740.961,69680.922,73730.328,71741.461,69681.133,73730.648,71122.461,69489.852,72873.398,71122.656,69490.063,72873.57,71122.867,69490.273,72873.742,145.33,104.15,206.02,145.74001,104.24,206.28999,146.14,104.33,206.56,149.35001,107.06,195.85001,149.52,107.16,196.10001,149.69,107.27,196.35001,23513518,22873864,24678400,23586032,22925120,24829150,23661908,22978748,24986960,23531632,22823062,24177362,23610674,22873162,24301948,23693424,22925558,24433308,80121.617,46393.648,137168.98,112900.36,64448.969,195317.52,148118.13,83772.563,257897.69,86779.594,54012.859,127968.25,122551.25,75552.492,182159.06,161011.83,98660.813,240507.69,4810.1802,7015.29,10603.04,4841.8398,7072.5298,10703.5,4873.9399,7130.6299,10805.5,5120.9399,7409.4502,10011.45,5159.1299,7471.75,10103.8,5197.8999,7535.0098,10197.56,530.53003,862.81,1412.0699,562.60999,920.89001,1514.3,595.78998,980.47998,1619.23,599.82001,925.90997,1319.77,638.19,989.16998,1415,677.54999,1054.08,1512.78,2052.6599,2876.8601,4235.7202,2062.6699,2894.6399,4267.1299,2072.8101,2912.6899,4299.0098,2139,3025.3301,4017.3401,2151.0701,3045.02,4046.52,2163.3201,3065.01,4076.1499,166.64,270.95999,443.39999,176.69,289.16,475.44,187.09,307.84,508.32999,188.38,290.76999,414.39999,200.41,310.59,444.25,212.75,330.94,474.89999,311760.94,536388.5,916204.69,441607.66,773595.63,1338856.3,584336.38,1035698.9,1806950.8,362263.56,580670.5,854858.38,517641.25,839783.31,1248713.1,688979.44,1126358.8,1685171.9,.56999999,.62,.67000002,1.13,1.23,1.34,1.6900001,1.84,1.99,.60000002,.63,.67000002,1.1900001,1.26,1.33,1.77,1.87,1.99,.73000002,.81,.89999998,1.47,1.63,1.8,2.2,2.4400001,2.7,.77999997,.82999998,.88999999,1.55,1.66,1.78,2.3299999,2.49,2.6700001,.18138675,.22449194,.1501943,.12908728,.16174036,.10561776,.098664492,.12453958,.080093779,.17210267,.19821206,.15304577,.1220061,.14183517,.10765317,.09296833,.10872604,.081639804,189.98169,68157.422,358.75784,52285.371,86185,86228,86276,157,181,211,3402394.325,3413879,3426969.7,14600.925,20422,27061.4,.88629907,1.0752743,.77970839,167.9077,7854.3999,46.77808,8466.832,3417029,86207,86207,86207,3417029,3417029,,,,,,,,,,319.81189,25288.08,79.071732,,137.04819,39.637489,,,234.7953,334.16721,145.59238,,200.62204,,551.30817,327.75812,774.66968,328.7666,1013.5358,329.82193,112.82873,39.591305,,39.637489,1,,2.0614669,2.0614669,2.0614669,.87548196,.87795186,.88036144,1.0903615,,1,,3.5317707,2.1899879,3.0177393,3.5218294,4.9626532,6.5106869,.89767033,,1,,2.3847921,2.3847921,2.3847921,.83218837,.83219415,.83219993,1.0002435,1,1,,20.105192,,,6.8812757,6.9024968,6.9247022,.99907815,1
14Jul2021,Iran,,,,,,,,,,,,,,,,,,,,,,,85911,85911,85911,,,,3352907,3352907,3352907,,,,208952,8760,1548,51407,,,,76.440857,5535.8604,,,20989.48,29878.115,14479.513,8836.9365,12579.207,6096.127,1722.6809,2511.7539,1104.2325,616.59467,897.20276,397.54874,341.33456,239.03737,465.62967,205927.13,204891.58,207008.02,341.33456,239.03737,465.62967,205927.13,204891.58,207008.02,142.87372,100.05479,194.90041,86195.711,85762.258,86648.141,142.87372,100.05479,194.90041,86195.711,85762.258,86648.141,148.21133,79061.773,50494.48,118921.79,68779080,79659704,59133244,341.33456,239.03737,465.62967,205927.13,204891.58,207008.02,341.33456,239.03737,465.62967,205927.13,204891.58,207008.02,,47676.766,30669.164,74317.102,,,,333.26868,233.42268,454.09842,205919.06,204885.89,206995.84,333.26868,233.42268,454.09842,205919.06,204885.89,206995.84,,67268.977,43882.746,101767.8,,,,.40491474,.28356272,.55236226,244.28505,243.05661,245.56728,.40491474,.28356272,.55236226,244.28505,243.05661,245.56728,.16948673,.11869194,.23120441,102.25134,101.73714,102.78804,.16948673,.11869194,.23120441,102.25134,101.73714,102.78804,,93.788567,59.900059,141.07327,.43173149,.47339305,.39154276,.71593481,.77940619,.62654442,.49542701,.53192359,.44621032,366.98276,119074.13,324.4679,110752.11,71890.359,69837.203,73943.25,71891.969,69837.977,73944.461,71893.656,69838.773,73947.703,71276.094,69646.742,73012.922,71276.852,69647.531,73013.539,71277.633,69648.328,73014.18,149.91,104.99,214.19,151.02,105.28,215.09,152.2,105.57,218.00999,153.63,108.97,203.27,154.19,109.31,204.10001,154.75999,109.66,204.94,23587970,22926936,24829528,23702808,23007960,25069570,23826520,23095212,25328460,23612426,22875086,24302946,23737734,22954224,24502442,23872830,23039392,24717678,74451.797,42570.328,128688.8,116776.62,65636.758,204335.45,164611.47,91542.922,290068,80794.008,49857.93,120007.67,127058.65,77519.531,190497.23,179404.73,108705.82,270441.09,4834.25,7166.4199,10969.04,4908.4102,7301.1499,11206.26,4984.5498,7439.75,11450.45,5194.29,7587.7798,10333.19,5284.0298,7734.54,10551.13,5376.29,7885.5601,10775.48,514.66998,847.96997,1401.49,572.77002,952.82001,1586.86,633.54999,1062.8199,1781.59,585.63,911.75,1309.22,654.69,1026.0601,1481.9,727.06,1146.04,1663.36,2061.99,2934.49,4380.7598,2085.53,2976.3501,4456.0298,2109.6899,3019.3601,4531.4902,2168.3799,3097.25,4146.5498,2196.8601,3143.8301,4215.7002,2226.1399,3191.74,4286.8799,161.61,266.22,439.94,179.82001,299.07999,498.04999,198.87,333.56,559.08002,183.87,286.23001,410.95999,205.52,322.06,465.09,228.2,359.67001,521.96002,289476.84,504108.13,869051.75,449707.59,800059.31,1400425.6,635592.94,1145992.4,2023544.3,338296.22,546741.13,810540.69,531069.25,870566.63,1305658.3,755744.25,1249588.9,1886765.4,.56999999,.62,.67000002,1.13,1.23,1.33,1.6799999,1.83,1.97,.60000002,.63,.67000002,1.1799999,1.25,1.33,1.77,1.87,1.97,.73000002,.81,.89999998,1.47,1.63,1.8,2.2,2.4400001,2.7,.77999997,.82999998,.88999999,1.55,1.66,1.78,2.3299999,2.49,2.6700001,.20135176,.24662718,.16644029,.12932384,.16039793,.10526318,.092460141,.11532295,.075158238,.19015025,.21856102,.16938084,.12135341,.14100963,.10714067,.086263046,.10087777,.075779907,189.98169,68157.422,358.75784,54179.609,86355,86415,86489,162,188,218,3416948.95,3434161.5,3453839.2,14355.6,20323,27098.075,.92506027,1.1284795,.8044852,167.9077,7854.3999,46.77808,8794.2793,3433841,86362,86350,86362,3432819,3429030,155,143,155,15790,12001,16812,.98163396,1.1915674,.92196053,319.81189,25288.08,79.071732,12256.118,,,,39.027679,231.62546,333.99719,139.67752,,201.84608,,496.64328,328.11035,773.25262,329.70035,1081.5471,331.41339,108.10107,39.740341,101.87096,39.749184,,,,,,,,,,,,,,,,,,,,,,,,,,,,,,,,,,,,,,,,
15Jul2021,Iran,,,,,,,,,,,,,,,,,,,,,,,86089,85955,86223,178,44,312,3371605,3352907,3457540,18698,0,104633,213173,8910,1579,51968,.9519735,,.29818508,76.440857,5535.8604,31.10034,5535.8604,20910.982,29905.268,14278.181,8815.1846,12606.794,6019.0762,1704.3828,2483.7959,1083.2786,610.40753,888.70453,389.91293,340.63626,235.52446,469.18613,206267.77,205127.69,207487.84,340.63626,235.52446,469.18613,206267.77,205127.69,207487.84,142.58144,98.584381,196.38905,86338.289,85861.086,86848.984,142.58144,98.584381,196.38905,86338.289,85861.086,86848.984,148.21133,77760.5,49713.195,117401.41,68856848,79777104,59182960,340.63626,235.52446,469.18613,206267.77,205127.69,207487.84,340.63626,235.52446,469.18613,206267.77,205127.69,207487.84,,45617.648,29402.924,71524.18,,,,324.01578,224.07751,445.25745,206243.08,205110.41,207450.28,324.01578,224.07751,445.25745,206243.08,205110.41,207450.28,,65885.664,43049.449,99951.906,,,,.40408638,.27939546,.55658114,244.68913,243.33672,246.13647,.40408638,.27939546,.55658114,244.68913,243.33672,246.13647,.16914,.11694764,.23297033,102.42047,101.85439,103.02629,.16914,.11694764,.23297033,102.42047,101.85439,103.02629,,92.244904,58.973244,139.2697,.43805823,.47376648,.39964268,.74672031,.80102396,.65598255,.49178496,.52051193,.4454717,366.98276,119074.13,324.4679,110525.53,72044.008,69997.977,74164.344,72048.406,70000.203,74182.477,72053.594,70002.461,74226.242,71433.852,69808,73165.602,71436,69810.227,73167.703,71438.211,69812.508,73169.852,153.64999,105.71,222.19,156.44,106.41,239.14999,159.92999,107.13,279.72,157.75999,110.76,210.50999,159.14999,111.61,212.58,160.58,112.48,214.71001,23657332,22976186,24971946,23823560,23093242,25321390,24008940,23223704,25646592,23687840,22923300,24421760,23869422,23037544,24711812,24072148,23164760,25035998,69360.242,39153.969,121047.93,120750.83,66839.391,213633.34,182420.31,99783.109,325120.03,75415.078,46135.781,112837.13,131688.31,79525.602,199102.44,199318.88,119465.92,303085.66,4835.1699,7279.4102,11274.18,4977.8301,7539.9702,11734.5,5126.77,7812.9102,12217.13,5241.1001,7725.3301,10597.85,5414.27,8009.3901,11020.57,5595.5,8307.0898,11463.93,493.48001,822.84003,1372.79,583.09003,985.69,1662.14,679.51001,1161.75,1975.6899,564.69,886.39001,1281.83,671.57001,1064.11,1551.34,786.89001,1256.4,1843.51,2064.3301,2980.6899,4509.8799,2109.8401,3061.4099,4642.04,2157.3301,3145.3201,4755.9199,2189.8401,3157.1399,4259.1602,2245.0801,3247.74,4393.98,2302.8601,3342.6499,4535.3101,154.91,258.26001,430.82001,182.99001,309.29001,521.5,213.21001,364.45999,619.76001,177.24001,278.19,402.26001,210.74001,333.89001,486.70999,246.88,394.14999,578.27002,268617.09,473515.94,823865.63,457912.66,827193.44,1463883.3,691157.38,1267115.5,2262775.3,315732.09,514519.28,768101.19,544767.88,902187.25,1364421.1,828669.13,1385207.9,2109725.8,.56999999,.62,.67000002,1.13,1.23,1.33,1.6799999,1.83,1.96,.58999997,.63,.67000002,1.1799999,1.25,1.33,1.76,1.86,1.96,.73000002,.81,.89999998,1.47,1.63,1.8,2.2,2.4400001,2.7,.77999997,.82999998,.88999999,1.55,1.66,1.78,2.3299999,2.49,2.6700001,.2215246,.26998541,.18355539,.12955604,.15920253,.11194413,.087671153,.10736286,.086035915,.20918892,.24007396,.18656091,.12085354,.14034474,.10676916,.080564372,.094152376,.070841365,189.98169,68157.422,358.75784,56124.078,86529,86609,86711,162.97501,193,231,3434982,3459940.5,3487683.975,17057.9,25896.5,33768.05,.74527448,.95542246,.68407857,167.9077,7854.3999,46.77808,9028.1699,3450937,86519,86495,86521,3448817,3441101,157,145,159,15998,12071,17096,.98137265,1.2012261,.93004209,319.81189,25288.08,79.071732,12414.262,,,105.04494,39.164181,228.28017,333.82263,133.91895,,203.34091,,451.41714,328.37335,771.8667,330.66046,1140.626,333.20947,134.17876,39.948971,101.89809,39.861961,,,,,,,,,,,,,,,,,,,,,,,,,,,,,,,,,,,,,,,,
16Jul2021,Iran,,,,,,,,,,,,,,,,,,,,,,,86269,86080,86458,180,125,235,3390461,3352907,3511991,18856,0,54451,217272,9058,1610,52534,.95460331,,.43158069,76.440857,5535.8604,30.75478,5535.8604,20818.309,29889.73,14073.854,8787.3633,12616.391,5940.5439,1684.6599,2452.0676,1066.2723,603.91309,879.12347,382.44882,339.64374,231.30882,472.14676,206607.41,205360.3,207973.78,339.64374,231.30882,472.14676,206607.41,205360.3,207973.78,142.16599,96.819824,197.62828,86480.461,85958.453,87052.383,142.16599,96.819824,197.62828,86480.461,85958.453,87052.383,148.21133,76467.781,48960.902,115843.17,68933312,79892944,59231920,339.64374,231.30882,472.14676,206607.41,205360.3,207973.78,339.64374,231.30882,472.14676,206607.41,205360.3,207973.78,,43655.484,28205.342,68830.305,,,,321.77701,219.87038,446.87064,206564.84,205330.75,207908.58,321.77701,219.87038,446.87064,206564.84,205330.75,207908.58,,64523.621,41925.34,98131.188,,,,.40290898,.27439457,.56009328,245.09204,243.61264,246.71294,.40290898,.27439457,.56009328,245.09204,243.61264,246.71294,.16864717,.1148544,.23444039,102.58912,101.96988,103.26759,.16864717,.1148544,.23444039,102.58912,101.96988,103.26759,,90.711388,58.080822,137.4212,.4441658,.47243577,.40757409,.7780093,.82008868,.68595767,.49869645,.52443314,.45538086,366.98276,119074.13,324.4679,110203.49,72200.797,70162.688,74397.992,72211.453,70167.859,74489.523,72223.242,70173.211,74611.18,71595.359,69973.242,73345.43,71600.391,69978.453,73352.141,71605.602,69983.844,73359.078,156.78999,106.18,235.07001,163.03,107.63,308.57001,169.64999,109.13,386.57001,161.50999,112.28,217.28,164.39,114.04,221.57001,167.39,115.87,226.03999,23722102,23021998,25106458,23948382,23181024,25541188,24210736,23365260,26002112,23758400,22968094,24533666,24005860,23123170,24930308,24293184,23302628,25391444,64770.23,36096.141,114121.55,124821.9,68056.711,223204.56,201795.59,108613.47,363503.56,70560.633,42792.469,106339.66,136439.28,81570.711,207970.55,221036.84,131100.3,338879.38,4809.79,7347.6899,11506.01,5049.8901,7788.79,12287.68,5305.9399,8261.5498,13126.75,5257.1802,7814.8398,10794.14,5549.6602,8296.1396,11512.08,5862.6899,8812.4004,12293.66,468.57001,790.54999,1331.0601,593.56,1019.5,1740.13,732.91998,1276.48,2200.8101,539.15002,853.15002,1242.3101,688.81,1103.3101,1623.29,856.32001,1384.42,2052.6001,2058.45,3013.29,4611.73,2135.5,3148.8799,4779.71,2217.6001,3293.54,4936.7202,2201.8101,3202.3301,4351.1001,2295.6499,3356.73,4581.3799,2396,3522.2,4828.4702,147.05,248.05,417.62,186.22,319.79999,545.79999,229.88,400.32001,690.14001,169.17999,267.69,389.75,216.08,346.07999,509.13,268.56,434.16,643.64001,249187.7,444663.03,780766.13,466221.16,854988.5,1529136.8,751411.88,1399997,2526268.5,294592.63,484065.44,727653.63,558736.5,934637.56,1424972,908324.19,1534294,2355745.3,.56999999,.62,.67000002,1.13,1.23,1.3200001,1.6799999,1.8200001,1.9400001,.58999997,.63,.67000002,1.1799999,1.25,1.3200001,1.75,1.85,1.9400001,.73000002,.81,.89999998,1.47,1.63,1.8,2.2,2.4400001,2.7,.77999997,.82999998,.88999999,1.55,1.66,1.78,2.3299999,2.49,2.6700001,.24207108,.29415888,.20598215,.13061009,.15814751,.13824539,.084070221,.10047556,.10634559,.22889534,.26238263,.20432641,.12048583,.13980508,.10653913,.07572946,.088382713,.066702202,189.98169,68157.422,358.75784,58488.289,86698,86792,86912,158,183,216,3449895.425,3481707,3516255.925,14886.975,21605,28747.175,.84702617,1.0613304,.75137818,167.9077,7854.3999,46.77808,8560.3887,3468324,86681,86642,86683,3465026,3453241,162,147,162,16209,12140,17387,.99944472,1.2108731,.93173063,319.81189,25288.08,79.071732,12809.62,,,104.75555,39.301037,225.14114,333.64395,128.53316,,200.52278,,413.10181,328.55734,765.63763,331.64243,1189.4819,335.22086,118.06011,40.115528,100.05556,39.974457,,,,,,,,,,,,,,,,,,,,,,,,,,,,,,,,,,,,,,,,
17Jul2021,Iran,,,,,,,,,,,,,,,,,,,,,,,86452,86221,86683,183,141,225,3409380,3352907,3558223,18919,0,46232,221159,9201,1639,53101,.96728158,,.48667589,76.440857,5535.8604,30.250603,5535.8604,20711.793,29831.824,13870.734,8753.5918,12608.063,5862.3003,1663.0248,2416.738,1049.2551,597.25403,868.69885,375.22827,338.03583,226.84386,474.54312,206945.44,205588.7,208464.73,338.03583,226.84386,474.54312,206945.44,205588.7,208464.73,141.49297,94.950905,198.63135,86621.953,86054.055,87257.891,141.49297,94.950905,198.63135,86621.953,86054.055,87257.891,148.21133,75191.602,48241.367,114260.11,69008504,80007208,59280160,338.03583,226.84386,474.54312,206945.44,205588.7,208464.73,338.03583,226.84386,474.54312,206945.44,205588.7,208464.73,,41790.063,27057.998,66240.078,,,,318.51395,215.07841,446.67419,206883.36,205546.27,208368.94,318.51395,215.07841,446.67419,206883.36,205546.27,208368.94,,63189.113,40812.961,96316.523,,,,.40100157,.26909792,.56293601,245.49304,243.88359,247.29533,.40100157,.26909792,.56293601,245.49304,243.88359,247.29533,.16784877,.11263736,.23563029,102.75697,102.0833,103.51136,.16784877,.11263736,.23563029,102.75697,102.0833,103.51136,,89.197495,57.227257,135.54327,.44956595,.47022685,.41531828,.80889046,.83836156,.71639878,.50406462,.52698559,.46375656,366.98276,119074.13,324.4679,109681.77,72360.43,70330.758,74660.281,72381.094,70341.273,74860.461,72403.469,70352.313,75019.938,71760.063,70141.898,73551.961,71770.297,70152.492,73565.609,71781.039,70163.602,73579.938,159.64,106.33,264.04001,169.64999,108.93,372.89001,180.23,111.68,481.10999,164.71001,113.44,223.28999,169.91,116.6,231.05,175.44,119.96,239.31,23782690,23064688,25233696,24077370,23271366,25768458,24433680,23514602,26402136,23824532,23009780,24639232,24147172,23211150,25158172,24537978,23454104,25796756,60587.801,33336.672,107759.94,128988.35,69288.539,233040.59,222944.25,118133.49,405567.28,66130.367,39761.371,100374.95,141310.19,83654.797,217096.13,244793.14,143743.06,378172.13,4757.23,7368.5898,11658.44,5124.3701,8047.4102,12864.99,5539.27,8795.3301,14197.65,5241.04,7853.2402,10918.33,5690.0098,8594.6699,12044.68,6181.2998,9412.4502,13290.15,441.60999,753.88,1280.91,604.17999,1054.23,1820.8,793.21997,1406.5601,2456.77,510.95001,815.04999,1195,706.41998,1143.66,1697.77,934.89001,1529.72,2290.51,2043.83,3030.8,4666.9902,2162.4299,3238.97,4875.52,2292.02,3467.8999,5096.75,2203.52,3231.3899,4420.02,2348.5,3470.76,4777.9302,2507.71,3734.4199,5173.1299,138.55,236.49001,401.78,189.49001,330.59,570.94,248.72,440.97,770.17999,160.28999,255.67,374.82001,221.53999,358.63,532.34003,293.10999,479.57999,718.03003,231135.83,417513.94,739735.88,474631.41,883433.63,1596130.4,816707.06,1545478,2815396,274835.66,455349.53,689194.06,572974,967907,1487271,995245.5,1697828,2626269.3,.56999999,.62,.67000002,1.12,1.22,1.3200001,1.67,1.8099999,1.92,.58999997,.63,.67000002,1.1799999,1.25,1.3200001,1.75,1.84,1.92,.73000002,.81,.89999998,1.47,1.63,1.8,2.2,2.4400001,2.7,.77999997,.82999998,.88999999,1.55,1.66,1.78,2.3299999,2.49,2.6700001,.26348537,.31895807,.24502613,.1315235,.15721215,.16001076,.080840833,.094537117,.11862643,.24906865,.28530204,.22245589,.12023903,.13938232,.10642751,.071668677,.08345446,.063280709,189.98169,68157.422,358.75784,60863.266,86858,86968,87118,150,177,212,3459169.125,3495711,3535847.525,8848.950000000001,14062.5,19965.075,1.2586666,1.6951164,1.0618542,167.9077,7854.3999,46.77808,8279.7197,3486010,86846,86789,86850,3481453,3465450,165,147,167,16427,12209,17686,1.0044439,1.2040298,.94424969,319.81189,25288.08,79.071732,13046.836,,,103.38251,39.43668,222.43678,333.46231,123.62614,,198.38727,,379.52768,328.66983,760.32037,332.64722,1236.9985,337.46561,79.44915,40.19537,99.557579,40.087662,,,,,,,,,,,,,,,,,,,,,,,,,,,,,,,,,,,,,,,,
18Jul2021,Iran,,,,,,,,,,,,,,,,,,,,,,,86637,86370,86904,185,149,221,3428297,3352907,3600166,18917,0,41943,224779,9337,1666,53669,.97795635,,.52690554,76.440857,5535.8604,29.923569,5535.8604,20591.846,29732.309,13669.068,8714.0215,12582.066,5784.4526,1640.5748,2394.4229,1032.6124,590.22015,857.15546,369.34857,336.28842,222.5273,476.37039,207281.73,205813.61,208960.28,336.28842,222.5273,476.37039,207281.73,205813.61,208960.28,140.76154,93.144104,199.39619,86762.711,86148.195,87465.305,140.76154,93.144104,199.39619,86762.711,86148.195,87465.305,148.21133,73901.664,47492.188,112607.02,69082408,80119816,59327652,336.28842,222.5273,476.37039,207281.73,205813.61,208960.28,336.28842,222.5273,476.37039,207281.73,205813.61,208960.28,,39999.758,25726.02,63723.359,,,,314.89191,209.82874,445.56924,207198.25,205756.83,208830.52,314.89191,209.82874,445.56924,207198.25,205756.83,208830.52,,61854.961,39716.012,94467.555,,,,.39892864,.26397732,.56510365,245.89198,244.15039,247.88318,.39892864,.26397732,.56510365,245.89198,244.15039,247.88318,.1669811,.11049401,.23653761,102.92395,102.19497,103.75742,.1669811,.11049401,.23653761,102.92395,102.19497,103.75742,,87.667282,56.338531,133.58226,.4550485,.4685556,.42303792,.84072614,.86498922,.74756008,.50908107,.52832276,.47166377,366.98276,119074.13,324.4679,109114.8,72521.906,70501.453,74940.641,72557.023,70520.703,75174.906,72595.492,70541.258,75260.344,71927.258,70313.242,73762.594,71946,70332.633,73787.609,71966.008,70353.352,73814.344,161.48,106.08,282.44,175.92,110.3,416.31,192.00999,114.87,563.84998,167.2,114.14,228.3,175.7,119.3,241.02,184.97,124.89,254.89999,23839426,23104514,25350306,24210618,23364324,26006482,24679710,23708850,26847184,23886574,23048618,24738910,24293470,23301534,25395636,24808752,23620420,26269288,56736.43,30824.609,101845.17,133248.25,70534.672,243130.66,246029.58,128421.02,451556.72,62043.16,36986.98,94832.352,146299.06,85777.711,226471.81,270774.56,157503.63,421225,4678.4502,7342.6499,11730.73,5218.1099,8315.6602,13465.76,5807.1001,9422.5498,15446.38,5193.3501,7840.9302,10980.86,5831.4902,8904.8398,12602.66,6552.3701,10116.77,14455.98,413.94,715.04999,1226.02,614.95001,1089.88,1904.14,860.13,1552.02,2744.0701,481.60999,774.47998,1143.3199,724.39001,1185.14,1774.76,1022.46,1692.42,2557.8,2020.51,3033.25,4684.4502,2190.55,3332.24,4951.8101,2381.8501,3671.8201,5258.5298,2194.8501,3243.8999,4465.1099,2403.5801,3589.8,4985.75,2639.9099,3982.95,5586.7598,129.84,224.25,384.47,192.81,341.67999,596.90997,269.62,486.44,860.01001,151.05,242.88,358.51999,227.11,371.53,556.33002,320.47,530.42999,801.59998,214381.94,391993.63,700724,483141.66,912515.19,1664809.8,887391.38,1704352.6,3131248.8,256389.52,428299.13,652662.25,587478.81,1001981.1,1551265.9,1089970.4,1876737.8,2922531.8,.56999999,.62,.67000002,1.12,1.22,1.3099999,1.67,1.8,1.9,.58999997,.63,.67000002,1.1799999,1.24,1.3099999,1.74,1.8200001,1.9,.73000002,.81,.89999998,1.47,1.63,1.8,2.2,2.4400001,2.7,.77999997,.82999998,.88999999,1.55,1.66,1.78,2.3299999,2.49,2.6700001,.28461429,.34414062,.27732292,.13202424,.156377,.17122892,.078043461,.089447975,.12486803,.26948982,.30859506,.24074063,.12009646,.13908042,.10642384,.068311438,.079293415,.060513977,189.98169,68157.422,358.75784,63112.68,87046,87176,87346,173,209,244,3473926.625,3517550,3565229.35,14148.725,22012.5,29824.2,.94946051,1.222725,.81812757,167.9077,7854.3999,46.77808,9776.6191,3504010,87015,86938,87021,3498102,3477726,169,149,171,16649,12276,18000,1.0150759,1.2137504,.94999999,319.81189,25288.08,79.071732,13363.123,,,102.25405,39.57082,219.75679,333.27783,118.94479,,196.43236,,351.35269,328.72034,757.43665,333.67712,1281.3374,339.96201,105.32297,40.349983,98.514793,40.201138,,,,,,,,,,,,,,,,,,,,,,,,,,,,,,,,,,,,,,,,
19Jul2021,Iran,,,,,,,,,,,,,,,,,,,,,,,86824,86525,87123,187,155,219,3447166,3352907,3639322,18869,0,39156,228107,9466,1691,54235,.99104351,,.55930126,76.440857,5535.8604,29.603531,5535.8604,20458.703,29591.895,13468.896,8668.7305,12538.633,5707.0205,1617.231,2369.885,1016.2456,582.81232,847.16882,363.75513,334.45224,218.38441,477.69818,207616.19,206035.17,209460.02,334.45224,218.38441,477.69818,207616.19,206035.17,209460.02,139.99297,91.410004,199.95197,86902.703,86240.938,87674.492,139.99297,91.410004,199.95197,86902.703,86240.938,87674.492,148.21133,72598.555,46749.121,110895.13,69155000,80230712,59374404,334.45224,218.38441,477.69818,207616.19,206035.17,209460.02,334.45224,218.38441,477.69818,207616.19,206035.17,209460.02,,38280.121,24388.801,61276.699,,,,311.08932,204.71681,443.64197,207509.34,205962.88,209292.69,311.08932,204.71681,443.64197,207509.34,205962.88,209292.69,,60519.848,38633.004,92583.633,,,,.39675048,.25906277,.56667876,246.28873,244.41322,248.47603,.39675048,.25906277,.56667876,246.28873,244.41322,248.47603,.16606937,.1084369,.23719691,103.09002,102.30499,104.00557,.16606937,.1084369,.23719691,103.09002,102.30499,104.00557,,86.121445,55.457054,131.5515,.46068719,.46714121,.43076572,.87369692,.89542907,.77957559,.51402861,.52990139,.47917968,366.98276,119074.13,324.4679,108519.02,72684.031,70673.938,75221.68,72739.141,70706.453,75386.938,72804.172,70741.844,75748.844,72096.133,70486.422,73976.273,72127.781,70519.18,74018.57,72162.211,70554.844,74064.641,162.11,105.38,283.42999,182.13,111.75,447.85999,208.69,118.79,663.42999,168.87,114.32,232.16,181.77,122.11,251.5,196.2,130.8,273.34,23892588,23141694,25444222,24348218,23459960,26256324,24950894,23924730,27341224,23944816,23084826,24833070,24444874,23394366,25642960,25107886,23800234,26794408,53161.84,28522.029,96297.578,137599.16,71794.883,253461.59,271184.22,139540.48,501630.16,58241.949,34428.871,89636.797,151403.44,87939.203,236088.5,299134.34,172476.38,468225.94,4585.5801,7272.7202,11726.35,5295.0801,8593.4102,14089.62,6123.7598,10150.67,16888.381,5114.9902,7780.8301,10972.55,5975.0298,9226.5498,13184.41,6985.1499,10934.09,15806.61,386.48999,675.65002,1169.05,625.84998,1126.4399,1990.09,933.62,1713.24,3063.74,452.20001,733.13,1089.75,742.71997,1227.76,1854.23,1119.16,1873.05,2855.5701,1988.92,3021.52,4680.7402,2219.78,3429,5021.8599,2496.6101,3905.0901,5416.27,2176.1899,3240.28,4486.6899,2460.8301,3713.8201,5209.7202,2791.71,4271.27,6065.4199,121.2,211.85001,366.53,196.17999,353.04999,623.70001,292.57001,536.83002,959.96997,141.78999,229.87,341.64999,232.78999,384.79999,581.09998,350.69,586.89001,894.70001,198838.23,368012.88,663663.13,491750.03,942216.13,1735095.6,963821.31,1877364.9,3474552.3,239172.88,402826.38,617976.44,602248.94,1036841.9,1616891.6,1193048.6,2071896.3,3245510.8,.56999999,.62,.67000002,1.12,1.22,1.3,1.66,1.79,1.87,.58999997,.63,.67000002,1.1799999,1.24,1.3,1.74,1.8099999,1.88,.73000002,.81,.89999998,1.47,1.63,1.8,2.2,2.4400001,2.7,.77999997,.82999998,.88999999,1.55,1.66,1.78,2.3299999,2.49,2.6700001,.30493677,.36946878,.29432723,.13236274,.15565176,.17669737,.076955073,.085129417,.13225481,.28994563,.3320469,.25900078,.12005672,.13885729,.10652785,.065589257,.075836472,.058377799,189.98169,68157.422,358.75784,65340.566,87235,87403,87606.05,183,227,269.02499,3490836.1,3543501.5,3600250.175,16014.975,26173.5,35292.125,.86728942,1.1426805,.76228052,167.9077,7854.3999,46.77808,10618.624,3522342,87189,87088,87198,3514983,3490068,174,150,177,16881,12342,18332,1.0307447,1.2153622,.96552479,319.81189,25288.08,79.071732,13758.481,,,100.90374,39.702915,217.06703,333.09061,114.45617,,194.5417,,327.93683,328.71854,755.49963,334.73337,1299.4596,342.71243,115.30177,40.542103,97.017242,40.314522,,,,,,,,,,,,,,,,,,,,,,,,,,,,,,,,,,,,,,,,
20Jul2021,Iran,,,,,,,,,,,,,,,,,,,,,,,87013,86686,87340,189,161,217,3465971,3352907,3676467,18805,0,37145,231151,9586,1713,54799,1.0050519,,.58419704,76.440857,5535.8604,29.290266,5535.8604,20312.793,29411.736,13270.287,8617.8789,12478.186,5630.0347,1593.7921,2344.3088,1000.6086,574.91479,840.46503,358.14713,332.51984,214.40175,478.47168,207948.7,206253.55,209960.95,332.51984,214.40175,478.47168,207948.7,206253.55,209960.95,139.18411,89.742966,200.27573,87041.891,86332.344,87884.164,139.18411,89.742966,200.27573,87041.891,86332.344,87884.164,148.21133,71294.898,46023.688,109181.13,69226296,80339888,59420424,332.51984,214.40175,478.47168,207948.7,206253.55,209960.95,332.51984,214.40175,478.47168,207948.7,206253.55,209960.95,,36635.09,23030.316,58909.887,,,,307.1738,199.7726,438.52213,207816.52,206164.56,209754.95,307.1738,199.7726,438.52213,207816.52,206164.56,209754.95,,59196.637,37571.477,90686.141,,,,.39445812,.25433823,.56759632,246.68318,244.67227,249.07025,.39445812,.25433823,.56759632,246.68318,244.67227,249.07025,.16510986,.10645934,.23758097,103.25513,102.41342,104.2543,.16510986,.10645934,.23758097,103.25513,102.41342,104.2543,,84.574959,54.596493,129.51823,.46640059,.46585086,.43823659,.90765393,.9309544,.81220949,.51890415,.53171349,.48356023,366.98276,119074.13,324.4679,107892.01,72845.742,70847.328,75474.406,72927.594,70898.781,75674.781,73045,70959.898,76651.57,72265.813,70660.563,74187.672,72315.883,70712.398,74225.672,72371.578,70770.094,74267.75,161.71001,104.23,274.37,188.44,113.25,475.03,240.83,123.68,782.88,169.67999,113.96,234.77,188.11,125.05,262.70999,209.36,137.77,295.31,23942414,23176412,25532958,24490256,23542846,26516398,25249414,24140996,27888292,23999506,23118594,24922032,24601494,23489696,25919438,25437888,23991874,27306658,49827.5,26401.711,91066.82,142038.16,73068.922,264017.81,298519.53,151550.19,555864.88,54688.77,32058.85,84740.758,156620.16,90138.969,245934.8,330001.56,188749.09,519297.03,4466.46,7163.1602,11651.62,5378.1802,8880.5,14736.36,6498.2598,10986.61,18538.221,5008.3999,7677.46,10899.19,6122.7998,9559.6904,13789.9,7483.4199,11872.74,17356.961,359.85999,636.73999,1111.8,636.89001,1163.9,2078.6001,1013.83,1890.89,3417.1201,423.45001,692.17999,1035.97,761.41998,1271.51,1936.17,1225.36,2072.4299,3185.21,1949.8101,2996.74,4665.77,2255.6699,3529.3501,5091.3999,2619.21,4157.1001,5561.7998,2148.25,3221.46,4489.8901,2518.5701,3842.78,5443.6099,2965.95,4602.8101,6615.0698,112.82,199.60001,348.5,199.59,364.70001,651.29999,317.62,592.34998,1070.47,132.75,216.98,324.72,238.59,398.41,606.64001,383.87,649.21002,997.76001,184417.92,345480.66,628473,500454.22,972515.94,1806885.8,1046363.9,2065182.5,3845589.8,223104.55,378841.47,585050.31,617281.88,1072467.1,1684068.1,1305042,2284095.3,3595841.3,.56999999,.62,.67000002,1.12,1.22,1.3,1.66,1.77,1.84,.58999997,.63,.67000002,1.17,1.24,1.3,1.73,1.8,1.86,.73000002,.81,.89999998,1.47,1.63,1.8,2.2,2.4400001,2.7,.77999997,.82999998,.88999999,1.55,1.66,1.78,2.3299999,2.49,2.6700001,.32453966,.39478505,.30128425,.13266858,.15499066,.17992346,.08067479,.081609927,.14083998,.3102648,.35547125,.27704495,.12010587,.13873023,.10682099,.063442126,.072991081,.05686726,189.98169,68157.422,358.75784,67604.328,87412.97500000001,87622,87863.02499999999,172,220,266,3507354.075,3569637.5,3635538.35,15295.55,26313,35824.25,.8360886,1.12451,.74251378,167.9077,7854.3999,46.77808,10291.178,3541024,87367,87238,87380,3532107,3502477,178,150,182,17124,12409,18682,1.0394768,1.2088001,.97419977,319.81189,25288.08,79.071732,14074.769,,,99.497353,39.832794,214.40796,332.90082,110.17415,,192.71382,,308.12872,328.67279,753.758,335.81604,1239.5446,345.66931,119.60455,40.739056,96.202248,40.428387,,,,,,,,,,,,,,,,,,,,,,,,,,,,,,,,,,,,,,,,
21Jul2021,Iran,,,,,,,,,,,,,,,,,,,,,,,87202,86848,87556,189,162,216,3484692,3352907,3712054,18721,0,35587,233920,9699,1734,55360,1.0095614,,.60696322,76.440857,5535.8604,29.290266,5535.8604,20154.525,29193.057,13073.219,8561.6201,12401.179,5553.4888,1570.4734,2319.7886,987.26178,566.90442,833.67059,352.74438,330.24326,210.41318,475.53815,208278.94,206468.73,210434.3,330.24326,210.41318,475.53815,208278.94,206468.73,210434.3,138.2312,88.073456,199.04784,87180.117,86422.414,88082.289,138.2312,88.073456,199.04784,87180.117,86422.414,88082.289,148.21133,69990.156,45382.168,107419.37,69296288,80447312,59465808,330.24326,210.41318,475.53815,208278.94,206468.73,210434.3,330.24326,210.41318,475.53815,208278.94,206468.73,210434.3,,35061.449,21899.758,56621.098,,,,302.95856,194.86293,433.40796,208119.48,206361.88,210202.31,302.95856,194.86293,433.40796,208119.48,206361.88,210202.31,,57886.02,36559.063,88777.867,,,,.39175749,.24960671,.56411636,247.07494,244.92754,249.63176,.39175749,.24960671,.56411636,247.07494,244.92754,249.63176,.16397944,.10447884,.23612437,103.41911,102.52026,104.48933,.16397944,.10447884,.23612437,103.41911,102.52026,104.48933,,83.027184,53.83548,127.42831,.47184244,.46364725,.44269311,.94189847,.96080136,.83986032,.52337086,.53300858,.48819369,366.98276,119074.13,324.4679,107153.34,73006.18,71020.711,75632.078,73122.578,71097.969,76248.813,73336.258,71273.891,77672.008,72435.406,70834.727,74328.977,72510.602,70912.594,74388.328,72596.242,71001.328,74457.344,160.45,102.63,261.16,194.99001,114.97,501.64999,291.26001,129.58,904.25,169.61,113.05,236.17,194.71001,128.09,274.66,224.66,145.75,320.76001,23989124,23208840,25616806,24636818,23672458,26786898,25577542,24369220,28492412,24050864,23150090,25006086,24763440,23587572,26207308,25801372,24201670,27866026,46708.539,24443.891,86121.281,146561.73,74356.469,274781.13,328128.63,164506.45,614251.5,51358.141,29857.01,80114.18,161945.38,92376.594,255997.06,363483.81,206406.81,574490.31,4323.2998,7019.1099,11514.46,5470.1099,9176.8203,15405.9,6925.1899,11936.97,20410.131,4879.7202,7536.2598,10768,6274.6802,9904.1504,14419.06,8050.8901,12940.93,19121.66,334.44,598.98999,1055.4399,648.07001,1202.25,2169.6001,1101.03,2085.8101,3805.6101,395.79999,652.33002,983.08002,780.46997,1316.38,2020.51,1341.54,2291.5801,3548.28,1904.04,2960.2,4643.96,2288.3899,3633.28,5162.2598,2766.04,4414.8101,5705.4102,2111.96,3188.71,4473.3101,2577.3101,3976.6599,5687.4399,3165.21,4980.9702,7241.6802,104.83,187.73,330.76999,203.03999,376.63,679.66998,344.85999,653.27002,1191.9301,124.05,204.44,308.07999,244.50999,412.38,632.92999,420.17001,717.71002,1111.27,171038.94,324309.84,595069.88,509252.13,1003390.4,1880054.8,1135392.9,2268372.3,4244104.5,208107.17,356258.22,553799.88,632574.69,1108830,1752701.6,1426515.6,2514005.5,3973703.3,.56999999,.62,.67000002,1.12,1.21,1.29,1.65,1.76,1.8200001,.60000002,.63,.67000002,1.17,1.23,1.29,1.72,1.78,1.84,.73000002,.81,.89999998,1.47,1.63,1.8,2.2,2.4400001,2.7,.77999997,.82999998,.88999999,1.55,1.66,1.78,2.3299999,2.49,2.6700001,.34351319,.4198595,.30324677,.13304292,.15462004,.18256348,.088763975,.078768946,.14721169,.33024949,.37863806,.29479176,.1202319,.13866067,.1072903,.061807431,.070612982,.055833843,189.98169,68157.422,358.75784,69954.195,87589,87850,88123.125,168,230,279,3523525.25,3595282.5,3671152.7,14724.775,25905,35832.5,.88785946,1.1409342,.77862275,167.9077,7854.3999,46.77808,10758.958,3560024,87550,87390,87567,3549493,3514950,183,152,187,17386,12473,19000,1.0525711,1.2186322,.98421055,319.81189,25288.08,79.071732,14470.127,,,99.05291,39.961147,211.93515,332.70905,106.16856,,191.06911,,291.10962,328.59033,751.63715,336.9249,1126.5831,348.77075,112.63043,40.925243,95.005463,40.542469,,,,,,,,,,,,,,,,,,,,,,,,,,,,,,,,,,,,,,,,
22Jul2021,Iran,,,,,,,,,,,,,,,,,,,,,,,87393,87015,87771,191,167,215,3503227,3352907,3746287,18535,0,34233,236329,9802,1751,55917,1.0304829,,.62804896,76.440857,5535.8604,28.983562,5535.8604,19984.258,28937.102,12919.069,8500.0859,12308.082,5494.9858,1546.4039,2295.7222,975.05365,558.57587,826.03583,347.41119,327.63696,206.42517,471.6015,208606.58,206680.7,210905.66,327.63696,206.42517,471.6015,208606.58,206680.7,210905.66,137.14026,86.404175,197.40005,87317.258,86511.141,88279.594,137.14026,86.404175,197.40005,87317.258,86511.141,88279.594,148.21133,68688.305,44443.707,105961.6,69364976,80553272,59510252,327.63696,206.42517,471.6015,208606.58,206680.7,210905.66,327.63696,206.42517,471.6015,208606.58,206680.7,210905.66,,33556.363,20939.992,54408.805,,,,298.48315,190.00522,428.8508,208417.97,206554.89,210630.86,298.48315,190.00522,428.8508,208417.97,206554.89,210630.86,,56589.082,35810.781,86862.125,,,,.38866571,.24487586,.55944645,247.46361,245.179,250.19093,.38866571,.24487586,.55944645,247.46361,245.179,250.19093,.1626853,.10249864,.23416965,103.58179,102.62552,104.72338,.1626853,.10249864,.23416965,103.58179,102.62552,104.72338,,81.482841,52.722214,125.69901,.47699091,.46446434,.4450683,.97637802,.98579395,.86677426,.52745712,.53058106,.49371439,366.98276,119074.13,324.4679,106307.68,73164.727,71193.219,75788.422,73325.109,71304.313,76905.938,73697.273,71722.508,78822.789,72604.094,71008.07,74475.031,72712.18,71114.75,74562.32,72838.531,71233.391,74663.781,158.55,100.6,251.56,202.53999,116.83,537.28998,361.01001,136.16,1029.13,168.67999,111.62,236.53,201.58,131.12,287.13,242.28999,155,350.04999,24032910,23239130,25696030,24787984,23794040,27067998,25937628,24565718,29157498,24099096,23179470,25085500,24930814,23688036,26506766,26201036,24431152,28482242,43787.07,22633.471,81439.93,151165.94,75657.188,285730.53,360084.75,178465.02,676680.44,48231.949,27808.48,75737.008,167374.7,94651.602,266259.63,399664.28,225533.13,633774.69,4167.5098,6846.02,11323.49,5564.02,9482.2402,16098.08,7406.7402,13008.12,22518.07,4732.8398,7362.9702,10586.77,6430.5801,10259.83,15071.77,8691.3398,14147.02,21115.23,310.39999,562.78998,1000.69,659.38,1241.48,2263.01,1195.59,2298.9299,4230.48,369.48001,614.03003,931.73999,799.88,1362.34,2107.1899,1468.3199,2531.5901,3946.25,1855.24,2913.1101,4612.27,2320.1899,3739.99,5226.6099,2934.6899,4664.6001,5856.29,2067.76,3143.51,4437.7202,2637.9299,4115.4102,5941.2002,3391.1599,5409.2402,7951.2402,97.269997,176.35001,313.54999,206.53999,388.84,708.78998,374.39999,719.88,1324.76,115.78,192.39999,291.92999,250.53,426.69,659.95001,459.78,792.72998,1235.6899,158625.33,304418.41,563366.38,518141.28,1034810.8,1954451.4,1231284.4,2487365.8,4669139,194108.95,334995.69,524144.91,648123.38,1145899.8,1822684.1,1558031.3,2762128.8,4378697.5,.56999999,.62,.67000002,1.12,1.21,1.28,1.65,1.74,1.8099999,.60000002,.63,.67000002,1.17,1.23,1.29,1.71,1.76,1.8200001,.73000002,.81,.89999998,1.47,1.63,1.8,2.2,2.4400001,2.7,.77999997,.82999998,.88999999,1.55,1.66,1.78,2.3299999,2.49,2.6700001,.36209321,.44447446,.30889025,.13398521,.15442023,.18804081,.10025696,.07629507,.15208508,.34972668,.40138835,.31230438,.12043636,.13852908,.10783836,.060623378,.068726048,.055232562,189.98169,68157.422,358.75784,72662.813,87765.95,88087,88414,169,236,293.02499,3542745.275,3627136,3715021.775,17053.6,32227.5,44784.45,.73229384,.99099308,.65430075,167.9077,7854.3999,46.77808,11039.627,3579349,87737,87543,87760,3567112,3527487,187,153,193,17619,12537,19325,1.0613542,1.2203877,.99870634,319.81189,25288.08,79.071732,14786.414,,,97.041885,40.085899,209.6476,332.51578,102.41934,,189.58887,,276.172,328.47672,746.35107,338.05588,997.43701,351.94827,136.55721,41.176746,94.219254,40.656872,,,,,,,,,,,,,,,,,,,,,,,,,,,,,,,,,,,,,,,,
23Jul2021,Iran,,,,,,,,,,,,,,,,,,,,,,,87584,87183,87985,191,168,214,3521499,3352907,3779303,18272,0,33016,238324,9892,1766,56465,1.0453153,,.64817059,76.440857,5535.8604,28.983562,5535.8604,19803.021,28734.086,12773.695,8433.6973,12237.254,5440.0527,1521.5464,2269.45,963.05432,550.07898,817.77515,342.84006,324.78519,202.48701,468.83792,208931.36,206889.5,211374.3,324.78519,202.48701,468.83792,208931.36,206889.5,211374.3,135.94659,84.755768,196.2433,87453.203,86598.531,88475.758,135.94659,84.755768,196.2433,87453.203,86598.531,88475.758,148.21133,67403.289,43442.219,104903.39,69432384,80658176,59553692,324.78519,202.48701,468.83792,208931.36,206889.5,211374.3,324.78519,202.48701,468.83792,208931.36,206889.5,211374.3,,32122.928,19959.852,52280.918,,,,295.54468,186.31718,426.13785,208713.5,206744.77,211056.45,295.54468,186.31718,426.13785,208713.5,206744.77,211056.45,,55317.004,35068.297,85160.805,,,,.38528275,.24020416,.55616808,247.84889,245.42668,250.74687,.38528275,.24020416,.55616808,247.84889,245.42668,250.74687,.16126928,.10054318,.23279743,103.74306,102.72919,104.95609,.16126928,.10054318,.23279743,103.74306,102.72919,104.95609,,79.958466,51.534176,124.44369,.4818536,.46610653,.44692352,1.0110697,1.0144715,.89676678,.53427458,.53129804,.50039202,366.98276,119074.13,324.4679,105382.37,73320.859,71364.031,75973.563,73537.102,71518.047,77599.047,74146.367,72237.844,80012.242,72771.039,71173.203,74620.25,72920.883,71313.977,74740.938,73100.977,71482.93,74885.047,156.13,98.360001,247.71001,211.98,118.44,580.46997,449.10001,144.07001,1162.39,166.95,109.68,235.67,208.71001,134.24001,300.14001,262.45001,165.61,383.53,24073960,23267424,25770882,24943830,23914650,27359848,26332064,24766282,29887240,24144392,23206878,25160526,25103716,23788086,26813018,26639632,24681940,29159060,41049.078,20958.23,77007.18,155846.11,76970.758,296842.38,394436.56,193481.31,742922.44,45296.121,25901.41,71594.273,172902.92,96963.328,276704.47,438595.19,246209.92,697018.38,4005.9299,6649.2598,11087.28,5659.8101,9796.6104,16812.57,7945.1699,14206.37,24875.59,4571.5801,7163.3198,10363.37,6590.3999,10626.62,15747.86,9408.79,15499.49,23351.92,287.84,528.34003,947.95001,670.83002,1281.55,2358.7,1297.91,2531.1599,4692.6899,344.62,577.5,882.32001,819.65002,1409.39,2196.1599,1606.37,2793.5601,4380.3799,1802.63,2856.7,4565.71,2357.3,3847.8,5278.1602,3124.51,4894.4399,6019.1201,2016.59,3087.3899,4385.1499,2700.4099,4259.0098,6204.8501,3645.51,5891.1499,8749.6904,90.190002,165.52,296.97,210.08,401.31,738.63,406.35999,792.45001,1469.26,107.97,180.92,276.39001,256.67001,441.34,687.69,502.91,874.59998,1371.4,147107.09,285730.16,533277.94,527119.13,1066743.8,2029906.5,1334413.5,2722419.5,5118903.5,181043.38,314978.44,496010.72,663924,1183640.5,1893890.4,1700134.6,3028745.5,4809716.5,.56999999,.62,.67000002,1.12,1.21,1.27,1.64,1.73,1.78,.60000002,.63,.67000002,1.17,1.23,1.28,1.6900001,1.74,1.79,.73000002,.81,.89999998,1.47,1.63,1.8,2.2,2.4400001,2.7,.77999997,.82999998,.88999999,1.55,1.66,1.78,2.3299999,2.49,2.6700001,.38034961,.46931443,.32167131,.1360188,.15387662,.19554822,.11385862,.074461974,.15646182,.36857459,.42345184,.32917437,.12070936,.1384441,.10846952,.059838779,.067263737,.055024374,189.98169,68157.422,358.75784,76049.484,87928.97500000001,88314,88680.02499999999,154,227,285.02499,3557496.725,3653609,3752270.35,13857.875,26557,38079.675,.85476524,1.1112815,.74849641,167.9077,7854.3999,46.77808,10618.624,3599003,87929,87697,87959,3584965,3540087,192,154,199,17853,12600,19654,1.0754495,1.2222222,1.0125165,319.81189,25288.08,79.071732,15181.772,,,95.664925,40.207104,207.53191,332.3215,98.905151,,187.16968,,262.91602,328.33713,735.1925,339.20062,878.28223,355.13626,116.99119,41.370667,92.984375,40.771133,,,,,,,,,,,,,,,,,,,,,,,,,,,,,,,,,,,,,,,,
24Jul2021,Iran,,,,,,,,,,,,,,,,,,,,,,,87775,87352,88198,191,169,213,3539448,3352907,3811197,17949,0,31894,239872,9969,1778,57003,1.0641261,,.6678372,76.440857,5535.8604,28.983562,5535.8604,19560.131,28505.479,12597.719,8330.2549,12139.894,5365.1079,1496.3641,2241.6731,951.50476,541.53687,809.07416,338.72806,321.73236,198.62141,465.67307,209253.09,207095.17,211839.55,321.73236,198.62141,465.67307,209253.09,207095.17,211839.55,134.66876,83.137733,194.91856,87587.875,86684.625,88670.5,134.66876,83.137733,194.91856,87587.875,86684.625,88670.5,148.21133,66172.297,42453.863,103800.28,69498552,80761976,59596148,316.39935,195.35109,458.01471,209247.77,207091.78,211831.91,316.39935,195.35109,458.01471,209247.77,207091.78,211831.91,,30775.379,18985.299,50308.547,,,,292.56738,182.78577,423.03162,209006.08,206931.63,211478.72,292.56738,182.78577,423.03162,209006.08,206931.63,211478.72,,54101.164,34067.039,83578.789,,,,.38166127,.23561852,.5524137,248.23055,245.67067,251.29878,.38166127,.23561852,.5524137,248.23055,245.67067,251.29878,.15975343,.098623745,.23122594,103.90282,102.83132,105.1871,.15975343,.098623745,.23122594,103.90282,102.83132,105.1871,,78.498169,50.361717,123.13509,.486204,.46785238,.44862407,1.0280925,1.0289598,.9104113,.54077834,.53654724,.50614709,366.98276,119074.13,324.4679,104391.82,73474,71532.383,76154.109,73762.609,71739.469,78329.219,74695.461,72471.469,81278.898,72935.531,71330.672,74762.539,73136.969,71519.789,74924.344,73386.32,71753.5,75123.141,153.14,95.75,245.11,225.52,120.31,619.75,549.08002,153.08,1306.9301,164.49001,107.26,233.71001,216.09,137.47,313.67001,285.34,177.66,421.51999,24112442,23293856,25841596,25104426,24029700,27662570,26763266,24971642,30684964,24186930,23232446,25231398,25282240,23889168,27092066,27119922,24955728,29900008,38482.66,19407.631,72810.148,160597.11,78296.742,308090.09,431201.84,209610.22,812609.56,42538.77,24125.641,67673.617,178524.14,99311.148,287311.03,480289.84,268515.38,763968.81,3836.5801,6433.9399,10813.99,5757.3799,10119.72,17548.92,8542.96,15537.97,27495.41,4399.4902,6942.7402,10105.37,6754.0698,11004.38,16447.061,10207.48,17007,25845.51,266.76001,495.72,897.44,682.40002,1322.45,2456.54,1408.47,2783.4199,5192.7002,321.25,542.83002,835.01001,839.77002,1457.48,2287.3,1756.4,3078.52,4851.5601,1741.89,2792.3101,4503.9199,2395.3799,3952.8601,5322,3336.6001,5099.2598,6195.9702,1960.27,3021.8999,4317.6899,2764.6899,4407.3901,6478.3398,3930.05,6430.3301,9642.8496,83.559998,155.27,281.09,213.66,414.04999,769.14001,440.89001,871.28003,1625.5601,100.62,170.02,261.51999,262.92001,456.32001,716.10999,549.77002,963.65002,1518.6801,136419.8,268173.97,504728.22,536182.31,1099149.9,2106243,1445146.4,2973577.3,5590649,168848.84,296135.91,469326.25,679971.5,1222011.4,1966178.8,1853342.1,3313856.5,5264811.5,.56999999,.62,.67000002,1.12,1.2,1.27,1.63,1.71,1.76,.60000002,.63,.67000002,1.17,1.22,1.27,1.6799999,1.72,1.77,.73000002,.81,.89999998,1.47,1.63,1.8,2.2,2.4400001,2.7,.77999997,.82999998,.88999999,1.55,1.66,1.78,2.3299999,2.49,2.6700001,.39794546,.49336264,.33664262,.14042594,.153659,.20115869,.12733713,.073030792,.16083124,.38668257,.44458923,.34534878,.12104245,.13842353,.10917437,.059409957,.066163808,.055175025,189.98169,68157.422,358.75784,80907.07,88075.95,88533,88950.05,143,219,278.02499,3567266.65,3670773,3778275.95,8294.975,17302.5,26328.025,1.2657131,1.7239352,1.0560039,167.9077,7854.3999,46.77808,10244.399,3618994,88126,87851,88162,3603058,3552749,197,154,203,18093,12662,19991,1.0888189,1.2162375,1.0154569,319.81189,25288.08,79.071732,15577.131,,,93.973824,40.3241,205.67497,332.12677,97.267517,,184.91864,,251.29071,328.17651,712.11914,340.34082,785.31696,358.29843,79.006851,41.4622,91.842636,40.8853,,,,,,,,,,,,,,,,,,,,,,,,,,,,,,,,,,,,,,,,
25Jul2021,Iran,,,,,,,,,,,,,,,,,,,,,,,87967,87524,88410,192,172,212,3557027,3352907,3842040,17579,0,30843,240958,10031,1786,57531,1.0922123,,.68735206,76.440857,5535.8604,28.832605,5535.8604,19308.57,28253.541,12424.908,8223.1211,12032.599,5291.5112,1470.8964,2212.4675,939.41913,532.81543,799.74036,334.73801,318.42944,194.79228,461.78708,209571.53,207297.75,212300.67,318.42944,194.79228,461.78708,209571.53,207297.75,212300.67,133.28624,81.534958,193.29199,87721.164,86769.422,88863.516,133.28624,81.534958,193.29199,87721.164,86769.422,88863.516,148.21133,64977.547,41461.039,102625.67,69563528,80864600,59637608,302.46844,185.08542,438.86795,209550.23,207284.25,212270.14,302.46844,185.08542,438.86795,209550.23,207284.25,212270.14,,29500.842,18063.313,48470.941,,,,287.89273,178.37787,417.14709,209293.97,207114.59,211894.86,287.89273,178.37787,417.14709,209293.97,207114.59,211894.86,,52926.41,32983.754,82088.883,,,,.37774312,.23107612,.54780388,248.60829,245.91098,251.84579,.37774312,.23107612,.54780388,248.60829,245.91098,251.84579,.15811339,.096722424,.22929639,104.06093,102.93191,105.41607,.15811339,.096722424,.22929639,104.06093,102.93191,105.41607,,77.080879,49.183964,121.7417,.49006075,.46982008,.44997227,1.0252875,1.0246483,.90542483,.54394913,.54080522,.50816512,366.98276,119074.13,324.4679,103320.13,73623.641,71697.594,76327.547,74002.578,71968.828,79068.852,75344.773,72702.078,82699.508,73096.898,71484.938,74901.367,73360.703,71732.398,75112.648,73697.469,72047.758,75393.813,149.63,92.669998,242.06,239.96001,122.29,655.33002,649.32001,163.23,1464.0699,161.38,104.46,230.73,223.73,140.78999,327.73001,311.14999,191.25999,464.37,24148520,23318548,25908764,25269840,24147984,27976260,27233626,25189598,31553482,24226880,23256296,25298346,25466472,23992776,27381140,27644634,25254290,30708256,36077.129,17972.32,68837.148,165413.16,79634.672,319444.31,470360.69,226904.52,885217,39949.18,22472.061,63963.852,184231.69,101694.25,298056.06,524713.25,292521.88,834233.75,3662.3,6204.6899,10511.14,5856.6602,10451.33,18306.641,9202.7598,17009.311,30388.869,4219.8198,6706.21,9819.79,6921.5098,11392.98,17169.051,11091.97,18678.26,28608.85,247.12,464.94,849.22998,694.09998,1364.15,2556.3899,1527.73,3056.47,5730.2998,299.34,510.04001,789.89001,860.23999,1506.6,2380.5,1919.17,3387.3999,5360.1401,1678.3101,2721.26,4428.3701,2434.3501,4054.53,5362.9502,3572.1101,5286.1201,6387.6001,1899.8,2948.52,4237.3799,2830.74,4560.52,6761.5801,4246.6802,7030.3999,10636.28,77.400002,145.60001,265.95001,217.28,427.03,800.27002,478.13,956.59998,1793.6,93.739998,159.72,247.35001,269.28,471.60999,745.15997,600.60999,1060.16,1677.63,126503.94,251683.36,477646.16,545328.13,1131988.6,2183264.5,1563832.3,3240629.3,6080569,157468.19,278401.94,444024.03,696260.44,1260966.5,2039390.4,2018124,3617122.3,5741076.5,.56999999,.62,.67000002,1.12,1.2,1.26,1.6,1.6900001,1.73,.60000002,.63,.67000002,1.16,1.22,1.27,1.66,1.7,1.74,.73000002,.81,.89999998,1.47,1.63,1.8,2.2,2.4400001,2.7,.77999997,.82999998,.88999999,1.55,1.66,1.78,2.3299999,2.49,2.6700001,.41475031,.51562625,.35164154,.14506707,.15356377,.20514688,.13804725,.071937747,.16539107,.40396324,.46484387,.36071935,.12143948,.13844439,.10995582,.059299055,.065383144,.055664252,189.98169,68157.422,358.75784,86087.531,88256.97500000001,88792,89256,163,257,320,3580547.725,3696947,3815964.425,12930.8,25956,39135.325,.99013716,1.2605562,.81767559,167.9077,7854.3999,46.77808,12021.967,3639324,88326,88007,88370,3621392,3565472,200,156,208,18334,12723,20330,1.0908694,1.226126,1.0231185,319.81189,25288.08,79.071732,15814.347,,,91.557289,40.435925,204.05634,331.93216,97.533615,,183.84073,,241.10892,327.99954,689.33636,341.47244,724.38965,361.45343,100.99611,41.636036,91.669998,41.000294,,,,,,,,,,,,,,,,,,,,,,,,,,,,,,,,,,,,,,,,
26Jul2021,Iran,,,,,,,,,,,,,,,,,,,,,,,88157,87694,88620,190,170,210,3574205,3352907,3871892,17178,0,29852,241582,10078,1790,58046,1.1060659,,.70347047,76.440857,5535.8604,29.136106,5535.8604,19048.971,27979.293,12255.176,8112.563,11915.803,5219.2261,1445.3121,2182.1062,924.00488,523.91895,789.78363,330.85486,315.10068,191.08737,457.51715,209886.63,207497.39,212757.28,315.10068,191.08737,457.51715,209886.63,207497.39,212757.28,131.8929,79.984177,191.50471,87853.055,86852.984,89054.633,131.8929,79.984177,191.50471,87853.055,86852.984,89054.633,148.21133,63785.863,40216.984,101411.65,69627320,80966008,59677824,288.3985,174.9855,419.26654,209838.63,207467,212688.55,288.3985,174.9855,419.26654,209838.63,207467,212688.55,,28279.918,17185.957,46694.031,,,,283.3519,174.18167,411.14456,209577.31,207293.91,212304.75,283.3519,174.18167,411.14456,209577.31,207293.91,212304.75,,51764.371,31926.623,80617.617,,,,.37379429,.2266811,.54273862,248.98209,246.14781,252.38745,.37379429,.2266811,.54273862,248.98209,246.14781,252.38745,.15646051,.094882779,.22717619,104.21739,103.03104,105.64279,.15646051,.094882779,.22717619,104.21739,103.03104,105.64279,,75.667221,47.708179,120.30154,.49399766,.47514099,.45114851,1.0197996,1.0181888,.89790177,.5473879,.5455687,.50999343,366.98276,119074.13,324.4679,102240.05,73769.438,71859.102,76495.258,74257.742,72218.969,79694.031,76100.156,73072.969,84305.32,73254.602,71635.492,75036.32,73592.32,71952.023,75306.008,74037.539,72368.57,75729.641,145.8,89.349998,238.23,255.17,124.32,689.58002,755.38,174.60001,1634.3,157.7,101.36,226.87,231.62,144.2,342.31,340.07999,206.5,512.40002,24182342,23341616,25972760,25440128,24264486,28300984,27745474,25424828,32511946,24264396,23278548,25361580,25656490,24098950,27680336,28216408,25579472,31586474,33822.59,16643.721,65077.18,170287.86,80984.109,330872.72,511848.41,245413.64,960049.94,37517.41,20932.34,60454.469,190018.13,104111.71,308914.06,571772.69,318293.03,907263.88,3485.5901,5965.6802,10185.53,5957.5601,10791.17,19085.17,9927.4502,18626.779,33565.309,4035.4299,6458.21,9512.9902,7092.6602,11792.26,17913.359,12067.1,20521.891,31653.359,228.87,435.95001,803.35999,705.91998,1406.62,2658.05,1656.2,3350.97,6304.46,278.85001,479.10001,746.96997,881.06,1556.7,2475.6299,2095.3999,3720.8899,5905.75,1613.6801,2644.6399,4340.8599,2474.2,4152.3301,5403.3501,3832.28,5456.8599,6594.1499,1836.1,2868.6599,4146.1699,2898.52,4718.3398,7054.4302,4597.3701,7695.0098,11735.1,71.669998,136.5,251.53999,220.94,440.23999,831.96997,518.25,1048.61,1973.05,87.309998,150.00999,233.87,275.75,487.20999,774.82001,655.65997,1164.36,1848.15,117304.52,236195.78,451964.06,554553.38,1165216,2260754,1690796.9,3523051,6583723.5,146848.19,261714.13,420039.31,712784.25,1300454.8,2113350.3,2194885.5,3937801.3,6234546,.56999999,.62,.67000002,1.12,1.2,1.25,1.59,1.66,1.71,.60000002,.63,.67000002,1.16,1.21,1.26,1.63,1.67,1.71,.73000002,.81,.89999998,1.47,1.63,1.8,2.2,2.4400001,2.7,.77999997,.82999998,.88999999,1.55,1.66,1.78,2.3299999,2.49,2.6700001,.43107286,.53683907,.36607301,.14984627,.1535116,.20841247,.14757885,.071145192,.17023073,.42033818,.48422679,.37527415,.12189363,.13850507,.11081075,.059478179,.064877324,.056477509,189.98169,68157.422,358.75784,91544.234,88430,89072,89611,170,277.5,359,3595409.675,3727256.5,3860182.35,14569.825,29849.5,45973.05,.92966384,1.166795,.78089231,167.9077,7854.3999,46.77808,12980.917,3659999,88531,88164,88583,3639970,3578255,205,157,213,18578,12783,20675,1.1034557,1.2281936,1.0302297,319.81189,25288.08,79.071732,16209.705,,,90.41053,40.543633,202.4301,331.73776,98.058479,,182.68581,,231.97935,327.80975,667.35065,342.59225,677.60388,364.59155,107.56577,41.845432,90.62439,41.115204,,,,,,,,,,,,,,,,,,,,,,,,,,,,,,,,,,,,,,,,
27Jul2021,Iran,,,,,,,,,,,,,,,,,,,,,,,88346,87864,88828,189,170,208,3590958,3352907,3900800,16753,0,28908,241757,10111,1791,58548,1.1281562,,.71952403,76.440857,5535.8604,29.290266,5535.8604,18781.721,27683.469,12112.596,7998.7471,11789.817,5158.5044,1419.9293,2151.0903,909.15442,515.00763,779.45135,327.16333,311.75659,187.52278,452.89197,210198.39,207694.23,213209,311.75659,187.52278,452.89197,210198.39,207694.23,213209,130.49316,78.492134,189.56873,87983.547,86935.375,89243.711,130.49316,78.492134,189.56873,87983.547,86935.375,89243.711,148.21133,62608.75,38926.371,100173.67,69689928,81066184,59716752,274.03467,164.95222,399.04102,210112.67,207640.02,213086.53,274.03467,164.95222,399.04102,210112.67,207640.02,213086.53,,27114.91,16318.022,44985.445,,,,278.91046,170.19885,405.00031,209856.23,207469.77,212708.25,278.91046,170.19885,405.00031,209856.23,207469.77,212708.25,,51612.738,31511.666,80642.18,,,,.3698273,.22245255,.53725189,249.35191,246.38132,252.92332,.3698273,.22245255,.53725189,249.35191,246.38132,252.92332,.15480004,.093112819,.22487959,104.37219,103.12878,105.86709,.15480004,.093112819,.22487959,104.37219,103.12878,105.86709,,74.270851,46.177162,118.83297,.49794412,.48173714,.45210677,1.0106419,1.0108591,.88704473,.54039073,.54011381,.50221896,366.98276,119074.13,324.4679,101155.01,73911.148,72016.406,76692.297,74528.633,72504.898,80349.453,76968.953,73617.258,86090.242,73408.156,71781.859,75167.023,73832.07,72178.859,75535.594,74409.859,72667.422,76095.5,141.72,85.970001,233.64999,270.89001,126.39,723.84998,868.78998,187.24001,1817.62,153.55,98,222.23,239.75,147.7,357.41,372.32001,223.48,565.90997,24214052,23363166,26033224,25615342,24365342,28636770,28301024,25678476,33548182,24299630,23299304,25421308,25852366,24207728,27989718,28837716,25933164,32536674,31709.76,15413.94,61519.648,175214.25,82344.609,342340.34,555548.75,265182.75,1036236.3,35234.102,19498.711,57135.352,195875.19,106562.53,319856.84,621308.25,345880.69,982340.31,3308.5601,5720.54,9843.1904,6060.0298,11138.94,19883.811,10720.11,20396.66,37031.23,3848.79,6202.6602,9190.6504,7267.46,12202.03,18679.449,13137.97,22546.18,34988.289,211.92,408.70001,759.77002,717.85999,1449.8,2761.3301,1794.36,3667.3501,6913.1299,259.73001,449.95999,706.21997,902.21997,1607.74,2572.53,2285.8501,4079.47,6487.2002,1548.76,2563.5,4243.21,2514.8701,4246.0698,5444.1099,4118.3999,5612.1299,6815.3198,1770.02,2783.6001,4045.8799,2968,4880.77,7356.7202,4984.21,8427.6602,12943.75,66.349998,127.95,237.85001,224.64,453.69,864.16998,561.39001,1147.4399,2163.27,81.309998,140.86,221.07001,282.32001,503.10999,805.03003,715.13,1276.39,2029.85,108770.5,221652.25,427616.75,563854.5,1198783.9,2338474.5,1826333.3,3819964,7094020,136939.05,246013.45,397309.75,729536.19,1340419.6,2187866,2383947.5,4274691,6740130,.56999999,.62,.67000002,1.11,1.1900001,1.24,1.5599999,1.64,1.6900001,.60000002,.63,.67000002,1.16,1.21,1.25,1.59,1.65,1.6900001,.73000002,.81,.89999998,1.47,1.63,1.8,2.2,2.4400001,2.7,.77999997,.82999998,.88999999,1.55,1.66,1.78,2.3299999,2.49,2.6700001,.44692865,.55774188,.37979734,.15460502,.1534891,.21144162,.15638411,.070607916,.17540595,.43579939,.50259733,.38895357,.12239937,.13860406,.11174061,.059925169,.064611875,.057608344,189.98169,68157.422,358.75784,97183.914,88584.95,89340,89950.05,154,266.5,350,3609451,3757461.5,3905603.825,14080.95,29302.5,46645.275,.90947872,1.0936762,.75034398,167.9077,7854.3999,46.77808,12466.358,3681018,88738,88322,88799,3658793,3591096,207,158,216,18823,12841,21019,1.0997185,1.2304338,1.0276417,319.81189,25288.08,79.071732,16367.849,,,88.640213,40.646526,200.82574,331.54358,98.947006,,185.05128,,223.74936,327.61029,646.80957,343.698,639.45117,367.69403,109.95309,42.057999,90.932365,41.231411,,,,,,,,,,,,,,,,,,,,,,,,,,,,,,,,,,,,,,,,
28Jul2021,Iran,,,,,,,,,,,,,,,,,,,,,,,88534,88034,89034,188,170,206,3607205,3352907,3928743,16247,0,27943,241428,10128,1788,59036,1.1571367,,.73721504,76.440857,5535.8604,29.446066,5535.8604,18507.58,27367.361,11936.554,7881.9956,11655.193,5083.5313,1394.8947,2119.6624,894.9353,506.11612,768.80359,323.57199,308.16873,183.97705,448.14606,210506.55,207888.3,213655.17,308.16873,183.97705,448.14606,210506.55,207888.3,213655.17,128.99138,77.007988,187.58223,88112.539,87016.609,89430.469,128.99138,77.007988,187.58223,88112.539,87016.609,89430.469,148.21133,61448.047,37611.629,98917.836,69751376,81165104,59754364,259.17896,154.87086,377.92645,210371.84,207803.14,213463.17,259.17896,154.87086,377.92645,210371.84,207803.14,213463.17,,26003.615,15429.296,43346.629,,,,274.33725,166.29153,398.39764,210130.56,207642.23,213104.92,274.33725,166.29153,398.39764,210130.56,207642.23,213104.92,,51506.141,31264.797,80928.273,,,,.36557114,.21824636,.53162199,249.71748,246.61153,253.45259,.36557114,.21824636,.53162199,249.71748,246.61153,253.45259,.15301852,.091352217,.22252305,104.52521,103.22514,106.08863,.15301852,.091352217,.22252305,104.52521,103.22514,106.08863,,72.893944,44.617527,117.34321,.50151104,.48914939,.4530488,.99670357,1.0037456,.87187046,.53263021,.53188109,.49228486,366.98276,119074.13,324.4679,99990.859,74048.5,72169.117,76927.922,74815.508,72793.867,81038.57,77950.219,74098.953,88066.57,73557.18,71923.703,75293.203,74080.203,72412,75781.242,74817.938,72941.188,76534.758,137.34,82.459999,228.39999,286.87,128.5,758.65002,981.27002,201.28,2013.64,149.02,94.449997,216.95,248.13,151.28999,373.01999,408.07999,242.31,625.19,24243782,23383300,26090354,25795526,24459682,28983612,28902312,25951724,34660912,24332722,23318670,25477720,26054160,24319146,28309328,29510800,26317300,33560056,29729.85,14275.64,58154.352,180184.73,83715.57,353809.53,601287.63,286250.78,1112729,33090.379,18163.9,53996.738,201793.84,109045.59,330853.66,673084.13,375321.25,1058568.6,3133.01,5472.4102,9489.4004,6164.0098,11494.35,20701.76,11584.06,22324.9,40789.43,3662,5942.9502,8857.71,7445.8501,12622.06,19466.641,14309.92,24758.82,38619.98,196.21001,383.10999,718.40002,729.90997,1493.67,2866,1942.73,4005.76,7553.0801,241.88,422.53,667.57001,923.71002,1659.66,2671.03,2491.1899,4463.23,7102.2202,1483.01,2478.8799,4137.1401,2556.3401,4335.79,5485.4702,4431.75,5761.02,7050.4102,1702.3,2694.55,3938.1899,3039.1399,5047.7402,7668.2402,5409.3301,9231.7197,14265.72,61.419998,119.92,224.87,228.37,467.34,896.79999,607.71002,1253.15,2363.24,75.709999,132.25,208.94,288.98999,519.27002,835.72998,779.26001,1396.28,2222.03,100854.4,207997.19,404541.53,573227.56,1232640.5,2416170,1970688.6,4130107,7604254,127694.15,231244.09,375775.72,746508.31,1380799.3,2262728.3,2585522.5,4626075,7251596,.56999999,.62,.67000002,1.11,1.1900001,1.23,1.51,1.62,1.67,.60000002,.63,.67000002,1.16,1.2,1.25,1.55,1.62,1.67,.73000002,.81,.89999998,1.47,1.63,1.8,2.2,2.4400001,2.7,.77999997,.82999998,.88999999,1.55,1.66,1.78,2.3299999,2.49,2.6700001,.46195993,.57762736,.39274791,.15920882,.15349594,.21442328,.16319478,.070315965,.1809641,.45034239,.5199874,.40178353,.12296212,.13874012,.11274471,.060628377,.064560689,.05905994,189.98169,68157.422,358.75784,102916.86,88746.97500000001,89621.5,90317.02499999999,151,275,373,3623174.425,3785728.5,3950650.5,13205.65,28081,46291.3,.97930986,1.14345,.80576694,167.9077,7854.3999,46.77808,12863.972,3702382,88949,88481,89019,3677861,3603995,211,159,220,19068,12899,21364,1.106566,1.2326537,1.0297697,319.81189,25288.08,79.071732,16684.135,,,86.420212,40.743725,199.39742,331.35016,100.33073,,187.74753,,216.46898,327.40408,628.1059,344.78848,612.76471,370.77911,102.11272,42.241299,90.369667,41.347973,,,,,,,,,,,,,,,,,,,,,,,,,,,,,,,,,,,,,,,,
29Jul2021,Iran,,,,,,,,,,,,,,,,,,,,,,,88720,88203,89237,186,169,203,3622923,3352907,3955747,15718,0,27004,240607,10128,1782,59507,1.1833566,,.75174046,76.440857,5535.8604,29.76269,5535.8604,18227.746,27032.904,11740.801,7762.8208,11512.756,5000.1646,1369.8323,2087.27,880.30945,497.18082,757.74567,318.41714,304.33917,180.44591,446.06378,210810.89,208079.56,214095.11,304.33917,180.44591,446.06378,210810.89,208079.56,214095.11,127.38841,75.529938,186.71063,88239.93,87096.664,89614.617,127.38841,75.529938,186.71063,88239.93,87096.664,89614.617,148.21133,60302.203,36289.383,97652.406,69811672,81262752,59790652,243.93828,144.78799,356.09341,210615.78,207956.28,213817.8,243.93828,144.78799,356.09341,210615.78,207956.28,213817.8,,24942.594,14589.192,41778.617,,,,269.62057,162.44496,391.4509,210400.19,207811.34,213494.28,269.62057,162.44496,391.4509,210400.19,207811.34,213494.28,,50513.773,30372.658,79837.656,,,,.36102822,.21405746,.5291518,250.07852,246.83842,253.97449,.36102822,.21405746,.5291518,250.07852,246.83842,253.97449,.15111698,.089598857,.22148912,104.67633,103.32011,106.30708,.15111698,.089598857,.22148912,104.67633,103.32011,106.30708,,71.53466,43.048985,115.84206,.50468999,.49724159,.45678729,.97799885,.99243325,.85233414,.53375655,.53483945,.49030861,366.98276,119074.13,324.4679,98748.289,74181.211,72316.906,77159.227,75120.273,73082.852,81804.25,79044.188,74684.102,90245.891,73701.359,72060.742,75416.711,74336.953,72617.203,76034.383,75265.477,73238.563,77148.258,132.71001,78.870003,222.59,304.76999,130.64999,794.13,1093.97,229.53999,2221.6101,144.17999,90.760002,211.14,256.75,154.96001,389.13,447.54001,263.07999,690.5,24271656,23402114,26144328,25980718,24549868,29341464,29551140,26245776,35849228,24363800,23336738,25531000,26261924,24433240,28639172,30237582,26733832,34656848,27874.6,13222.02,54971.449,185191.16,85096.438,365239.88,648828,308648.53,1188318.8,31077.84,16921.131,51029.309,207764.27,111559.64,341871.44,726781.69,406632.75,1134881.5,2960.3999,5223.9199,9128.7002,6269.4302,11857.04,21538.01,12522.68,24416.92,44838.051,3476.8301,5681.98,8518.4697,7627.77,13052.11,20274.09,15588.43,27166.529,42550.898,181.66,359.10001,679.19,742.08002,1538.16,2971.8,2101.76,4366.0498,8219.79,225.25,396.73999,630.94,945.53003,1712.42,2770.9199,2712.1101,4871.8799,7747.4102,1417.03,2391.73,4024.22,2598.5701,4419.9102,5527.46,4760.96,5911.4702,7298.2598,1633.64,2602.5701,3824.6399,3111.9199,5219.1401,7988.71,5874.9502,10110.22,15703.25,56.849998,112.38,212.56,232.14,481.19,929.77002,657.34998,1365.6899,2571.55,70.489998,124.16,197.45,295.76999,535.70001,866.87,848.22998,1523.9301,2423.6101,93512.18,195178.13,382678,582669,1266728.4,2493566,2124040.5,4451796.5,8106216.5,119070.03,217353.06,355379.66,763692.06,1421526.1,2337711.3,2799690.5,4989681,7761615,.56999999,.62,.67000002,1.11,1.1799999,1.23,1.47,1.59,1.65,.60000002,.63,.67000002,1.16,1.2,1.24,1.5,1.59,1.65,.73000002,.81,.89999998,1.47,1.63,1.8,2.2,2.4400001,2.7,.77999997,.82999998,.88999999,1.55,1.66,1.78,2.3299999,2.49,2.6700001,.47609654,.59650499,.40491927,.16457048,.15353169,.21742697,.16860709,.074369378,.18695405,.46393183,.53637075,.41376221,.12357756,.13890329,.11382349,.061578326,.064697199,.060843356,189.98169,68157.422,358.75784,109338.63,88903.97500000001,89901,90690,151,279,388,3640539.65,3820045.5,4006118.45,15848.175,33495,57760.15,.83296013,.95279109,.67174339,167.9077,7854.3999,46.77808,13051.084,3724092,89163,88641,89243,3697171,3616951,214,160,224,19310,12956,21710,1.108234,1.2349491,1.0317826,319.81189,25288.08,79.071732,16921.35,,,84.505379,40.835472,198.14145,331.15781,102.24961,,187.35133,,210.04143,327.19412,607.64233,345.85495,593.09491,373.85596,120.05376,42.491692,90.233643,41.465305,,,,,,,,,,,,,,,,,,,,,,,,,,,,,,,,,,,,,,,,
30Jul2021,Iran,,,,,,,,,,,,,,,,,,,,,,,88903,88369,89437,183,166,200,3638109,3352907,3981848,15186,0,26101,239329,10113,1772,59963,1.2050573,,.76625419,76.440857,5535.8604,30.250603,5535.8604,17943.029,26681.486,11548.52,7641.5649,11363.094,4918.2754,1344.5616,2053.8333,865.8172,488.23816,746.33905,313.397,300.56503,177.09874,443.87033,211111.45,208268.2,214538.16,300.56503,177.09874,443.87033,211111.45,208268.2,214538.16,125.80866,74.128899,185.79251,88365.734,87175.625,89800.063,125.80866,74.128899,185.79251,88365.734,87175.625,89800.063,148.21133,59176.254,35036.098,96369.297,69870848,81359128,59825688,228.69179,134.90959,335.09909,210844.47,208099.53,214150.27,228.69179,134.90959,335.09909,210844.47,208099.53,214150.27,,23931.586,13796.082,40275.875,,,,265.01648,158.80498,387.53113,210665.2,207977.31,213882.88,265.01648,158.80498,387.53113,210665.2,207977.31,213882.88,,49595.637,29505.184,78833.391,,,,.35655111,.21008682,.52654982,250.43507,247.06219,254.50005,.35655111,.21008682,.52654982,250.43507,247.06219,254.50005,.14924297,.087936848,.22039998,104.82557,103.41378,106.52707,.14924297,.087936848,.22039998,104.82557,103.41378,106.52707,,70.198982,41.562252,114.31995,.50791496,.50547504,.4605931,.95560646,.97788334,.83200943,.53435445,.53822738,.49158248,366.98276,119074.13,324.4679,97523.703,74309.102,72459.547,77385.758,75443.57,73313.656,82611.094,80257.711,75101.477,92638.688,73840.477,72192.781,75555.867,74602.563,72804.781,76295.18,75756.359,73552.742,77943.453,127.89,75.230003,216.32001,323.29999,132.84,830.25,1213.52,332.16,2440.4199,139.11,86.970001,204.91,265.60999,158.72,405.72,490.89001,285.92001,762.04999,24297792,23419692,26195322,26170942,24640378,29710240,30249006,26561858,37110888,24392988,23353596,25581934,26475700,24550046,28979226,31019576,27184702,35826140,26136.199,12246.78,51961.531,190224.73,86486.648,376588.59,697866.31,332396.88,1261658.8,29188.539,15764.05,48224.102,213775.73,114103.33,352874.56,781994.06,440163.63,1210052.1,2791.8999,4977.29,8764.9697,6376.2402,12226.67,22391.41,13538.87,26677.24,49169.578,3294.71,5422.1499,8176.5601,7813.1499,13491.87,21100.859,16979.061,29774.699,46778.738,168.17,336.57001,642.03998,754.35999,1583.22,3078.4399,2271.9199,4747.6699,8907.3398,209.75,372.51001,596.26001,967.66998,1765.9301,2871.98,2949.1599,5304.6201,8418.04,1351.3101,2302.95,3905.9299,2641.52,4498.1499,5570,5035.1099,6064.6899,7557.27,1564.61,2508.6101,3706.6299,3186.3,5394.8901,8317.8301,6383.3198,11065.79,17256.99,52.619999,105.31,200.89999,235.94,495.20999,963.01001,710.46997,1484.87,2786.3401,65.629997,116.56,186.57001,302.64999,552.35999,898.35999,922.23999,1659.09,2633.1201,86702.852,183145.53,361967.91,592174.56,1300987.9,2570373.3,2286436,4782902.5,8590901,111025.84,204290.13,336066.25,781078.25,1462527.6,2412573,3030357.3,5362653,8261877.5,.56999999,.62,.67000002,1.11,1.1799999,1.22,1.42,1.5599999,1.62,.60000002,.63,.67000002,1.15,1.2,1.23,1.45,1.5599999,1.62,.73000002,.81,.89999998,1.47,1.63,1.8,2.2,2.4400001,2.7,.77999997,.82999998,.88999999,1.55,1.66,1.78,2.3299999,2.49,2.6700001,.48932135,.61428392,.41630799,.16995686,.15359595,.22046605,.17389004,.099928737,.19342947,.47659117,.55169833,.42491201,.12424702,.139102,.1149757,.062774137,.064957663,.062976629,189.98169,68157.422,358.75784,115986.41,89042.925,90169,91056.075,134,265,374,3653617.15,3847540,4051423.025,12449.925,27399.5,48236.3,.96717095,1.0763117,.77534968,167.9077,7854.3999,46.77808,12396.191,3746152,89379,88802,89471,3716725,3629962,216,161,228,19554,13011,22060,1.1046333,1.2374145,1.0335449,319.81189,25288.08,79.071732,17079.494,,,82.983604,40.92223,196.88336,330.96664,104.64558,,187.14171,,204.36469,326.98273,588.38458,346.89426,575.07605,376.89844,103.39434,42.670319,90.527779,41.583874,,,,,,,,,,,,,,,,,,,,,,,,,,,,,,,,,,,,,,,,
31Jul2021,Iran,,,,,,,,,,,,,,,,,,,,,,,89084,88533,89635,181,164,198,3652751,3352907,4007069,14642,0,25221,237619,10083,1759,60402,1.2361699,,.78506005,76.440857,5535.8604,30.584864,5535.8604,17654.795,26315.352,11360.255,7518.8125,11207.164,4838.0977,1319.3168,2020.4039,851.67133,479.35654,734.91309,308.37622,296.51053,173.72931,441.06924,211407.97,208454.19,214980.89,296.51053,173.72931,441.06924,211407.97,208454.19,214980.89,124.11156,72.718544,184.62006,88489.852,87253.469,89985.375,124.11156,72.718544,184.62006,88489.852,87253.469,89985.375,148.21133,58078.008,33967.488,95082.461,69928928,81454208,59859656,216.89871,127.23061,320.28192,211061.38,208235.16,214471.34,216.89871,127.23061,320.28192,211061.38,208235.16,214471.34,,22971.24,13042.539,38841.219,,,,260.22409,155.18202,383.15018,210925.42,208140.11,214272.05,260.22409,155.18202,383.15018,210925.42,208140.11,214272.05,,48730.895,28686.65,77887.016,,,,.35174137,.20608976,.52322698,250.7868,247.28282,255.02525,.35174137,.20608976,.52322698,250.7868,247.28282,255.02525,.14722975,.086263783,.21900913,104.9728,103.50613,106.7469,.14722975,.086263783,.21900913,104.9728,103.50613,106.7469,,68.896164,40.294594,112.79342,.5105384,.51145762,.46388075,.94421858,.97550493,.82459289,.5340023,.54095554,.49193075,366.98276,119074.13,324.4679,96208.148,74432.039,72596.859,77607.023,75785.242,73501.094,83460,81599.43,75568.672,95274.789,73974.359,72319.672,75689.461,74877.258,72991.82,76607.023,76294.656,73867.797,78818.172,122.94,71.57,209.67999,341.67001,135.07001,866.92999,1341.72,483.23999,2668.49,133.88,83.129997,198.34,274.70001,162.56,422.79001,538.28998,310.95001,839.97998,24322300,23436118,26243500,26366218,24724550,30089806,30997036,26901204,38442192,24420402,23369326,25633560,26695516,24669594,29329438,31857800,27671814,37065788,24507.32,11344.06,49115.539,195276.16,87885.57,387810.66,748030.63,357504.47,1331304.9,27415,14686.75,45572.551,219816.84,116675.18,363825.19,838224.25,476315.66,1282721.3,2628.4399,4734.3101,8401.4805,6484.3901,12602.83,23260.58,14634.61,29109.039,53769.91,3116.79,5165.4702,7835.04,8001.9502,13941.02,21945.82,18487.359,32586.91,51295.391,155.69,315.45001,606.85999,766.72998,1628.8,3185.6299,2453.6101,5149.6602,9608.4004,195.31,349.73999,563.42999,990.10999,1820.14,2973.97,3202.8101,5760.0698,9108.0098,1286.27,2213.29,3783.5801,2685.1699,4571,5612.98,5210.1099,6219.8599,7825.3101,1495.73,2413.52,3585.3799,3262.24,5574.8501,8655.2002,6936.6802,12100.46,18925.689,48.709999,98.690002,189.87,239.78,509.39001,996.41998,767.17999,1610.41,3005.3101,61.099998,109.42,176.27,309.62,569.22998,930.14001,1001.43,1801.33,2848.6299,80388.211,171852.5,342354.94,601739.81,1335356.1,2646288.8,2457862.8,5120843,9048775,103523.26,192007.7,317782.13,798656.75,1503725.5,2487056,3277192,5741547,8743292,.56999999,.62,.67000002,1.11,1.1799999,1.22,1.36,1.53,1.59,.60000002,.63,.67000002,1.15,1.1900001,1.23,1.4,1.52,1.6,.73000002,.81,.89999998,1.47,1.63,1.8,2.2,2.4400001,2.7,.77999997,.82999998,.88999999,1.55,1.66,1.78,2.3299999,2.49,2.6700001,.50164604,.63090289,.42691171,.1749676,.15368849,.22354466,.17936699,.13517034,.20044169,.4883458,.56602037,.43521813,.12496768,.13932697,.11620691,.064217895,.065282345,.065484218,189.98169,68157.422,358.75784,122576.8,89173.85000000001,90424,91419.14999999999,122.975,254,365.02499,3662909.25,3865608.5,4085270.55,7214.925,17845,33001.75,1.4233679,1.7044529,1.1060777,167.9077,7854.3999,46.77808,11881.632,3768564,89598,88964,89702,3736523,3643028,219,162,231,19798,13066,22412,1.1061723,1.2398592,1.0306978,319.81189,25288.08,79.071732,17316.709,,,80.895027,41.003445,195.87166,330.77716,105.90768,,187.26512,,199.34375,326.77191,571.53436,347.90701,557.51617,379.86829,70.255905,42.749805,90.401825,41.703197,,,,,,,,,,,,,,,,,,,,,,,,,,,,,,,,,,,,,,,,
01Aug2021,Iran,,,,,,,,,,,,,,,,,,,,,,,89261,88694,89828,177,161,193,3666828,3352907,4031418,14077,0,24349,235485,10038,1743,60825,1.2573702,,.79264033,76.440857,5535.8604,31.276047,5535.8604,17363.713,25935.748,11176.103,7394.8462,11045.499,4759.6709,1294.0874,1986.1372,839.09644,470.49887,723.34015,303.35101,292.32358,170.41907,437.8736,211700.3,208636.7,215417.19,292.32358,170.41907,437.8736,211700.3,208636.7,215417.19,122.35901,71.332962,183.28244,88612.203,87329.875,90168,122.35901,71.332962,183.28244,88612.203,87329.875,90168,148.21133,57003.559,32940.617,93788.086,69985936,81547992,59892596,208.48518,121.66381,310.44363,211269.86,208365.36,214784.75,208.48518,121.66381,310.44363,211269.86,208365.36,214784.75,,22057.398,12332.529,37469.09,,,,255.37263,151.64667,378.49475,211180.8,208299.81,214654.03,255.37263,151.64667,378.49475,211180.8,208299.81,214654.03,,47900.105,27903.406,76970.672,,,,.34677452,.20216292,.51943606,251.13358,247.49934,255.54283,.34677452,.20216292,.51943606,251.13358,247.49934,255.54283,.14515075,.084620111,.21742235,105.11795,103.59676,106.96355,.14515075,.084620111,.21742235,105.11795,103.59676,106.96355,,67.621582,39.076447,111.25793,.51281637,.5173524,.46687549,.94519389,.98652762,.82853264,.53313583,.54347008,.49173892,366.98276,119074.13,324.4679,94849.617,74549.938,72728.742,77822.602,76146.32,73692.656,84344.727,83074.797,76140.68,98178.633,74102.906,72441.328,75817.391,75161.273,73179.938,76963.094,76884.563,74211.492,79778.633,117.9,67.940002,202.75999,361.07999,137.33,904.06,1475.37,600.87,2903.8401,128.55,79.279999,191.53999,284.01001,166.48,440.32001,589.90997,338.26999,924.34998,24345280,23448564,26289016,26566554,24809478,30479988,31795918,27265042,39837960,24446152,23384002,25682376,26921392,24791916,29689712,32752686,28197002,38372292,22981.061,10508.45,46424.871,200335.59,89292.508,398859.44,798881.13,383965.56,1395765.9,25750.16,13683.71,43066.5,225875.31,119273.63,374683.28,894886.56,514399.59,1351434.4,2470.7,4496.4502,8040.9199,6593.8198,12985.13,24143.949,15811.92,31713.82,58617.5,2943.96,4913.54,7496.46,8194.0801,14399.15,22807.689,20118.68,35604.469,56085.988,144.13,295.66,573.57001,779.21002,1674.8101,3293.03,2647.1899,5570.5498,10314.22,181.87,328.35999,532.37,1012.86,1874.97,3076.6101,3473.4099,6236.25,9809.7598,1222.29,2123.4399,3658.3601,2729.48,4637.7598,5656.2798,5324.3501,6378.96,8099.7402,1427.45,2318.04,3462.02,3339.72,5758.8901,9000.4004,7537.2402,13215.52,20705.77,45.09,92.480003,179.42,243.64,523.71002,1029.88,827.59003,1741.83,3225.72,56.889999,102.71,166.53,316.69,586.29999,962.13,1085.9,1950.02,3067.79,74532.82,161254.81,323785.41,611360.25,1369765.4,2720996.5,2638289.5,5462602.5,9470141,96526.563,180460.69,300476.22,816416.38,1545036.5,2560888.8,3536871.5,6122350.5,9196274,.56999999,.62,.67000002,1.11,1.17,1.21,1.3099999,1.5,1.5700001,.60000002,.63,.67000002,1.15,1.1900001,1.22,1.34,1.49,1.58,.73000002,.81,.89999998,1.47,1.63,1.8,2.2,2.4400001,2.7,.77999997,.82999998,.88999999,1.55,1.66,1.78,2.3299999,2.49,2.6700001,.51303118,.64652735,.43674865,.18023756,.15379789,.22666131,.18467954,.15649059,.20804636,.49922022,.57937503,.44475403,.12573752,.13957821,.11751793,.065920085,.065760158,.068397693,189.98169,68157.422,358.75784,129540.27,89322.97500000001,90720.5,91834.10000000001,140,293,426,3675672.65,3891539,4128457.825,11219.55,25728,48853.025,1.1388371,1.2478219,.87200332,167.9077,7854.3999,46.77808,13705.978,3791330,89820,89127,89938,3756565,3656146,222,163,236,20042,13118,22766,1.1076739,1.2425674,1.0366336,319.81189,25288.08,79.071732,17553.924,,,79.531075,41.079845,195.00157,330.58969,105.7984,,187.56946,,194.91994,326.56339,554.8233,348.88821,541.47852,382.73843,87.808876,42.895916,90.279282,41.823257,,,,,,,,,,,,,,,,,,,,,,,,,,,,,,,,,,,,,,,,
02Aug2021,Iran,,,,,,,,,,,,,,,,,,,,,,,89435,88853,90017,174,159,189,3680306,3352907,4054887,13478,0,23469,232922,9977,1724,61229,1.2909927,,.80531764,76.440857,5535.8604,31.815289,5535.8604,17070.383,25577.721,10996.119,7269.9233,10893.022,4683.02,1268.9469,1957.5332,821.05243,461.62357,711.42883,298.42682,288.06821,167.29018,434.37659,211988.36,208804.42,215846.72,288.06821,167.29018,434.37659,211988.36,208804.42,215846.72,120.57783,70.0233,181.81868,88732.781,87400.07,90347.797,120.57783,70.0233,181.81868,88732.781,87400.07,90347.797,148.21133,55948.902,31938.795,92481.367,70041880,81640480,59924536,199.9528,116.43258,300.09918,211469.81,208490.13,215085.42,199.9528,116.43258,300.09918,211469.81,208490.13,215085.42,,21186.168,11662.702,36154.145,,,,250.51694,148.29512,373.64651,211431.31,208456.53,215013.8,250.51694,148.29512,373.64651,211431.31,208456.53,215013.8,,47093.602,27148.496,76070.914,,,,.34172651,.19845124,.51528764,251.47531,247.6983,256.05237,.34172651,.19845124,.51528764,251.47531,247.6983,256.05237,.14303778,.083066493,.21568593,105.26099,103.68003,107.17683,.14303778,.083066493,.21568593,105.26099,103.68003,107.17683,,66.370476,37.888016,109.70782,.51487732,.52378362,.46969092,.94378936,.9983328,.8300547,.53195536,.54623693,.49118185,366.98276,119074.13,324.4679,93468.883,74662.773,72855.141,78032.133,76527.961,73889.727,85265.57,84688.844,76783.719,101322.63,74226.094,72539.508,75939.641,75454.813,73373.148,77442.891,77530.406,74586.391,80862.18,112.84,64.360001,195.64999,381.64001,139.62,941.51001,1614.03,687.06,3144.01,123.18,75.449997,184.58,293.54001,170.47,458.28,645.84998,368.01999,1015.14,24366832,23459478,26332018,26771946,24895588,30880564,32645830,27654584,41291524,24470340,23397698,25728534,27153330,24917042,30059920,33704000,28760314,39740760,21550.971,9734.9297,43881.32,205392.69,90706.789,409686.41,849913.44,411757.25,1453565.3,24187.369,12749.8,40698.18,231938.2,121896.91,385406.88,951312.75,554319.69,1414696,2319.2,4264.8301,7685.5098,6704.5,13373.11,25039.74,17073.289,34490.988,63682.672,2776.9199,4667.6499,7162.8799,8389.4902,14865.85,23685,21878.109,38825.91,61128.059,133.42999,277.10999,542.07001,791.78003,1721.2,3400.28,2852.96,6008.3501,11014.8,169.36,308.28,503,1035.9,1930.3101,3179.6201,3761.1399,6730.4399,10514.43,1159.66,2033.99,3531.3301,2774.4299,4697.6299,5699.7598,5414.3501,6543.8701,8377.4004,1360.14,2222.8,3337.51,3418.71,5946.8398,9352.9102,8187.1299,14411.34,22591.09,41.73,86.669998,169.55,247.53,538.14001,1063.3,891.79999,1878.51,3444.4299,52.970001,96.419998,157.32001,323.84,603.52002,994.21997,1175.71,2104.3301,3287.8201,69103.656,151310.66,306207.34,621031.19,1404144.6,2794169.8,2827564.8,5804751.5,9845528,90002.141,169606.31,284099.41,834345.69,1586372.3,2633788.5,3808679,6500532.5,9611095,.56999999,.62,.67000002,1.11,1.17,1.21,1.25,1.47,1.55,.60000002,.63,.67000002,1.15,1.1799999,1.21,1.29,1.45,1.5599999,.73000002,.81,.89999998,1.47,1.63,1.8,2.2,2.4400001,2.7,.77999997,.82999998,.88999999,1.55,1.66,1.78,2.3299999,2.49,2.6700001,.52359587,.66112447,.4458617,.18580994,.15392452,.22981237,.18990523,.16686045,.21629645,.50927407,.59177399,.4535338,.12655957,.13984768,.1189081,.067890391,.066391289,.071756758,189.98169,68157.422,358.75784,136916.34,89469.95,91033.5,92286.2,144,311,471,3689569.325,3921240,4183308.375,12821.775,28963.5,56765,1.0737653,1.1230894,.82973665,167.9077,7854.3999,46.77808,14547.982,3814451,90046,89291,90178,3776852,3669317,226,164,240,20287,13171,23121,1.1140139,1.2451599,1.0380174,319.81189,25288.08,79.071732,17870.211,,,77.45977,41.150623,194.22102,330.40436,105.95584,,187.9857,,190.98698,326.35852,538.18439,349.83221,526.57843,385.47971,93.130226,43.074692,89.765488,41.943584,,,,,,,,,,,,,,,,,,,,,,,,,,,,,,,,,,,,,,,,
03Aug2021,Iran,,,,,,,,,,,,,,,,,,,,,,,89605,89007,90203,170,154,186,3693142,3352907,4077454,12836,0,22567,229910,9900,1701,61614,1.3244001,,.82421237,76.440857,5535.8604,32.563885,5535.8604,16775.121,25215.387,10812.94,7144.1772,10738.712,4605.0078,1244.1522,1936.3414,801.87085,452.81799,699.32404,292.19644,283.82306,164.94151,430.69449,212272.19,208969.11,216248.92,283.82306,164.94151,430.69449,212272.19,208969.11,216248.92,118.80091,69.040199,180.27745,88851.586,87469.008,90516.148,118.80091,69.040199,180.27745,88851.586,87469.008,90516.148,148.21133,54911.723,30967.691,91159.852,70096792,81731640,59955504,191.5661,111.61256,289.64081,211661.38,208609.66,215373.44,191.5661,111.61256,289.64081,211661.38,208609.66,215373.44,,20354.641,11030.338,34892.547,,,,245.72406,146.09471,368.7063,211677.05,208610.38,215333.16,245.72406,146.09471,368.7063,211677.05,208610.38,215333.16,,46304.742,26417.176,75178.469,,,,.3366906,.19566506,.51091969,251.812,247.89368,256.52948,.3366906,.19566506,.51091969,251.812,247.89368,256.52948,.14092989,.081900284,.21385762,105.40192,103.76181,107.37653,.14092989,.081900284,.21385762,105.40192,103.76181,107.37653,,65.140099,36.736023,108.14015,.51687151,.53262448,.47246072,.94114214,1.011869,.83009362,.53066719,.55302924,.49044135,366.98276,119074.13,324.4679,92091.469,74770.547,72976.047,78235.32,76930.039,74092.406,86222.703,86447.156,77500.352,104708.75,74343.891,72622.492,76056.242,75758.094,73560.844,77941.352,78236.609,74995.258,82101.594,107.78,60.849998,188.42,402.07999,141.95,979.16998,1758.3199,760.14001,3386.1201,117.8,71.669998,177.53,303.28,174.55,476.66,706.20001,400.31,1112.1899,24387042,23469620,26372646,26982384,24982878,31298038,33546396,28071006,42794832,24493060,23410478,25772178,27391322,25044996,30439894,34710760,29350310,41192616,20210.949,9018.8701,41477.059,210436.64,92127.703,420241.84,900564.81,440836.97,1503307.8,22720.391,11880.22,38460.191,237991.77,124747.79,395952.56,1006762.7,595935.5,1471031,2174.26,4040.3401,7337.0498,6816.3599,13766.28,25945.971,18421.66,37437.5,68927.172,2616.1599,4428.7798,6835.9702,8588.0996,15340.61,24576.119,23770.24,42246.488,66390.844,123.53,259.73001,512.27002,804.42999,1767.89,3507.01,3071.1001,6460.5,11699.03,157.71001,289.42999,475.23001,1059.21,1986.09,3282.6699,4068.77,7239.2202,11211.84,1098.64,1945.4301,3403.4199,2819.99,4751.0601,5743.2798,5498.3701,6715.1099,8654.6396,1294.11,2128.3601,3212.71,3499.1499,6138.5298,9712.1699,8888.3301,15687.2,24572.59,38.630001,81.220001,160.2,251.45,552.65997,1096.55,959.85999,2019.65,3657.96,49.310001,90.510002,148.61,331.07999,620.88,1026.3199,1271.6801,2263.1699,3505.51,64070,141980.59,289571.06,630747.38,1438421.5,2865474.3,3025386.3,6143496,10166140,83918.57,159404.17,268604.56,853844.63,1627639.5,2705460.5,4091592.8,6871123,9978288,.56999999,.62,.67000002,1.11,1.16,1.2,1.2,1.4299999,1.52,.60000002,.63,.67000002,1.14,1.1799999,1.21,1.23,1.41,1.53,.73000002,.81,.89999998,1.47,1.63,1.8,2.2,2.4400001,2.7,.77999997,.82999998,.88999999,1.55,1.66,1.78,2.3299999,2.49,2.6700001,.53327531,.67469645,.45427522,.19106938,.1540796,.23300155,.19524635,.1724311,.22524464,.51847702,.60327166,.46159416,.12743299,.13992232,.12038311,.070145629,.067173377,.075606152,189.98169,68157.422,358.75784,144249.34,89622.95,91332.5,92735.02499999999,131,294,463,3703756.15,3949777.5,4239602.9,12248.8,28149,56602.275,1.0444421,1.0694926,.81798834,167.9077,7854.3999,46.77808,13752.756,3837928,90274,89456,90423,3797383,3682538,228,165,245,20531,13221,23477,1.1105158,1.2480146,1.0435746,319.81189,25288.08,79.071732,18028.355,,,75.505882,41.215801,193.47168,330.22128,106.25388,,188.44203,,187.5204,326.15839,523.37012,350.73926,512.17346,388.05667,95.744896,43.246132,90.048248,42.065079,,,,,,,,,,,,,,,,,,,,,,,,,,,,,,,,,,,,,,,,
04Aug2021,Iran,,,,,,,,,,,,,,,,,,,,,,,89771,89159,90383,166,152,180,3705291,3352907,4099093,12149,0,21639,226423,9807,1675,61978,1.3663676,,.8318314,76.440857,5535.8604,33.348557,5535.8604,16478.994,24842.289,10631.114,7018.0625,10579.817,4527.5718,1220.3883,1914.3457,782.95905,444.21677,689.19458,285.38721,279.44308,162.62576,426.60529,212551.63,209130.81,216612.23,279.44308,162.62576,426.60529,212551.63,209130.81,216612.23,116.96758,68.070892,178.56581,88968.555,87536.695,90668.219,116.96758,68.070892,178.56581,88968.555,87536.695,90668.219,148.21133,53891.84,30031.83,89825.117,70150688,81821464,59985536,183.3414,106.95331,279.36707,211844.72,208716.11,215648.89,183.3414,106.95331,279.36707,211844.72,208716.11,215648.89,,19560.838,10433.316,33681.98,,,,240.86728,143.95241,363.48508,211917.91,208761.42,215666.45,240.86728,143.95241,363.48508,211917.91,208761.42,215666.45,,45530.676,25704.242,74328.086,,,,.33149481,.19291796,.50606877,252.14349,248.08549,256.96048,.33149481,.19291796,.50606877,252.14349,248.08549,256.96048,.13875505,.080750413,.21182716,105.54067,103.8421,107.55694,.13875505,.080750413,.21182716,105.54067,103.8421,107.55694,,63.930241,35.625843,106.55679,.51852578,.54151136,.47492874,.93728805,1.0251132,.82942587,.52902198,.56003368,.48902789,366.98276,119074.13,324.4679,90670.313,74873.328,73091.508,78431.961,77350.711,74300.828,87216.156,88355.406,78284.648,108335.64,74456.352,72719.828,76167.273,76071.32,73742,78458.797,79007.609,75450.461,83453.141,102.77,57.43,181.13,420.67999,144.3,1016.89,1908.25,830.91998,3626.8899,112.46,67.949997,170.46001,313.23001,178.7,495.42999,771,435.26001,1215.23,24405998,23479044,26411028,27197840,25071354,31728512,34496620,28515428,44338584,24514404,23422406,25813444,27635344,25175806,30829424,35771204,29981604,42711664,18955.32,8355.96,39204.648,215456.23,93554.43,430475.28,950223.44,471140.28,1543750.5,21343.35,11070.53,36345.512,244021.63,127672.94,406275.34,1060440.3,639057.13,1519049.3,2036.11,3823.6201,6996.9502,6929.3599,14164.15,26860.439,19860.119,40547.461,74304.039,2462.01,4197.6899,6517.0698,8789.8301,15822.91,25479.24,25798.99,45857.73,71834.828,114.37,243.44,484.07999,817.15997,1814.78,3612.8101,3301.72,6923.8799,12355.05,146.86,271.73999,448.97,1082.78,2042.2,3385.45,4400.73,7758.4199,11890.76,1039.41,1858.1899,3275.45,2866.1299,4800.1899,5786.7002,5583.7998,6892.2598,8927.4004,1229.62,2035.1801,3088.3501,3581.03,6333.77,10077.53,9642.6201,17041.09,26638.17,35.759998,76.110001,151.37,255.39,567.25,1129.5,1031.8199,2164.28,3862.5901,45.919998,84.959999,140.38,338.39999,638.34003,1058.33,1375.27,2425.23,3717.3701,59403.309,133227.39,273828.88,640503.75,1472522,2934571.3,3231288.3,6474741,10424289,78246.508,149815.97,253946.7,873835.5,1668740.8,2775601.3,4384263.5,7228828,10289096,.56999999,.62,.67000002,1.1,1.16,1.2,1.14,1.4,1.5,.60000002,.63,.67000002,1.14,1.17,1.2,1.1799999,1.37,1.51,.73000002,.81,.89999998,1.47,1.63,1.8,2.2,2.4400001,2.7,.77999997,.82999998,.88999999,1.55,1.66,1.78,2.3299999,2.49,2.6700001,.54216969,.68729389,.46201155,.19525078,.15424177,.23622495,.20082119,.1763636,.23494016,.52690887,.6137917,.46899879,.12836158,.13996701,.12194439,.072705649,.068109721,.07999938,189.98169,68157.422,358.75784,150922.25,89757.97500000001,91636.5,93204.3,125,298,486,3715385.975,3976942,4294634.8,11415.475,26860.5,55529.05,1.1094358,1.0950048,.87521756,167.9077,7854.3999,46.77808,13939.868,3861762,90506,89622,90672,3818157,3695809,232,166,249,20774,13271,23834,1.1167806,1.2508477,1.044726,319.81189,25288.08,79.071732,18344.643,,,73.186745,41.274921,192.85445,330.04071,106.69079,,189.02806,,184.44411,325.96384,512.1618,351.61719,497.95541,390.43021,90.135902,43.399105,89.543106,42.186783,,,,,,,,,,,,,,,,,,,,,,,,,,,,,,,,,,,,,,,,
05Aug2021,Iran,,,,,,,,,,,,,,,,,,,,,,,89933,89306,90560,162,147,177,3716791,3352907,4119860,11500,0,20767,222535,9699,1646,62323,1.4086957,,.85231376,76.440857,5535.8604,34.171978,5535.8604,16183.29,24461.768,10452.588,6892.1289,10417.761,4451.541,1197.3268,1891.0603,763.99335,435.76794,681.52838,278.72614,274.92044,160.33069,422.09503,212826.55,209289.56,216968.72,274.92044,160.33069,422.09503,212826.55,209289.56,216968.72,115.07452,67.110237,176.67795,89083.625,87603.141,90817.438,115.07452,67.110237,176.67795,89083.625,87603.141,90817.438,148.21133,52889.664,29130.123,88479.82,70203576,81909944,60014664,175.33443,102.85549,269.38278,212020.05,208817.36,215889.36,175.33443,102.85549,269.38278,212020.05,208817.36,215889.36,,18803.002,9869.6943,32520.432,,,,235.93979,141.85573,357.97391,212153.84,208909.66,216001.92,235.93979,141.85573,357.97391,212153.84,208909.66,216001.92,,44770.156,25003.764,73540.641,,,,.32612973,.1901954,.50071841,252.46962,248.2738,257.38336,.32612973,.1901954,.50071841,252.46962,248.2738,257.38336,.13650937,.079610825,.20958765,105.67719,103.92092,107.73395,.13650937,.079610825,.20958765,105.67719,103.92092,107.73395,,62.741394,34.556175,104.96091,.51979995,.55039483,.4770523,.93248105,1.0421345,.82834935,.52700239,.56733751,.48677018,366.98276,119074.13,324.4679,89202.859,74971.172,73201.594,78621.867,77789.898,74515.117,88245.859,90418.68,79137.242,112198.35,74563.547,72798.82,76272.813,76394.688,73927.867,78995.539,79847.844,75955.203,84922.031,97.839996,54.110001,173.84,439.17999,146.69,1054.53,2063.27,904.03998,3862.71,107.2,64.330002,163.41,323.37,182.92,514.56,840.22998,472.97,1323.8101,24423776,23487800,26447292,27418280,25161018,32168848,35494860,28988900,45912448,24534454,23433538,25852464,27885356,25309492,31228264,36882716,30655290,44269184,17778.75,7742.2402,37057.02,220439.92,94986.219,440335.97,998240.38,502577.88,1573867.1,20050.73,10316.57,34347.488,250012.81,130627.59,416329.19,1111514,683443.06,1557518.3,1904.8101,3615.1201,6666.2998,7043.4502,14566.22,27780.74,21391.67,43811.828,79757.906,2314.6899,3974.9099,6207.1699,8994.5996,16312.13,26392.35,27967.381,49646.91,77411.633,105.9,228.17999,457.44,829.96997,1861.8,3717.28,3544.79,7394.79,12970.55,136.77,255.13,424.16,1106.61,2098.53,3487.5801,4750.4502,8283.1201,12539.2,982.13,1772.63,3148.1299,2912.8301,4845.3999,5829.8599,5673.29,7074.3701,9191.29,1166.88,1943.66,2965.0601,3664.3101,6532.3398,10448.3,10451.5,18469.58,28772.51,33.099998,71.330002,143.00999,259.35001,581.87,1162.03,1107.64,2311.23,4054.46,42.75,79.760002,132.60001,345.79999,655.85999,1090.13,1484.4,2588.99,3919.6201,55077.059,125016,258935.23,650295,1506368.5,3001120.3,3444635,6794176.5,10613782,72958.367,140805.56,240082.73,894027.44,1709574.1,2843900.5,4684986.5,7568169.5,10535908,.56999999,.62,.67000002,1.1,1.15,1.1900001,1.09,1.36,1.48,.60000002,.63,.67000002,1.14,1.17,1.1900001,1.13,1.33,1.48,.73000002,.81,.89999998,1.47,1.63,1.8,2.2,2.4400001,2.7,.77999997,.82999998,.88999999,1.55,1.66,1.78,2.3299999,2.49,2.6700001,.55031991,.69889331,.4691149,.19922888,.15443294,.23948306,.2066907,.17988057,.24542797,.53464383,.62355995,.47575533,.12934136,.14003167,.12359451,.075593285,.06920401,.084994838,189.98169,68157.422,358.75784,157559.27,89888.825,91934,93695.02499999999,127,298,498,3729815.375,4009341.5,4360222.9,14111.7,32239,67861.325,.92434627,.89996243,.73384953,167.9077,7854.3999,46.77808,13939.868,3885954,90742,89788,90926,3839174,3709128,236,166,254,21017,13319,24192,1.1229005,1.2463398,1.0499339,319.81189,25288.08,79.071732,18660.928,,,70.987656,41.328445,192.38171,329.86288,107.24078,,189.75246,,181.71249,325.77557,501.93524,352.46582,483.8147,392.56113,108.18456,43.611084,89.055084,42.308678,,,,,,,,,,,,,,,,,,,,,,,,,,,,,,,,,,,,,,,,
06Aug2021,Iran,,,,,,,,,,,,,,,,,,,,,,,90091,89450,90732,158,144,172,3727689,3352907,4139817,10898,0,19957,218324,9578,1614,62650,1.4498073,,.861853,76.440857,5535.8604,35.03709,5535.8604,15888.951,24075.553,10329.628,6766.7759,10253.28,4399.1753,1174.3599,1867.0873,740.43384,427.39096,673.68323,272.05182,270.34055,158.55222,417.37524,213096.89,209445.41,217349.3,270.34055,158.55222,417.37524,213096.89,209445.41,217349.3,113.15749,66.365814,174.70236,89196.781,87668.375,90976.734,113.15749,66.365814,174.70236,89196.781,87668.375,90976.734,148.21133,51905.109,28261.27,87125.555,70255480,81997064,60042928,167.62627,98.966042,259.58572,212187.69,208914,216102.27,167.62627,98.966042,259.58572,212187.69,208914,216102.27,,18079.049,9419.1719,31405.246,,,,231.01515,139.84045,352.28757,212384.86,209055.2,216328.67,231.01515,139.84045,352.28757,212384.86,209055.2,216328.67,,44021.887,24252.576,72746.508,,,,.32069671,.18808565,.49511951,252.79031,248.45868,257.83481,.32069671,.18808565,.49511951,252.79031,248.45868,257.83481,.13423526,.078727737,.20724408,105.81142,103.99831,107.92291,.13423526,.078727737,.20724408,105.81142,103.99831,107.92291,,61.573444,33.525478,103.35439,.52083611,.561023,.47905031,.92718524,1.0506873,.82656801,.52477342,.57660043,.48426732,366.98276,119074.13,324.4679,87716.828,75064.188,73306.391,78804.953,78247.453,74781.867,89311.578,92641.117,80061.297,116288.1,74665.594,72864.273,76372.992,76728.391,74118.563,79551.82,80761.648,76492.391,86461.156,93.019997,50.91,166.59,457.54999,149.10001,1091.97,2222.4299,981.21002,4089.76,102.04,60.810001,156.42,333.70001,187.22,534.01001,913.81,513.56,1437.35,24440452,23497208,26481554,27643656,25251870,32618622,36538804,29499626,47505352,24553292,23443926,25889360,28141306,25446076,31636124,38041856,31372178,45854616,16676.221,7174.02,35027.469,225375.81,96422.273,449773.16,1043945.1,535034.19,1593679.6,18837.33,9614.4805,32459.77,255949.75,133609.48,426067.47,1159141.8,728795.44,1585431.5,1780.38,3415.1299,6345.9302,7158.5698,14971.95,28704.279,23018.98,47218.059,85225.688,2174.28,3760.8,5907.04,9202.3096,16807.619,27313.27,30277.35,53596.82,83064.289,98.050003,213.89,432.25,842.84998,1908.84,3819.97,3800.1299,7869,13533.3,127.37,239.55,400.70001,1130.67,2154.97,3588.71,5117.1299,8807.7305,13144.85,926.91998,1689.04,3022.0701,2960.05,4887.0601,5872.6001,5767.7002,7260.1299,9441.75,1106.05,1854.11,2843.3899,3748.9399,6734,10823.68,11316.1,19967.619,30957.15,30.65,66.860001,135.12,263.34,596.5,1194,1187.29,2459.1799,4229.7402,39.810001,74.879997,125.25,353.26001,673.41998,1121.62,1598.8101,2752.6799,4108.3999,51066.57,117313.33,244846.36,660115.31,1539881.1,3064782.3,3664607.3,7097380,10736468,68028.453,132338.73,226971.38,914404.38,1750034.1,2910044,4991684,7883652,10712659,.56999999,.62,.67000002,1.1,1.15,1.1799999,1.04,1.3200001,1.46,.60000002,.63,.67000002,1.13,1.16,1.1900001,1.0700001,1.29,1.46,.73000002,.81,.89999998,1.47,1.63,1.8,2.2,2.4400001,2.7,.77999997,.82999998,.88999999,1.55,1.66,1.78,2.3299999,2.49,2.6700001,.55780023,.70964396,.47559816,.20301646,.15463233,.24278238,.21288763,.18339202,.25662372,.54169035,.63248348,.4818888,.13037716,.14012478,.12533461,.078835055,.070466958,.090659857,189.98169,68157.422,358.75784,164149.64,90001.85000000001,92211,94161.10000000001,110,278,482,3742398.8,4035598,4412579.575,10621.4,26217.5,56511.575,1.0603604,1.035645,.85292262,167.9077,7854.3999,46.77808,13004.307,3910506,90981,89956,91185,3860434,3722494,239,168,259,21260,13366,24552,1.1241769,1.2569206,1.0549039,319.81189,25288.08,79.071732,18898.145,,,68.974686,41.37693,191.99898,329.68796,107.85332,,190.55844,,179.27565,325.59402,492.57089,353.28506,469.73138,394.41238,94.307556,43.76482,88.953972,42.43121,,,,,,,,,,,,,,,,,,,,,,,,,,,,,,,,,,,,,,,,
07Aug2021,Iran,,,,,,,,,,,,,,,,,,,,,,,90243,89588,90898,152,138,166,3738008,3352907,4159000,10319,0,19183,213838,9445,1580,62960,1.4730109,,.86534953,76.440857,5535.8604,36.420135,5535.8604,15596.541,23684.93,10190.313,6642.2446,10086.922,4339.8438,1151.6991,1842.7124,716.05743,419.23404,665.61218,265.44455,265.71115,156.85599,412.47202,213362.59,209598.44,217720.91,265.71115,156.85599,412.47202,213362.59,209598.44,217720.91,111.21973,65.655815,172.64999,89308.008,87732.422,91132.273,111.21973,65.655815,172.64999,89308.008,87732.422,91132.273,148.21133,50942.922,27426.607,85856.445,70306424,82082920,60070352,160.22578,95.281197,250.0168,212347.91,209006.27,216320.72,160.22578,95.281197,250.0168,212347.91,209006.27,216320.72,,17389.025,9000.6895,30337.404,,,,226.09926,137.90259,346.43961,212610.97,209196.63,216646.63,226.09926,137.90259,346.43961,212610.97,209196.63,216646.63,,43289.742,23481.605,71952.961,,,,.31520501,.18607347,.48930293,253.10553,248.64021,258.27563,.31520501,.18607347,.48930293,253.10553,248.64021,258.27563,.13193657,.077885486,.20480941,105.94335,104.0743,108.10744,.13193657,.077885486,.20480941,105.94335,104.0743,108.10744,,60.432034,32.535347,101.84887,.521586,.57191175,.48042056,.92141902,1.0585989,.82412058,.52229291,.5872792,.48148069,366.98276,119074.13,324.4679,86214.734,75152.5,73396.031,78981.156,78721.82,74961.75,90421.773,95025.648,81060.859,120592.18,74762.578,72932.602,76467.961,77072.578,74314.156,80127.844,81753.219,77061.492,87968.328,88.309998,47.830002,159.42999,474.37,151.53999,1129.04,2384.53,1062.97,4304.0801,97,57.41,149.53999,344.20001,191.58,553.75,991.57001,557.09003,1555.0699,24456096,23512012,26513926,27873908,25343910,33077358,37625468,30067990,49105776,24570990,23453624,25924246,28403122,25585576,32052672,39244356,32132742,47456680,15643.06,6647.9199,33109.602,230251.81,97861.656,458736.94,1086662.3,568364.19,1602195.8,17698.289,8960.6797,30676.369,261816.39,136616.13,435443.19,1202498.8,774758.56,1602063.6,1662.74,3223.8101,6036.4199,7274.6802,15380.78,29628.279,24744.16,50749.98,90637.742,2040.8101,3555.5801,5617.2202,9412.8701,17308.67,28239.619,32729.42,57685.422,88728.008,90.790001,200.5,408.44,855.78998,1955.83,3920.4399,4067.3899,8341.7695,14031.6,118.62,224.92,378.54001,1155.6,2211.3899,3688.4399,5499.5601,9326.0703,13695.48,873.84998,1607.65,2897.78,3007.78,4926.9199,5914.7402,5867.1699,7448,9674.1904,1047.26,1766.8101,2723.79,3834.8701,6938.48,11202.82,12237.11,21528.49,33170.609,28.370001,62.66,127.66,267.34,611.09998,1225.27,1270.65,2606.6499,4384.7598,37.07,70.290001,118.31,360.98999,690.96002,1152.66,1718.13,2914.3701,4279.8901,47348.93,110088.22,231520.5,669958.38,1572980.1,3125223.3,3890190,7379934.5,10784131,63432.672,124383.22,214573.31,934950.06,1790012.1,2973715,5301905,8169940.5,10815141,.56999999,.62,.67000002,1.09,1.15,1.17,.99000001,1.29,1.4400001,.60000002,.63,.67000002,1.13,1.15,1.1799999,1.02,1.25,1.4299999,.73000002,.81,.89999998,1.47,1.63,1.8,2.2,2.4400001,2.7,.77999997,.82999998,.88999999,1.55,1.66,1.78,2.3299999,2.49,2.6700001,.56453151,.71947318,.48152193,.20602226,.15485124,.24611928,.21943617,.18702269,.26863635,.54807556,.640688,.48747617,.13146618,.14023235,.12716928,.082459129,.071904987,.097066678,189.98169,68157.422,358.75784,170183.95,90125.925,92478,94607,101,263,470,3748549.95,4052244.5,4450304.175,5974.875,16875,38121.625,1.5585185,1.6904119,1.232896,167.9077,7854.3999,46.77808,12302.635,3935418,91223,90125,91448,3881935,3735906,242,169,263,21501,13412,24912,1.1255291,1.2600656,1.0557162,319.81189,25288.08,79.071732,19135.359,,,67.888161,41.421585,191.72293,329.51617,108.52826,,191.46344,,177.13803,325.41959,485.38443,354.08109,455.71338,395.95065,64.163498,43.81847,88.847107,42.554344,,,,,,,,,,,,,,,,,,,,,,,,,,,,,,,,,,,,,,,,
08Aug2021,Iran,,,,,,,,,,,,,,,,,,,,,,,90391,89723,91059,148,135,161,3747751,3352907,4177425,9743,0,18425,209102,9302,1545,63252,1.5190393,,.87381274,76.440857,5535.8604,37.404461,5535.8604,15306.658,23348.324,10011.773,6518.7891,9943.5684,4263.8071,1129.3768,1818.0481,691.27832,411.25107,657.24371,256.93625,261.02466,155.2146,407.2829,213623.63,209748.69,218083.38,261.02466,155.2146,407.2829,213623.63,209748.69,218083.38,109.25809,64.968773,170.47798,89417.266,87795.32,91284,109.25809,64.968773,170.47798,89417.266,87795.32,91284,148.21133,50009.461,26628.24,84723.82,70356432,82167648,60096980,153.12245,91.787132,240.68353,212501.03,209094.39,216540.63,153.12245,91.787132,240.68353,212501.03,209094.39,216540.63,,16733.711,8571.5156,29319.143,,,,221.18495,136.03046,340.4234,212832.14,209327,216955.7,221.18495,136.03046,340.4234,212832.14,209327,216955.7,,42579.289,22742.283,71170.32,,,,.30964556,.18412633,.48314726,253.41518,248.81845,258.70563,.30964556,.18412633,.48314726,253.41518,248.81845,258.70563,.12960954,.077070467,.20223281,106.07297,104.1489,108.28741,.12960954,.077070467,.20223281,106.07297,104.1489,108.28741,,59.324696,31.588268,100.50528,.52195054,.58289468,.48071828,.91505378,1.070839,.8209092,.51946604,.59813899,.47832215,366.98276,119074.13,324.4679,84694.125,75236.242,73466.211,79150.5,79211.93,75194.352,91581.398,97573.82,82144.781,125093.94,74854.68,72995.109,76576.328,77427.438,74514.742,80751.297,82826.5,77678.68,89591.906,83.739998,44.880001,152.39,490.10999,154,1165.6,2548.1699,1149.37,4501.7598,92.099998,54.130001,142.8,354.85999,196.02,573.73999,1073.28,603.65002,1676.03,24470770,23525928,26544512,28108962,25437138,33544536,38751200,30670382,50702084,24587620,23462674,25957232,28670718,25728006,32477536,40485164,32937064,49063684,14674.85,6160.7798,31297.34,235055.66,99303.469,467178.5,1125731.8,602393,1599088.6,16629.039,8351.8096,28991.561,267596.28,139644.98,444409.38,1240805.9,820921.56,1607005.1,1551.75,3041.1899,5738.1699,7391.71,15792.14,30549.75,26568.59,54387.629,95919.492,1914.1899,3359.3301,5338.0698,9626.1602,17814.48,29168.85,35352.422,61885.82,94331.297,84.07,187.96001,385.92999,868.78998,2002.64,4018.24,4346.0298,8807.9102,14454.8,110.48,211.2,357.60001,1182.42,2267.6599,3786.3601,5896.1499,9831.4697,14179.38,822.97998,1528.66,2775.71,3055.98,4966.1899,5956.1201,5971.6001,7636.2402,9884.1396,990.59003,1681.96,2606.6399,3922.0801,7145.4902,11584.79,13214.68,23143.721,35388.762,26.27,58.73,120.61,271.35999,625.65002,1255.7,1357.55,2752.01,4516.1802,34.52,65.989998,111.75,369.32001,708.46002,1183.13,1841.85,3071.98,4430.4102,43902.859,103311.36,218917.84,679818.56,1605584,3182116.3,4120168.3,7637552,10756171,59148.531,116908.55,202851.13,955646.94,1829396.8,3034599.8,5612836,8422051,10841224,.56999999,.62,.67000002,1.08,1.14,1.17,.94,1.25,1.42,.60000002,.63,.67000002,1.13,1.15,1.17,.97000003,1.21,1.4,.73000002,.81,.89999998,1.47,1.63,1.8,2.2,2.4400001,2.7,.77999997,.82999998,.88999999,1.55,1.66,1.78,2.3299999,2.49,2.6700001,.57063615,.72847921,.4869104,.20850806,.15508018,.24949777,.22635676,.19080068,.28152034,.55385041,.64812303,.49255714,.1326102,.14037025,.12910168,.086498626,.073533215,.10429525,189.98169,68157.422,358.75784,175830.8,90255.825,92774,95123.05,116,300,546,3759130.775,4077217,4504411.9,9649.275,24768,55122.7,1.2112403,1.2021629,.9905175,167.9077,7854.3999,46.77808,14033.424,3960690,91469,90294,91715,3903678,3749362,246,169,267,21743,13456,25272,1.1313986,1.2559453,1.0565052,319.81189,25288.08,79.071732,19451.646,,,65.831078,41.461552,191.58904,329.34763,109.2832,,192.50536,,175.24301,325.25241,479.59778,354.8577,441.78049,397.14752,82.559998,43.947842,88.386177,42.677608,,,,,,,,,,,,,,,,,,,,,,,,,,,,,,,,,,,,,,,,
09Aug2021,Iran,,,,,,,,,,,,,,,,,,,,,,,90534,89853,91215,143,130,156,3756906,3352907,4195089,9155,0,17664,204116,9148,1507,63527,1.561988,,.88315219,76.440857,5535.8604,38.712311,5535.8604,15019.585,23095.852,9781.4736,6396.5308,9836.0459,4165.7271,1107.3634,1793.2461,666.4024,403.34204,648.67566,248.44031,256.40863,153.69682,402.00925,213880.03,209896.3,218436.72,256.40863,153.69682,402.00925,213880.03,209896.3,218436.72,107.32595,64.333473,168.27057,89524.586,87857.102,91431.898,107.32595,64.333473,168.27057,89524.586,87857.102,91431.898,148.21133,49099.477,25870.408,83598.82,70405536,82251248,60122852,146.37874,88.515244,231.70522,212647.41,209178.64,216749.86,146.37874,88.515244,231.70522,212647.41,209178.64,216749.86,,16109.726,8167.5869,28345.326,,,,216.37939,134.28348,334.40875,213048.53,209454.67,217256.02,216.37939,134.28348,334.40875,213048.53,209454.67,217256.02,,41886.129,22031.271,70392.32,,,,.30416974,.18232584,.47689128,253.71935,248.99356,259.12479,.30416974,.18232584,.47689128,253.71935,248.99356,259.12479,.1273175,.076316833,.19961423,106.20028,104.22219,108.46286,.1273175,.076316833,.19961423,106.20028,104.22219,108.46286,,58.245209,30.689274,99.170723,.52222276,.5941028,.4808791,.90863585,1.083738,.81743711,.51658964,.60951304,.47506425,366.98276,119074.13,324.4679,83196.367,75315.563,73532.461,79313,79717.617,75443.969,92777.18,100285.59,83385.063,129773.02,74942.031,73052.742,76682.75,77793.102,74720.398,81418.406,83985.102,78347.148,91334.109,79.32,42.07,145.5,505.69,156.49001,1201.48,2711.77,1240.28,4679.0801,87.349998,50.98,136.22,365.66,200.52,593.94,1158.6,653.28003,1799.12,24484538,23539010,26573414,28348738,25531556,34019588,39911728,31307298,52282888,24603244,23471124,25988424,28943992,25873376,32910304,41758524,33784796,50663876,13767.5,5709.6899,29584.961,239774.94,100746.84,475050.44,1160528.4,636914.75,1572984.3,15625.26,7784.7598,27399.99,273272.69,142693.31,452919.91,1273359.8,866819.56,1595944,1447.22,2867.24,5451.3999,7509.6099,16205.42,31465.57,28492.76,58107.238,100993.39,1794.3199,3172.05,5069.7798,9842.0703,18324.24,30098.25,38169.48,66166.258,99797.617,77.860001,176.21001,364.66,881.83002,2049.1799,4112.8901,4635.3101,9261.9404,14793.71,102.9,198.32001,337.82001,1209.53,2323.6599,3882.0601,6304.8599,10316.93,14585.99,774.33002,1452.21,2656.22,3104.6299,5005.0898,5996.5498,6080.7798,7822.9399,10067.48,936.12,1599.72,2492.24,4010.51,7354.7402,11968.61,14255,24803.02,37585.238,24.32,55.049999,113.95,275.39999,640.10999,1285.15,1447.76,2893.55,4621.1201,32.150002,61.959999,105.55,377.73001,725.87,1212.91,1969.34,3223.3101,4556.6499,40708.57,96955.141,207000.47,689689.38,1637609.9,3235148.3,4353123.5,7866209.5,10572704,55155,109885.98,191769.09,976475.94,1868075,3092387.8,5921316.5,8635531,10761249,.56999999,.62,.67000002,1.08,1.14,1.16,.88999999,1.21,1.4,.60000002,.63,.67000002,1.12,1.14,1.17,.92000002,1.16,1.37,.73000002,.81,.89999998,1.47,1.63,1.8,2.2,2.4400001,2.7,.77999997,.82999998,.88999999,1.55,1.66,1.78,2.3299999,2.49,2.6700001,.57613945,.7368176,.49180391,.21090195,.15532993,.25291631,.23366684,.1947325,.29746515,.55903071,.65486926,.49715346,.13380773,.14052516,.13113576,.090987638,.075365171,.11273077,189.98169,68157.422,358.75784,181420.25,90375.97500000001,93085,95684,119,314,597,3771663.45,4105178,4565722.475,11152.85,28276.5,63014.625,1.1104628,1.0669918,.94739914,167.9077,7854.3999,46.77808,14688.317,3986323,91718,90465,91987,3925660,3762861,249,171,272,21982,13499,25633,1.132745,1.2667605,1.0611322,319.81189,25288.08,79.071732,19688.861,,,64.020981,41.497185,191.48917,329.18237,110.05509,,193.57726,,173.56909,325.09268,474.15399,355.61447,427.95975,397.98068,90.052551,44.101391,88.281128,42.801414,,,,,,,,,,,,,,,,,,,,,,,,,,,,,,,,,,,,,,,,
10Aug2021,Iran,,,,,,,,,,,,,,,,,,,,,,,90672,89978,91366,138,125,151,3765450,3352907,4211980,8544,0,16891,198863,8984,1468,63783,1.6151686,,.89396721,76.440857,5535.8604,40.114929,5535.8604,14735.584,22836.523,9556.2295,6275.5806,9725.6025,4069.8005,1086.0022,1768.5686,642.98224,395.55862,639.98364,240.30577,251.86569,152.29869,396.65851,214131.89,210041.38,218780.95,251.86569,152.29869,396.65851,214131.89,210041.38,218780.95,105.42439,63.748249,166.03088,89630.016,87917.828,91575.984,105.42439,63.748249,166.03088,89630.016,87917.828,91575.984,148.21133,48207.094,25157.936,82472.758,70453736,82333720,60148012,139.97795,85.451233,223.07487,212787.39,209259.25,216948.94,139.97795,85.451233,223.07487,212787.39,209259.25,216948.94,,15513.652,7785.0161,27410.648,,,,211.68288,132.65685,328.40152,213260.2,209579.72,217547.66,211.68288,132.65685,328.40152,213260.2,209579.72,217547.66,,41205.465,21345.176,69611.813,,,,.29878056,.18066727,.47054386,254.01813,249.16566,259.53314,.29878056,.18066727,.47054386,254.01813,249.16566,259.53314,.12506174,.075622596,.19695736,106.32535,104.29424,108.6338,.12506174,.075622596,.19695736,106.32535,104.29424,108.6338,,57.1866,29.844091,97.834908,.52246606,.6053704,.480957,.90228879,1.0976372,.81382561,.51372522,.62148398,.4717612,366.98276,119074.13,324.4679,81722.328,75390.633,73593.758,79468.742,80239.406,75688.57,94008.32,103159.22,84720.531,134605.66,75024.797,73107.078,76783.672,78169.703,74931.219,82108,85232.211,79070.117,93195.961,75.07,39.389999,138.78,521.79999,159,1236.54,2873.6299,1335.46,4832.6401,82.769997,47.970001,129.81,376.60001,205.08,614.28003,1247.11,706,1923.0699,24497456,23551306,26600722,28593134,25627160,34501896,41102208,31978990,53837336,24617928,23479012,26017920,29222820,26021698,33350524,43058080,34675112,52245784,12917.14,5291.9702,27967.02,244397.31,102190.79,482308.41,1190482.6,671692.75,1524830.9,14682.94,7266.1699,25896.539,278828.63,145758.16,460929.63,1299559.1,911939.88,1569251.6,1348.96,2701.8301,5176.21,7628.3198,16619.99,32372.439,30516.119,61881.391,105781.28,1681.03,2993.6499,4812.4399,10060.48,18837.02,31024.92,41130.68,70490.43,105047.43,72.099998,165.2,344.57001,894.90997,2095.3501,4203.9502,4934.2402,9698.1299,15042.99,95.849998,186.23,319.14001,1236.89,2379.24,3975.1299,6723.1699,10775.33,14906.32,727.90997,1378.39,2539.6001,3153.7,5043.1499,6035.8599,6194.4102,8006.02,10220.54,883.87,1520.21,2380.8401,4100.1001,7565.8901,12353.2,15377.29,26494.41,39732.141,22.52,51.610001,107.65,279.44,654.45001,1313.46,1540.97,3029.47,4697.9399,29.940001,58.169998,99.699997,386.22,743.14001,1241.86,2099.8101,3366.1299,4655.7998,37747.73,90993.602,195732.2,699564.19,1668973.6,3284023.3,4587432.5,8062275.5,10266224,51432.48,103288.42,181293.09,997416.69,1905931.9,3146776.3,6223885.5,8806626,10583129,.56999999,.62,.67000002,1.08,1.13,1.16,.85000002,1.17,1.38,.60000002,.63,.67000002,1.11,1.14,1.16,.88,1.12,1.34,.73000002,.81,.89999998,1.47,1.63,1.8,2.2,2.4400001,2.7,.77999997,.82999998,.88999999,1.55,1.66,1.78,2.3299999,2.49,2.6700001,.58116579,.74433523,.49622735,.21350479,.15559132,.25637954,.24138361,.19882007,.31692958,.5637154,.66018277,.50126386,.13506505,.14069882,.1332698,.095964082,.077417381,.12254695,189.98169,68157.422,358.75784,187199.84,90491,93377.5,96260.25,108,293,578.02502,3783252.675,4131264.5,4623309.125,10625.675,27529.5,61896.175,1.0643128,1.0164061,.93386227,167.9077,7854.3999,46.77808,13705.978,4012317,91970,90636,92264,3947882,3776401,252,171,277,22222,13540,25994,1.1340114,1.2629247,1.0656306,319.81189,25288.08,79.071732,19926.076,,,61.913044,41.528255,191.39999,329.02029,110.82925,,194.65659,,172.06793,324.94031,468.37354,356.34778,414.27835,398.43466,93.957336,44.242611,88.182541,42.925758,,,,,,,,,,,,,,,,,,,,,,,,,,,,,,,,,,,,,,,,
11Aug2021,Iran,,,,,,,,,,,,,,,,,,,,,,,90804,90097,91511,132,119,145,3773423,3352907,4228147,7973,0,16167,193405,8809,1427,64022,1.6555876,,.89688873,76.440857,5535.8604,41.938335,5535.8604,14454.91,22570.797,9330.8164,6156.0474,9612.4355,3973.8018,1065.1736,1743.8501,622.97717,387.9335,631.22217,232.80025,247.26077,150.93269,391.02042,214379.16,210183.97,219115.95,247.26077,150.93269,391.02042,214379.16,210183.97,219115.95,103.49689,63.176479,163.67091,89733.508,87977.516,91716.211,103.49689,63.176479,163.67091,89733.508,87977.516,91716.211,148.21133,47332.727,24471.42,81347.688,70501072,82415064,60172480,133.82811,82.529274,214.66185,212921.22,209336.41,217138.2,133.82811,82.529274,214.66185,212921.22,209336.41,217138.2,,14944.248,7418.5596,26536.295,,,,206.976,131.06528,322.22055,213467.19,209702.22,217830.58,206.976,131.06528,322.22055,213467.19,209702.22,217830.58,,40537.488,20725.223,68829.984,,,,.29331788,.17904684,.46385553,254.31143,249.33482,259.93054,.29331788,.17904684,.46385553,254.31143,249.33482,259.93054,.1227752,.074944325,.19415781,106.44812,104.36504,108.80013,.1227752,.074944325,.19415781,106.44812,104.36504,108.80013,,56.149368,29.029697,96.500275,.52238864,.61677128,.48067796,.89551586,1.1124703,.80893677,.51057923,.63239503,.4681398,366.98276,119074.13,324.4679,80228.18,75461.602,73651.641,79617.82,80777.703,75903.156,95273.859,106191.17,86155.148,139565.17,75103.156,73158.258,76879.297,78557.352,75147.289,82820.063,86570.477,79850.758,95177.188,70.970001,36.849998,132.25,538.28998,161.53,1270.61,3031.95,1434.62,4959.5098,78.360001,45.09,123.6,387.66,209.7,634.72998,1338.27,762.17999,2046.48,24509576,23562864,26626526,28842046,25723948,34990808,42317308,32685450,55355404,24631726,23486376,26045810,29507068,26172978,33797704,44377012,35606672,53798536,12120.15,4905.1201,26438.35,248910.42,103634.28,488910.44,1215100,706460.25,1518066.6,13798.28,6783.9902,24476.33,284247.03,148836.38,468394.91,1318928.9,955728.44,1553001.6,1256.72,2544.79,4912.5801,7747.79,17035.15,33266.961,32636.91,65679.242,110206.77,1574.11,2823.97,4566.0098,10281.25,19351.9,31945.82,44228.699,74817.883,110000.53,66.779999,154.89,325.57999,908.02002,2141.03,4290.96,5241.6099,10110.67,15202.42,89.290001,174.88,301.48001,1264.48,2434.25,4065.1299,7148.0801,11199.61,15133.32,683.70001,1307.29,2426.1001,3203.1699,5079.9399,6073.8599,6312.1099,8183.3501,10340.33,833.85999,1443.53,2272.6399,4190.8198,7778.5801,12737.43,16556.66,28204.25,41800.68,20.860001,48.380001,101.7,283.5,668.64001,1340.51,1636.79,3157.95,4746.5298,27.889999,54.619999,94.169998,394.79001,760.22998,1269.85,2232.3201,3498.23,4725.6499,35003.309,85402.352,185078.66,709435.94,1699592,3328462,4821279.5,8222630.5,10207930,48022.781,97090.328,171390.78,1018448.4,1942852,3197473.3,6516839,8932419,10481263,.56999999,.62,.67000002,1.0700001,1.13,1.16,.81,1.13,1.36,.60000002,.63,.67000002,1.1,1.13,1.15,.83999997,1.08,1.3099999,.73000002,.81,.89999998,1.47,1.63,1.8,2.2,2.4400001,2.7,.77999997,.82999998,.88999999,1.55,1.66,1.78,2.3299999,2.49,2.6700001,.58555382,.75125581,.50022036,.21625851,.15586542,.25988606,.24952267,.20307158,.32669908,.56789684,.66465306,.50497764,.13638137,.14089298,.13551171,.10146642,.079748593,.13177578,189.98169,68157.422,358.75784,193115.75,90614.95,93670,96837.175,105,293,606.02502,3793991.875,4156312.5,4680175.975,9872.975,26396,59479.825,1.1100167,1.0635092,1.0188749,167.9077,7854.3999,46.77808,13705.978,4038671,92226,90808,92546,3970341,3789982,256,172,282,22459,13581,26354,1.1398548,1.2664752,1.0700463,319.81189,25288.08,79.071732,20242.363,,,60.401516,41.555691,191.42838,328.8616,111.66748,,195.85599,,170.7785,324.79532,462.40955,357.05453,400.7652,398.50119,90.088737,44.371864,87.730469,43.050125,,,,,,,,,,,,,,,,,,,,,,,,,,,,,,,,,,,,,,,,
12Aug2021,Iran,,,,,,,,,,,,,,,,,,,,,,,90931,90211,91651,127,114,140,3780877,3352907,4243650,7454,0,15503,187808,8628,1385,64246,1.7037832,,.90305102,76.440857,5535.8604,43.589451,5535.8604,14178.218,22299.541,9071.6768,6038.21,9496.9131,3863.4397,1044.9738,1719.2977,603.85846,380.44775,622.36737,225.49316,242.66949,149.63818,385.21805,214621.83,210324.16,219441.69,242.66949,149.63818,385.21805,214621.83,210324.16,219441.69,101.5751,62.634628,161.2422,89835.086,88036.188,91852.555,101.5751,62.634628,161.2422,89835.086,88036.188,91852.555,148.21133,46475.922,23912.455,80224.125,70547544,82495288,60196396,127.95335,79.304283,206.51863,213049.17,209410.3,217318.09,127.95335,79.304283,206.51863,213049.17,209410.3,217318.09,,14400.114,7043.6646,25730.098,,,,202.31589,128.7766,315.9595,213669.5,209822.25,218104.83,202.31589,128.7766,315.9595,213669.5,209822.25,218104.83,,39881.777,20221.949,68046.961,,,,.28787139,.1775112,.45697239,254.5993,249.50111,260.31696,.28787139,.1775112,.45697239,254.5993,249.50111,260.31696,.12049544,.074301548,.19127668,106.56861,104.43464,108.96188,.12049544,.074301548,.19127668,106.56861,104.43464,108.96188,,55.132965,28.366615,95.167427,.52214026,.6257751,.48017731,.88855791,1.1258953,.80263448,.50728905,.63681597,.46432567,366.98276,119074.13,324.4679,78738.461,75528.648,73706.242,79760.383,81333.359,76122.18,96572.68,109376.01,87692.539,144622.52,75177.281,73206.438,76969.828,78956.156,75376.133,83554.523,88001.961,80692.203,97276.133,67.050003,34.439999,125.92,555.65997,164.08,1303.53,3184.8401,1537.39,5057.3398,74.129997,42.349998,117.59,398.81,214.39,655.21997,1431.48,822.79999,2167.8301,24520948,23573730,26650910,29095348,25821916,35485624,43551288,33426372,56828120,24644694,23493252,26072186,29796578,26327214,34251316,45708148,36577600,55312144,11373.16,4546.8599,24994.07,253302.02,105076.32,494818,1233977.9,740922.63,1485026.6,12967.73,6334.2002,23134.789,289510.81,151924.7,475274.16,1331137.8,997602.94,1536002.9,1170.24,2395.8999,4660.4102,7867.9502,17450.15,34145.602,34852.031,69466.883,114197.84,1473.34,2662.8201,4330.3901,10504.24,19867.84,32857.781,47453.34,79104.648,114578.55,61.849998,145.23,307.64001,921.15002,2186.1001,4373.46,5555.9199,10493.82,15262.88,83.169998,164.24001,284.81,1292.29,2488.5601,4151.6401,7576.1201,11582.99,15262.24,641.67999,1238.9301,2315.8899,3253,5114.5298,6110.3599,6433.4199,8352.71,10426.5,786.08002,1369.72,2167.78,4282.5898,7992.4399,13120.12,17790.189,29917.49,43762.059,19.32,45.360001,96.089996,287.56,682.63,1366.14,1734.78,3277.21,4764.0698,25.969999,51.290001,88.949997,403.41,777.09998,1296.74,2365.79,3617.5,4764.73,32459.51,80158.422,175006.94,719298,1729381.8,3368209.8,5052669.5,8344774,9994493,44852.051,91267.641,162031.44,1039548.4,1978720.3,3244201.5,6796306,9010932,10364100,.56999999,.62,.67000002,1.0599999,1.12,1.15,.76999998,1.09,1.33,.60000002,.63,.67000002,1.09,1.13,1.15,.80000001,1.04,1.28,.73000002,.81,.89999998,1.47,1.63,1.8,2.2,2.4400001,2.7,.77999997,.82999998,.88999999,1.55,1.66,1.78,2.3299999,2.49,2.6700001,.58954591,.75744581,.5037995,.21936658,.15615317,.26343626,.25809538,.2074967,.34055549,.57164973,.66859269,.50828212,.13775305,.14111596,.13786148,.10753808,.082477704,.1411345,189.98169,68157.422,358.75784,199347.38,90732.925,93961.5,97440,105.975,290,606.02502,3807479.975,4186557.5,4745295.275,12375.025,31999,70645.075,.90627831,.85636187,.85784471,167.9077,7854.3999,46.77808,13565.644,4065385,92486,90981,92833,3993036,3803602,260,173,287,22695,13620,26714,1.1456268,1.270191,1.0743431,319.81189,25288.08,79.071732,20558.65,,,58.692913,41.579628,191.51942,328.7063,112.54191,,197.12628,,169.62207,324.65756,455.85794,357.72958,387.45364,398.17953,110.34138,44.556095,87.28846,43.174492,,,,,,,,,,,,,,,,,,,,,,,,,,,,,,,,,,,,,,,,
13Aug2021,Iran,,,,,,,,,,,,,,,,,,,,,,,91053,90321,91785,122,110,134,3787843,3352907,4258527,6966,0,14877,182115,8441,1343,64455,1.7513638,,.90071923,76.440857,5535.8604,45.375904,5535.8604,13905.954,22023.338,8774.6699,5922.2583,9379.2842,3736.9504,1025.155,1694.5415,585.21643,373.17722,613.62231,218.50436,238.09721,148.41255,379.26443,214859.92,210461.98,219758.16,238.09721,148.41255,379.26443,214859.92,210461.98,219758.16,99.66127,62.121613,158.75017,89934.75,88093.883,91985.016,99.66127,62.121613,158.75017,89934.75,88093.883,91985.016,148.21133,45629.242,23314.367,79090.336,70593176,82574384,60219708,122.34515,75.807495,198.6456,213171.52,209481.09,217488.98,122.34515,75.807495,198.6456,213171.52,209481.09,217488.98,,13877.868,6675.7651,24801.883,,,,197.7144,126.10049,309.64374,213867.22,209939.89,218370.47,197.7144,126.10049,309.64374,213867.22,209939.89,218370.47,,39232.25,19725.58,67253.102,,,,.28244746,.17605726,.44990981,254.88176,249.66461,260.69238,.28244746,.17605726,.44990981,254.88176,249.66461,260.69238,.11822512,.07369297,.18832047,106.68684,104.50308,109.11902,.11822512,.07369297,.18832047,106.68684,104.50308,109.11902,,54.128574,27.657122,93.822449,.52180839,.63657123,.47953323,.88158458,1.1355627,.80092949,.50395888,.63927388,.46041554,366.98276,119074.13,324.4679,77254.898,75591.953,73757.703,79896.563,81906.922,76346.148,97903.523,112706.43,89335.852,149747.02,75247.359,73251.75,77073.547,79366.211,75611.711,84311.203,89527.961,81597.469,99489.602,63.299999,32.169998,119.8,573.56,166.64999,1335.14,3330.4199,1643.3101,5126.8999,70.07,39.75,111.79,410.04001,219.13,675.70001,1526,886.58002,2285.55,24531622,23583948,26673954,29352908,25921060,35985620,44798108,34201132,58247740,24656882,23499670,26097128,30091182,26484410,34710800,47044156,37585480,56777732,10673,4215.0298,23629.539,257560.08,106515.85,499996.44,1246820.1,774760.31,1464660.6,12187.94,5914.5801,21867.58,294603.03,155019.72,481528.38,1336010,1036965.4,1512388.9,1089.26,2254.9099,4419.5298,7988.7402,17864.189,35004.77,37156.898,73207.883,117689.2,1378.48,2509.95,4105.3999,10729.3,20383.779,33757.5,50791.352,83304.141,118707.58,57.290001,136.17999,290.70001,934.29999,2230.47,4451.0098,5875.4502,10842.07,15224.1,77.489998,154.25,269.07001,1320.28,2542,4234.2402,8003.3701,11919.22,15290.85,601.79999,1173.35,2209.1201,3303.1699,5146.29,6145.1899,6557.79,8511.9004,10477.1,740.52002,1298.8,2066.3701,4375.3599,8207.0596,13500.03,19073.891,31617.859,45588.328,17.889999,42.52,90.779999,291.62,696.40002,1390.22,1834.37,3385.52,4750.4902,24.190001,48.16,84.019997,412.10001,793.70001,1322.4,2498.99,3721.96,4772.3398,30101.66,75240.258,165485.94,729142.88,1758261.6,3403036.3,5279450,8426908,9859717,41892.109,85797.688,153185.73,1060693.8,2013422.3,3286700.3,7058340.5,9041193,10206731,.56999999,.62,.67000002,1.0599999,1.12,1.15,.74000001,1.0599999,1.3099999,.60000002,.63,.67000002,1.08,1.12,1.14,.75999999,1,1.24,.73000002,.81,.89999998,1.47,1.63,1.8,2.2,2.4400001,2.7,.77999997,.82999998,.88999999,1.55,1.66,1.78,2.3299999,2.49,2.6700001,.59308535,.76322114,.50699258,.22268979,.15645558,.26702991,.26711309,.2121056,.35004014,.57491255,.672068,.51121342,.13918391,.14135621,.14032403,.1142207,.085497551,.15112185,189.98169,68157.422,358.75784,205769.14,90826.89999999999,94239.5,97993.05,92,269.5,584.02502,3817164.725,4212622.5,4803061.875,9276.85,25774,57731.05,1.0456274,.99171597,1.0116307,167.9077,7854.3999,46.77808,12606.692,4092458,92749,91155,93124,4015967,3817260,263,174,291,22931,13658,27073,1.146919,1.2739786,1.0748717,319.81189,25288.08,79.071732,20795.865,,,57.098362,41.600418,191.64122,328.55441,113.43211,,198.42889,,168.6098,324.52689,449.05518,358.36908,374.37326,397.47607,95.63636,44.701241,87.190117,43.299301,,,,,,,,,,,,,,,,,,,,,,,,,,,,,,,,,,,,,,,,
14Aug2021,Iran,,,,,,,,,,,,,,,,,,,,,,,91170,90426,91914,117,105,129,3794341,3352907,4272805,6498,0,14278,176351,8248,1300,64650,1.800554,,.90348786,76.440857,5535.8604,47.315044,5535.8604,13638.384,21742.549,8474.8662,5808.3057,9259.7021,3609.2705,1005.6745,1669.5367,567.15424,366.05783,604.89337,211.72835,233.53014,147.24156,373.14221,215093.45,210597.53,220069.33,233.53014,147.24156,373.14221,215093.45,210597.53,220069.33,97.749603,61.631466,156.18758,90032.5,88150.617,92115.266,97.749603,61.631466,156.18758,90032.5,88150.617,92115.266,148.21133,44798.672,22724.189,77957.844,70637976,82652336,60242432,116.9855,71.483749,191.02664,213288.5,209548.97,217651.27,116.9855,71.483749,191.02664,213288.5,209548.97,217651.27,,13378.347,6329.7295,23904.652,,,,193.16362,123.30283,303.2674,214060.38,210055.2,218627.59,193.16362,123.30283,303.2674,214060.38,210055.2,218627.59,,38594.211,19246.334,66458.227,,,,.27702966,.17466816,.44264722,255.15878,249.82541,261.06152,.27702966,.17466816,.44264722,255.15878,249.82541,261.06152,.11595737,.073111527,.18528055,106.8028,104.57038,109.27353,.11595737,.073111527,.18528055,106.8028,104.57038,109.27353,,53.143295,26.95701,92.479004,.5212881,.64795077,.47864613,.87443918,1.1293334,.79911911,.50049895,.64065617,.45632786,366.98276,119074.13,324.4679,75773.031,75651.656,73805.344,80026.539,82498.313,76569.398,99264.93,116173.21,91087.719,154907.03,75313.547,73294.328,77184.828,79787.539,75852.82,85089.891,91149.008,82569.422,101812.94,59.709999,30.02,113.9,591.39001,169.24001,1365.29,3466.79,1751.87,5165.2598,66.199997,37.279999,106.21,421.34,223.92,696.09998,1621.05,953.38,2398.03,24541638,23593552,26695732,29614580,26021378,36490036,46051556,35008768,59607848,24668338,23505664,26120716,30390688,26644556,35175560,48377688,38627348,58187716,10016.69,3907.6799,22340.369,261672.88,107951.77,504468.09,1253447,807633.63,1438391.3,11455.8,5523.1001,20670.59,299506.94,158117.86,487121.59,1333530.4,1073217.6,1482730.3,1013.5,2121.53,4189.6899,8110.0801,18276.43,35840.809,39545.32,76863.938,120624.52,1289.28,2365.1001,3890.8201,10975.25,20898.6,34641.578,54226.238,87368.063,122320.63,53.07,127.71,274.69,947.46002,2274.01,4523.1899,6198.1699,11150.3,15046.68,72.190002,144.88,254.2,1348.4399,2594.4199,4312.5,8425.46,12202.76,15197.75,564.02002,1110.54,2105.8899,3353.6499,5175.1602,6178.1699,6684.5898,8658.79,10490.25,697.14001,1230.79,1968.48,4469.0698,8422.0195,13875.85,20402.631,33288.191,47253.23,16.57,39.869999,85.769997,295.69,709.90997,1412.63,1934.95,3481.27,4689.0098,22.540001,45.23,79.370003,420.82999,809.96997,1346.71,2630.5601,3809.9099,4740.6001,27916.15,70627.617,156486.06,738963.25,1786152.3,3433172,5499345.5,8467994,9683071,39128.961,80659.148,144825.95,1081859.4,2046844.9,3324729.8,7299036,9023251,10009984,.56999999,.62,.67000002,1.05,1.11,1.14,.69999999,1.02,1.28,.60000002,.63,.67000002,1.0700001,1.11,1.14,.72000003,.95999998,1.21,.73000002,.81,.89999998,1.47,1.63,1.8,2.2,2.4400001,2.7,.77999997,.82999998,.88999999,1.55,1.66,1.78,2.3299999,2.49,2.6700001,.59610504,.7682308,.50983942,.22600356,.15677372,.27063951,.27658051,.21691395,.35909978,.57787323,.6749832,.51382184,.14067787,.14161588,.14290066,.12156079,.088833801,.16173071,189.98169,68157.422,358.75784,212165.81,90911.89999999999,94491.5,98539.27499999999,84,253.5,569.02502,3822330.075,4229365.5,4841852.05,5106.6,16651,38497.15,1.5224311,1.6449301,1.4780965,167.9077,7854.3999,46.77808,11858.243,4119891,93015,91329,93421,4039130,3830953,266,174,297,23163,13693,27433,1.1483831,1.2707223,1.0826377,319.81189,25288.08,79.071732,21033.08,,,55.53846,41.618305,191.8325,328.40598,114.35901,,199.80061,,167.75566,324.40317,442.47092,358.97195,361.55838,396.40427,65.684418,44.759216,87.078949,43.424503,,,,,,,,,,,,,,,,,,,,,,,,,,,,,,,,,,,,,,,,
15Aug2021,Iran,,,,,,,,,,,,,,,,,,,,,,,91282,90526,92038,112,100,124,3800375,3352907,4286495,6034,0,13690,170524,8051,1256,64831,1.8561485,,.90577066,76.440857,5535.8604,49.427326,5535.8604,13375.74,21457.539,8171.0293,5696.4512,9138.3223,3479.8726,986.52844,1644.3126,549.75397,359.12772,596.18317,205.17015,228.98143,146.12337,367.58206,215322.44,210730.69,220434.66,228.98143,146.12337,367.58206,215322.44,210730.69,220434.66,95.845634,61.163418,153.86024,90128.344,88206.352,92268.188,95.845634,61.163418,153.86024,90128.344,88206.352,92268.188,148.21133,44000.188,22140.818,76855.844,70681976,82729192,60264572,111.8642,67.314568,183.65703,213400.36,209614.09,217805.33,111.8642,67.314568,183.65703,213400.36,209614.09,217805.33,,12905.199,6006.3345,23052.135,,,,188.66701,119.33343,297.1731,214249.05,210168.25,218876.27,188.66701,119.33343,297.1731,214249.05,210168.25,218876.27,,37981.113,18790.238,65686.422,,,,.27163365,.17334168,.43605137,255.43042,249.98337,261.4949,.27163365,.17334168,.43605137,255.43042,249.98337,261.4949,.11369875,.072556295,.1825197,106.9165,104.6365,109.45493,.11369875,.072556295,.1825197,106.9165,104.6365,109.45493,,52.196075,26.264977,91.171738,.52041012,.65997273,.4782747,.86681503,1.1207262,.79670292,.496739,.63508201,.45241177,366.98276,119074.13,324.4679,74297.125,75707.961,73846.344,80150.477,83106.93,76780.148,100657.99,119765.36,92950.203,160070.81,75376.047,73334.344,77290.43,80220.211,76099.5,85827.352,92864.758,83610.711,104239.95,56.299999,28,108.23,608.62,171.84,1393.8199,3592.1399,1862.48,5171.8101,62.5,34.939999,100.86,432.67001,228.77,716.34998,1715.75,1023.01,2503.6699,24551040,23601860,26716312,29880210,26122860,36998084,47305356,35847956,60903400,24679106,23511262,26143024,30694894,26807648,35644972,49701528,39704068,59535880,9401.46,3622.99,21122.41,265629,109382.96,508296.84,1253800.8,839187.81,1417792.6,10768.35,5157.8398,19539.93,304206.16,161215.3,492021.22,1323841,1105780.8,1448836.6,942.70001,1995.49,3970.6201,8231.9199,18686.01,36650.039,42009.371,80395.594,122958.18,1205.48,2227.98,3686.3601,11226.22,21411.15,35506.57,57738.219,91247.609,125359.88,49.16,119.77,259.56,960.60999,2316.6101,4589.6099,6521.8101,11413.9,14624.9,67.279999,136.08,240.14999,1376.72,2645.6699,4386.0298,8837.7402,12428.99,14958.52,528.27002,1050.47,2006.27,3404.3999,5201.5698,6209.1299,6813.0601,8791.3398,10466.24,655.90002,1165.67,1874.15,4563.6499,8636.8701,14246.27,21770.07,34910.809,48733.012,15.35,37.389999,81.040001,299.75,723.13,1433.22,2035.8,3563.04,4555.3901,21,42.48,74.970001,429.60001,825.88,1369.53,2759.05,3879.8799,4664.2402,25890.359,66301.469,147979.23,748751.5,1812977.8,3458908,5709998,8467779,9554629,36549.512,75831.961,136925.77,1103020.1,2078878.1,3358071.8,7514637,8958145,9785735,.56999999,.62,.67000002,1.04,1.1,1.14,.67000002,.98000002,1.26,.60000002,.63,.67000002,1.0599999,1.11,1.14,.69,.93000001,1.1799999,.73000002,.81,.89999998,1.47,1.63,1.8,2.2,2.4400001,2.7,.77999997,.82999998,.88999999,1.55,1.66,1.78,2.3299999,2.49,2.6700001,.59884316,.77284235,.51239419,.22912408,.15709943,.27421376,.28650007,.2219384,.36477903,.58040464,.67741537,.51617384,.14222921,.14190342,.14559332,.12960394,.092514724,.17280553,189.98169,68157.422,358.75784,218347.2,91016.97500000001,94773.5,99171.14999999999,96,286,653.04999,3831846.775,4253231,4893030.325,8198.549999999999,24545.5,53644.1,1.1651831,1.1709387,1.2173753,167.9077,7854.3999,46.77808,13378.531,4147680,93285,91505,93722,4062526,3844682,270,176,301,23396,13729,27789,1.1540434,1.2819579,1.0831624,319.81189,25288.08,79.071732,21349.367,,,53.875,41.633347,192.15614,328.26108,115.36487,,201.31296,,166.98863,324.2861,436.44473,359.53934,349.04007,394.98361,85.823425,44.87785,86.651855,43.549618,,,,,,,,,,,,,,,,,,,,,,,,,,,,,,,,,,,,,,,,
16Aug2021,Iran,,,,,,,,,,,,,,,,,,,,,,,91388,90620,92156,106,94,118,3805943,3352907,4299600,5568,0,13105,164630,7849,1212,64998,1.9037356,,.90041971,76.440857,5535.8604,52.225098,5535.8604,13118.199,21168.631,7880.0068,5586.7695,9015.2822,3355.9319,967.74805,1618.9585,533.00812,352.32428,587.4024,198.85732,224.49748,143.6534,363.43616,215546.94,210860.45,220793.52,224.49748,143.6534,363.43616,215546.94,210860.45,220793.52,93.968781,60.129555,152.12486,90222.313,88260.672,92418.398,93.968781,60.129555,152.12486,90222.313,88260.672,92418.398,148.21133,43229.418,21579.385,75778.25,70725208,82804976,60286152,106.99092,64.144257,176.56393,213507.36,209676.59,217951.55,106.99092,64.144257,176.56393,213507.36,209676.59,217951.55,,12455.682,5703.3892,22287.217,,,,184.26166,115.28557,292.39008,214433.31,210279.14,219116.64,184.26166,115.28557,292.39008,214433.31,210279.14,219116.64,,37388.48,18354.406,64931,,,,.26631451,.17041163,.43113318,255.69673,250.13731,261.92059,.26631451,.17041163,.43113318,255.69673,250.13731,261.92059,.11147229,.071329854,.18046108,107.02797,104.70094,109.63312,.11147229,.071329854,.18046108,107.02797,104.70094,109.63312,,51.281734,25.598965,89.893417,.51931643,.6656974,.47960484,.85897285,1.1246691,.79222065,.49283004,.62810838,.45030892,366.98276,119074.13,324.4679,72842.227,75761.008,73884.867,80268.602,83732.008,76969.82,102078.57,123470.16,94924.641,165207.14,75435.023,73371.891,77390.609,80664.227,76340.117,86535.141,94673.93,84723.688,106762.97,53.049999,26.09,102.78,625.08002,174.46001,1420.58,3704.8,1974.4399,5147.0698,58.970001,32.73,95.720001,444.01999,233.66,736.39001,1809.17,1095.21,2600.95,24559864,23608786,26735766,30149626,26225502,37508960,48553300,36717016,62130728,24689228,23516490,26164124,31003578,26973672,36118388,51008760,40838180,60817444,8824.7002,3359.26,19971.73,269417.44,110808.3,511323.91,1247946,869060.81,1389415.3,10122.85,4817.04,18471.93,308684.81,164308.17,496198.31,1307231.8,1134113.3,1407308.6,876.59003,1876.47,3762,8354.1699,19092.029,37428.801,44539.34,83763.109,124699.97,1126.8101,2098.28,3491.74,11479.6,21920.211,36348.922,61304.23,94894.617,127778.57,45.549999,112.33,245.28,973.73999,2358.1499,4649.8901,6843.8799,11628.98,14458.53,62.790001,127.82,226.89,1405.11,2695.5901,4454.4199,9235.2695,12594.33,14761.63,494.48999,993.09998,1910.27,3455.4099,5226.0498,6237.8999,6942.3701,8907.7197,10380.25,616.75,1103.4,1783.38,4666.6299,8851.1699,14609.91,23168.641,36467.859,50007.141,14.21,35.060001,76.57,303.81,736.01001,1451.9,2136.1499,3629.5901,4511.46,19.59,39.900002,70.82,438.39999,841.37,1390.75,2882.8999,3930.77,4605.6201,24012.59,62243.969,139938.72,758500.06,1838664.5,3479246,5909008,8426792,9356873,34141.531,71297.219,129460.09,1124149.3,2109414.8,3386535.8,7701650,8847840,9511187,.56999999,.62,.67000002,1.03,1.1,1.13,.64999998,.94999999,1.23,.60000002,.63,.67000002,1.05,1.1,1.13,.66000003,.88999999,1.14,.73000002,.81,.89999998,1.47,1.63,1.8,2.2,2.4400001,2.7,.77999997,.82999998,.88999999,1.55,1.66,1.78,2.3299999,2.49,2.6700001,.60115355,.77665913,.5146274,.23201172,.15744309,.2778239,.29687181,.22719239,.37044865,.58254349,.67946291,.5181917,.14384252,.14220838,.14840639,.13839704,.096569717,.18481731,189.98169,68157.422,358.75784,224252.36,91126.8,95081.5,99829.425,99,299,701.02502,3842822.3,4280356.5,4943526.8,9515.5,27905,59485.3249999999,1.0714926,1.0404078,1.178484,167.9077,7854.3999,46.77808,13986.646,4175827,93558,91681,94028,4086150,3858443,273,176,306,23624,13761,28147,1.1556045,1.2789768,1.0871496,319.81189,25288.08,79.071732,21586.582,,,52.528301,41.645981,192.56082,328.11975,116.41812,,202.90971,,166.34685,324.17551,431.01273,360.07288,336.8457,393.23917,93.327759,45.017765,86.534798,43.675045,,,,,,,,,,,,,,,,,,,,,,,,,,,,,,,,,,,,,,,,
17Aug2021,Iran,,,,,,,,,,,,,,,,,,,,,,,91490,90711,92269,102,91,113,3811083,3352907,4312164,5140,0,12564,158712,7644,1168,65152,1.9844358,,.89939511,76.440857,5535.8604,54.27314,5535.8604,12865.717,20875.844,7601.6816,5479.2432,8890.5898,3237.3989,949.30634,1593.4624,516.87781,345.64026,578.54956,192.77705,220.20343,138.86333,359.26199,215767.14,210988.03,221146.3,220.20343,138.86333,359.26199,215767.14,210988.03,221146.3,92.171402,58.124554,150.37767,90314.484,88314.07,92566.055,92.171402,58.124554,150.37767,90314.484,88314.07,92566.055,148.21133,42476.246,21038.113,74708.508,70767680,82879680,60307192,102.41307,61.314743,169.98801,213609.77,209736.59,218090.67,102.41307,61.314743,169.98801,213609.77,209736.59,218090.67,,12025.84,5418.2817,21678.322,,,,180.05304,111.36503,288.01456,214613.36,210386.83,219349.48,180.05304,111.36503,288.01456,214613.36,210386.83,219349.48,,36807.863,17866.658,64116.227,,,,.2612206,.16472931,.4261815,255.95796,250.28864,262.33908,.2612206,.16472931,.4261815,255.95796,250.28864,262.33908,.10934011,.068951383,.17838843,107.13731,104.76428,109.80828,.10934011,.068951383,.17838843,107.13731,104.76428,109.80828,,50.388271,24.956871,88.62442,.51841545,.66005599,.48088497,.85160846,1.1316271,.7841382,.48917004,.623312,.44920698,366.98276,119074.13,324.4679,71448.945,75810.977,73921.07,80381.07,84372.578,77147.188,103524.01,127273.39,97011.633,170286.05,75490.648,73407.133,77485.594,81119.578,76585.141,87261.273,96574.273,85910.406,109372.97,49.970001,24.309999,97.550003,640.57001,177.09,1445.4399,3803.23,2086.99,5072.02,55.619999,30.65,90.800003,455.35999,238.71001,756.15002,1900.34,1169.65,2688.4299,24568148,23615284,26754152,30422654,26329298,38021844,49789368,37613904,63287456,24698746,23521372,26184080,31316506,27142610,36595140,52292884,41995904,62029012,8283.9805,3114.9399,18884.609,273027.69,112226.63,513533,1236065.5,890435.5,1348864.8,9516.7002,4499.04,17463.1,312927.59,167392.48,499628.5,1284124.8,1126513,1365333,814.90002,1764.17,3563.51,8476.7695,19493.609,38173.461,47123.66,86927.359,125802.29,1053.02,1975.7,3306.6299,11735.22,22424.529,37165.078,64898,98262.813,129542.38,42.200001,105.36,231.78999,986.85999,2398.53,4703.6899,7161.6201,11792.42,14150.49,58.599998,120.08,214.37,1433.5699,2744.03,4517.3198,9612.9297,12696.41,14609.15,462.62,938.39001,1817.92,3506.6299,5249.3198,6264.3301,7071.5801,9006.29,10215.38,579.63,1043.9301,1696.17,4772.1099,9064.4199,14965.38,24589.6,37941.801,51058.879,13.17,32.880001,72.339996,307.85999,748.53003,1468.55,2235.1201,3679.97,4412.3398,18.280001,37.470001,66.900002,447.22,856.39001,1410.25,3000.52,3961.8401,4555.6401,22272.01,58438.359,132339.2,768200.31,1863142.6,3494080.3,6058413.5,8346308.5,9088937,31893.59,67037.18,122405.3,1145219.3,2138351.8,3409957.3,7677382.5,8695126,9235022,.56999999,.62,.67000002,1.02,1.09,1.13,.62,.92000002,1.2,.60000002,.63,.67000002,1.04,1.09,1.13,.63999999,.86000001,1.11,.73000002,.81,.89999998,1.47,1.63,1.8,2.2,2.4400001,2.7,.77999997,.82999998,.88999999,1.55,1.66,1.78,2.3299999,2.49,2.6700001,.60321248,.78043234,.51655823,.23461723,.15779677,.28146973,.30768839,.23437858,.37602139,.58444625,.68125641,.51995355,.14551608,.14260498,.15134245,.14798717,.10382925,.19690654,189.98169,68157.422,358.75784,229809.52,91216.89999999999,95350,100467.125,89,279,676.02502,3853354.75,4306352.5,4998472.525,9081.9,27291,57203.4,1.022315,.97997117,1.1817917,167.9077,7854.3999,46.77808,13051.084,4204328,93835,91858,94339,4110003,3872236,277,177,311,23853,13793,28501,1.1612796,1.2832596,1.0911897,319.81189,25288.08,79.071732,21902.869,,,50.392159,41.655731,192.89548,327.98172,117.42485,,204.42789,,165.77907,324.07111,426.22614,360.57513,325.00415,391.20013,97.817207,45.163635,86.111916,43.80032,,,,,,,,,,,,,,,,,,,,,,,,,,,,,,,,,,,,,,,,
18Aug2021,Iran,,,,,,,,,,,,,,,,,,,,,,,91586,90796,92376,96,85,107,3815841,3352907,4324238,4758,0,12074,152817,7436,1124,65295,2.0176544,,.88620174,76.440857,5535.8604,57.665211,5535.8604,12617.985,20579.809,7334.7891,5373.7388,8764.5146,3123.7351,931.28949,1569.5449,501.38684,339.09183,569.66425,186.93007,216.03896,134.34859,354.97116,215983.17,211113.36,221493.25,216.03896,134.34859,354.97116,215983.17,211113.36,221493.25,90.428261,56.234806,148.58165,90404.914,88366.531,92711.289,90.428261,56.234806,148.58165,90404.914,88366.531,92711.289,148.21133,41740.168,20516.197,73646.742,70809424,82953328,60327708,98.086685,58.474487,163.85982,213707.86,209794.16,218223.34,98.086685,58.474487,163.85982,213707.86,209794.16,218223.34,,11614.858,5149.9263,21091.766,,,,175.9897,107.6089,283.59189,214789.34,210492.11,219577.42,175.9897,107.6089,283.59189,214789.34,210492.11,219577.42,,36239.531,17344.523,63038.477,,,,.25628042,.15937363,.42109144,256.21423,250.43732,262.75067,.25628042,.15937363,.42109144,256.21423,250.43732,262.75067,.10727228,.06670963,.17625786,107.24458,104.82652,109.98056,.10727228,.06670963,.17625786,107.24458,104.82652,109.98056,,49.515087,24.337736,87.364876,.51758045,.65484154,.48199168,.84449315,1.1354432,.77688998,.48562908,.62042004,.44987109,366.98276,119074.13,324.4679,70097.703,75858.023,73955.07,80488.117,85027.867,77326.961,104992.26,131159.52,99210.938,175279.44,75543.094,73440.172,77575.602,81586.25,76835.492,88005.398,98562.523,87172.477,112059.67,47.040001,22.629999,92.550003,655.28998,179.73,1468.26,3886.1299,2199.3,4930.77,52.439999,28.68,86.089996,466.67001,244.16,775.53998,1988.25,1245.96,2764.8501,24575926,23621382,26771532,30699104,26434236,38535904,51007816,38536228,64372412,24707692,23525930,26202954,31633426,27314442,37078412,53547940,43172108,63168524,7777.0098,2888.5901,17857.529,276449.72,113636.7,514913.19,1218450.9,882122.63,1315987.9,8947.4805,4202.2998,16510.15,316919.91,170463.94,502291.59,1255055.1,1130188.1,1330461.8,757.37,1658.27,3374.78,8599.6396,19889.84,38880.48,49748.871,89850.727,126241.43,983.84998,1859.92,3130.6899,11992.84,22922.84,37951.512,68490.328,101309.04,130630.35,39.099998,98.830002,219.05,999.94,2437.6399,4750.71,7472.1401,11902.01,13937.53,54.689999,112.81,202.53999,1462.0699,2790.8201,4574.3599,9965.5801,12734.08,14386.86,432.57001,886.28003,1729.1899,3558.04,5271.8398,6288.2798,7199.6802,9085.71,10166.19,544.46997,987.21997,1612.48,4878.6001,9276.1396,15311.27,26023.02,39315.738,51875.699,12.2,30.84,68.360001,311.89999,760.65002,1483.08,2331.8301,3713.48,4346.5,17.059999,35.200001,63.200001,456.06,870.90002,1427.91,3110.3,3972.74,4485.9702,20658.561,54868.898,125156.68,777844.75,1886345.6,3503340,6028734.5,8228290.5,8874563,29795.02,63035.141,115738.91,1166201.3,2165591,3428205.3,7676919,8503485,9000848,.56999999,.62,.67000002,1.01,1.09,1.12,.60000002,.88999999,1.17,.60000002,.63,.67000002,1.03,1.09,1.12,.61000001,.82999998,1.0700001,.73000002,.81,.89999998,1.47,1.63,1.8,2.2,2.4400001,2.7,.77999997,.82999998,.88999999,1.55,1.66,1.78,2.3299999,2.49,2.6700001,.60485971,.78342718,.51826882,.23703767,.15816192,.2851471,.31894022,.24931909,.37468204,.58608675,.68248343,.52143675,.14725173,.14323264,.15440035,.15841934,.11024359,.20781131,189.98169,68157.422,358.75784,235090.42,91300,95635.5,101121.85,87,278,701.04999,3863395.775,4332993.5,5051315.225,8366.025,26142,53738.125,1.0634228,1.0399204,1.3045672,167.9077,7854.3999,46.77808,13004.307,4233182,94116,92035,94656,4134080,3886060,281,177,317,24077,13824,28854,1.1670889,1.2803819,1.0986345,319.81189,25288.08,79.071732,22219.156,,,49.5625,41.664021,193.20668,327.84695,118.41422,,205.91847,,165.32759,323.97266,421.87387,361.04755,313.53839,388.89908,94.035973,45.307377,85.683273,43.925369,,,,,,,,,,,,,,,,,,,,,,,,,,,,,,,,,,,,,,,,
19Aug2021,Iran,,,,,,,,,,,,,,,,,,,,,,,91678,90876,92480,92,80,104,3820247,3352907,4335855,4406,0,11617,146976,7228,1081,65427,2.0880618,,.89523971,76.440857,5535.8604,60.172394,5535.8604,12375.042,20281.732,7078.2915,5270.2749,8637.5703,3014.498,913.81335,1548.1422,486.57275,332.7099,560.81305,181.08803,211.89146,130.63402,350.54831,216195.06,211236.48,221834.31,211.89146,130.63402,350.54831,216195.06,211236.48,221834.31,88.69223,54.679985,146.73036,90493.602,88418.063,92854.047,88.69223,54.679985,146.73036,90493.602,88418.063,92854.047,148.21133,41021.285,20010.734,72594.203,70850440,83025920,60347720,93.945663,55.407249,157.92928,213801.8,209849.42,218349.84,93.945663,55.407249,157.92928,213801.8,209849.42,218349.84,,11221.896,4897.2754,20526.768,,,,171.97525,104.69726,279.11804,214961.33,210595.23,219850.34,171.97525,104.69726,279.11804,214961.33,210595.23,219850.34,,35683.496,16842.422,61973.52,,,,.25136036,.15496714,.41584474,256.46561,250.58337,263.15527,.25136036,.15496714,.41584474,256.46561,250.58337,263.15527,.10521287,.064865194,.17406175,107.34979,104.88765,110.14992,.10521287,.064865194,.17406175,107.34979,104.88765,110.14992,,48.662296,23.738123,86.11628,.51654029,.65281969,.48288748,.83716387,1.1313893,.76938212,.4819462,.62162828,.45038274,366.98276,119074.13,324.4679,68751.977,75902.297,73986.969,80590.633,85697.352,77509.32,106481.18,135111.94,101521.39,180161.56,75592.508,73471.156,77660.867,82064.172,77091.211,88767.141,100634.45,88508.156,114811.71,44.27,21.059999,87.769997,669.47998,182.38,1488.91,3952.4199,2310.46,4882.1299,49.419998,26.83,81.599998,477.92001,249.67,794.5,2071.9299,1323.67,2829.1299,24583228,23627102,26787962,30978778,26540308,39050300,52203308,39481248,65387280,24716106,23530190,26220808,31954074,27488106,37582584,54768588,44361332,64235128,7301.6602,2678.8601,16887.17,279674.19,115037.36,515459.09,1195489.8,864848,1295687.1,8412.9102,3925.3899,15609.99,320648.06,173518.25,504172.44,1220646.4,1066603.5,1294817.9,703.76001,1558.47,3195.46,8722.6904,20279.811,39546.422,52399.711,92498.07,126022.03,919.04999,1750.63,2963.5701,12252.26,23413.83,38704.691,72049.43,103994.39,131035.16,36.23,92.709999,207.00999,1012.98,2475.3701,4791.5498,7772.3599,11956.48,13702.42,51.040001,105.98,191.38,1490.58,2835.8301,4625.23,10288.19,12707.44,14109.23,404.28,836.69,1644.0601,3609.6001,5293.75,6309.6099,7325.5698,9144.9404,10040.44,511.20001,933.17999,1532.28,4986,9485.8096,15646.19,27457.949,40573.93,52449.551,11.3,28.92,64.589996,315.92001,772.33002,1495.67,2425.3,3729.75,4271.7998,15.92,33.060001,59.709999,464.89001,884.84998,1443.65,3210.6699,3963.51,4398.77,19162.91,51520.859,118368.47,787425.13,1908210.4,3506991.5,5874310,8075297,8738301,27835.83,59275.41,109439.64,1187066,2191039.8,3441179.3,7287137.5,8276945.5,8764895,.56999999,.62,.67000002,1,1.08,1.11,.57999998,.86000001,1.15,.60000002,.63999999,.67000002,1.02,1.08,1.12,.58999997,.80000001,1.04,.73000002,.81,.89999998,1.47,1.63,1.8,2.2,2.4400001,2.7,.77999997,.82999998,.88999999,1.55,1.66,1.78,2.3299999,2.49,2.6700001,.60630047,.78615522,.51974368,.23937854,.1585398,.28885126,.33061093,.26715213,.37679851,.58743048,.68349898,.52274215,.14904815,.14388688,.15758498,.16974039,.12410142,.21849635,189.98169,68157.422,358.75784,240181.19,91384.97500000001,95921,101811.05,86,276,691,3874880.45,4366153,5110329.375,10615.975,31872,62285.475,.86596388,.8100999,1.1094079,167.9077,7854.3999,46.77808,12910.75,4262386,94400,92214,94977,4158381,3899912,284,179,321,24301,13852,29204,1.1686761,1.2922322,1.0991645,319.81189,25288.08,79.071732,22456.371,,,47.891304,41.670269,193.59575,327.71536,119.45093,,207.49205,,164.93472,323.87988,417.74838,361.49051,302.47034,386.37082,115.47826,45.518219,85.566902,44.050648,,,,,,,,,,,,,,,,,,,,,,,,,,,,,,,,,,,,,,,,
20Aug2021,Iran,,,,,,,,,,,,,,,,,,,,,,,91764,90951,92577,86,75,97,3824324,3352907,4347044,4077,0,11189,141207,7020,1038,65549,2.1093941,,.86692286,76.440857,5535.8604,64.370468,5535.8604,12137.163,19982.262,6857.082,5168.9668,8510.0322,2920.2896,896.78125,1526.8971,472.51208,326.46786,553.04407,175.35747,207.80051,127.8409,346.05463,216402.88,211357.45,222169.45,207.80051,127.8409,346.05463,216402.88,211357.45,222169.45,86.979858,53.510857,144.84941,90580.586,88468.703,92994.328,86.979858,53.510857,144.84941,90580.586,88468.703,92994.328,148.21133,40309.707,19396.611,71534.328,70890752,83097456,60367116,89.997795,52.508625,152.22369,213891.8,209902.5,218470.48,89.997795,52.508625,152.22369,213891.8,209902.5,218470.48,,10843.568,4658.2422,19977.826,,,,171.32091,104.04026,280.41534,215132.64,210698.02,220123.42,171.32091,104.04026,280.41534,215132.64,210698.02,220123.42,,35131.484,16355.784,60907.629,,,,.24650739,.15165375,.41051403,256.7121,250.72688,263.55283,.24650739,.15165375,.41051403,256.7121,250.72688,263.55283,.10318155,.063478291,.17183043,107.45297,104.94772,110.31632,.10318155,.063478291,.17183043,107.45297,104.94772,110.31632,,47.818172,23.009607,84.858986,.51550984,.65908879,.48376024,.82996476,1.1272197,.76196325,.48765633,.63610685,.46039444,366.98276,119074.13,324.4679,67424.594,75943.938,74016.906,80689.961,86381.18,77698.242,107988.47,139113.23,103940.88,184909.44,75639.07,73497.859,77741.617,82553.258,77352.328,89546.023,102784.85,89885.328,117616.86,41.650002,19.59,83.199997,683.83002,185.05,1507.3,4001.3101,2419.49,4772.0801,46.560001,25.09,77.32,489.09,255.22,812.96002,2150.3999,1402.26,2880.3899,24590084,23632468,26803492,31261470,26647504,39564204,53370956,40445920,66337076,24724016,23534168,26237698,32278174,27658748,38087844,55950176,45557884,65229056,6855.9302,2484.54,15970.39,282692.34,116427.4,515170.94,1167650,874000.81,1274351.8,7910.8501,3666.95,14759.67,324099.16,176550.95,505261.13,1181586.9,993929,1266189.3,653.82001,1464.47,3025.1699,8845.8496,20662.619,40167.988,55059.141,94837.531,125161.06,858.37,1647.52,2804.9199,12513.24,23896.189,39421.16,75541.391,106285.2,130762.89,33.57,86.970001,195.64,1025.97,2511.6101,4826.0601,8059.1699,11955.55,13475.16,47.639999,99.580002,180.83,1519.0601,2878.8899,4669.6499,10575.98,12617.83,13808.82,377.66,789.56,1562.46,3661.28,5314.5,6328.2002,7448.1001,9183.2998,9958.7695,479.76001,881.76001,1455.49,5094.2402,9692.9199,15968.73,28882.51,41702.078,52776.891,10.47,27.129999,61.040001,319.92999,783.54999,1506.29,2514.5701,3728.6699,4202.5601,14.86,31.059999,56.41,473.70999,898.19,1457.37,3300.1399,3934.5801,4303.6099,17776.43,48380.391,111952.98,796932.88,1928677.8,3505037.3,5942764.5,7890386,8596244,26006.75,55743.219,103487.33,1207782.9,2214612,3448811,6809805.5,8019928.5,8572717,.56999999,.62,.67000002,.99000001,1.08,1.11,.56,.82999998,1.12,.60000002,.63999999,.67000002,1,1.0700001,1.11,.56999999,.76999998,1.01,.73000002,.81,.89999998,1.47,1.63,1.8,2.2,2.4400001,2.7,.77999997,.82999998,.88999999,1.55,1.66,1.78,2.3299999,2.49,2.6700001,.60750329,.78847593,.52096409,.24189903,.15894026,.29258251,.3426806,.27682927,.37447119,.58855873,.6842199,.52385998,.15090752,.14455883,.16089898,.18199253,.14108251,.22748494,189.98169,68157.422,358.75784,245329.38,91459.97500000001,96176,102493.05,76,257,663.04999,3884235.025,4392566.5,5166456.675,7817.925,25743.5,49992.875,.99831027,.97212493,1.3262889,167.9077,7854.3999,46.77808,12021.967,4291940,94687,92393,95303,4182903,3913792,287,179,326,24522,13880,29554,1.1703776,1.2896254,1.1030656,319.81189,25288.08,79.071732,22693.588,,,47.406979,41.675648,193.98271,327.58691,120.48705,,205.06244,,164.60815,323.79257,413.39563,361.9014,291.81693,383.65118,100.16926,45.672169,85.442513,44.176105,,,,,,,,,,,,,,,,,,,,,,,,,,,,,,,,,,,,,,,,
21Aug2021,Iran,,,,,,,,,,,,,,,,,,,,,,,91846,91022,92670,82,71,93,3828083,3352907,4357820,3759,0,10776,135516,6812,995,65662,2.1814313,,.86302894,76.440857,5535.8604,67.51049,5535.8604,11904.407,19681.748,6652.6509,5069.8408,8382.0498,2833.2266,880.08533,1505.651,459.29196,320.35864,545.59674,169.86797,203.77234,124.74886,341.50076,216606.64,211476.31,222498.67,203.77234,124.74886,341.50076,216606.64,211476.31,222498.67,85.29377,52.21661,142.94328,90665.875,88518.453,93132.125,85.29377,52.21661,142.94328,90665.875,88518.453,93132.125,148.21133,39609.781,18781.248,70475.773,70930360,83167936,60385896,86.23539,49.769596,146.77344,213978.03,209953.5,218585.55,86.23539,49.769596,146.77344,213978.03,209953.5,218585.55,,10480.374,4432.4814,19446.504,,,,170.82011,103.42036,281.89441,215303.47,210800.55,220396.8,170.82011,103.42036,281.89441,215303.47,210800.55,220396.8,,34587.262,15885.746,59848.105,,,,.24172889,.14798576,.40511191,256.95383,250.86787,263.94336,.24172889,.14798576,.40511191,256.95383,250.86787,263.94336,.1011814,.061942965,.16956925,107.55415,105.00674,110.4798,.1011814,.061942965,.16956925,107.55415,105.00674,110.4798,,46.987869,22.279621,83.603256,.51444954,.66422027,.48456475,.8228274,1.1228383,.7547549,.49388158,.65102619,.47101644,366.98276,119074.13,324.4679,66117.578,75983.109,74044.977,80784.32,87079.406,77896.172,109511.79,143145.55,106466.27,189503.06,75682.922,73521.93,77818.07,83053.406,77618.891,90341.5,105007.58,91337.68,120462.2,39.169998,18.219999,78.839996,698.22998,187.71001,1523.3101,4032.3,2525.3899,4699.1802,43.849998,23.450001,73.239998,500.14999,260.82999,830.82001,2222.73,1481.16,2918.02,24596522,23637506,26818176,31546966,26755814,40076788,54506420,41426932,67217216,24731456,23537884,26253674,32605436,27831992,38593396,57088776,46755968,66151472,6437.9502,2304.47,15104.2,285496.09,117805.5,514054.22,1135462,834263.13,1247204.6,7439.2998,3425.76,13956.42,327261.47,179557.48,505552.19,1138603.8,922415.19,1242324.6,607.33002,1375.97,2863.55,8969.04,21037.34,40742.07,57708.531,96841.344,122866.42,801.57001,1550.28,2654.3999,12775.52,24368.57,40097.578,78930.813,108153.87,129555.79,31.110001,81.599998,184.91,1038.9,2546.27,4853.1401,8329.4004,11899.92,13273.8,44.470001,93.559998,170.88,1547.48,2919.8701,4707.3599,10824.58,12467.71,13438.83,352.64999,744.81,1484.35,3713.05,5333.5698,6344.3999,7566.0601,9200.4297,9863.4902,450.07999,832.85999,1382.04,5203.21,9896.9297,16277.52,30284.07,42687.699,52858.629,9.6999998,25.450001,57.68,323.92001,794.27002,1514.59,2598.6499,3710.49,4135.3999,13.87,29.18,53.299999,482.51001,910.87,1468.99,3377.3301,3886.74,4186.71,16491.109,45434.52,105889.74,806359.19,1947692.9,3497517.5,5702553.5,7677000,8416332,24299.07,52424.719,97862.922,1228320.9,2236228,3451066.8,6338893,7737093,8413126,.56999999,.62,.67000002,.98000002,1.0700001,1.1,.54000002,.80000001,1.09,.60000002,.63999999,.67000002,.99000001,1.0700001,1.11,.56,.74000001,.98000002,.73000002,.81,.89999998,1.47,1.63,1.8,2.2,2.4400001,2.7,.77999997,.82999998,.88999999,1.55,1.66,1.78,2.3299999,2.49,2.6700001,.60842347,.79063731,.52197397,.24456726,.15933892,.29633257,.35512418,.30270904,.37677699,.58943719,.68451965,.5247764,.15282887,.14526266,.16433913,.1952154,.16057412,.23488386,189.98169,68157.422,358.75784,250495.48,91533.875,96420.5,103116.15,69,241,638.02502,3888164.25,4409872,5196755.2,4186.95,16512.5,33652.475,1.4595004,1.6479776,1.895923,167.9077,7854.3999,46.77808,11273.518,4321839,94978,92573,95634,4207642,3927698,291,180,331,24739,13906,29899,1.1762804,1.2944053,1.1070604,319.81189,25288.08,79.071732,23009.873,,,45.841465,41.679367,194.38252,327.46161,121.53217,,202.47769,,164.35922,323.71039,408.88547,362.27814,281.59164,380.77621,68.516594,45.735836,85.013748,44.301228,,,,,,,,,,,,,,,,,,,,,,,,,,,,,,,,,,,,,,,,
22Aug2021,Iran,,,,,,,,,,,,,,,,,,,,,,,91924,91090,92758,78,68,88,3831528,3352907,4368190,3445,0,10370,129898,6604,953,65766,2.2641509,,.84860176,76.440857,5535.8604,70.972572,5535.8608,11676.812,19380.545,6458.7969,4972.9126,8253.7734,2750.668,863.73273,1484.4414,446.55713,314.40216,538.19849,164.61958,199.80148,120.72332,336.87955,216806.44,211593.09,222821.97,199.80148,120.72332,336.87955,216806.44,211593.09,222821.97,83.631676,50.531624,141.00897,90749.508,88567.336,93267.453,83.631676,50.531624,141.00897,90749.508,88567.336,93267.453,148.21133,38943.91,18196.639,69459.523,70969304,83237392,60404092,82.646454,47.173874,141.53596,214060.67,210002.52,218695.33,82.646454,47.173874,141.53596,214060.67,210002.52,218695.33,,10137.494,4221.6128,18943.104,,,,167.38547,100.11877,278.07932,215470.86,210901.28,220665.06,167.38547,100.11877,278.07932,215470.86,210901.28,220665.06,,34070.195,15440.465,58829.176,,,,.23701839,.14321038,.39962989,257.19086,251.00642,264.3269,.23701839,.14321038,.39962989,257.19086,251.00642,264.3269,.099209704,.059944123,.16727462,107.65337,105.06473,110.64033,.099209704,.059944123,.16727462,107.65337,105.06473,110.64033,,46.197971,21.586115,82.397705,.51304936,.66343749,.48500124,.81525528,1.1174372,.74716353,.49129587,.64841813,.47268945,366.98276,119074.13,324.4679,64829.168,76019.938,74071.313,80873.93,87791.203,78100.633,111048.66,147190.75,109093.39,193929.88,75724.203,73544.469,77890.422,83564.477,77890.906,91152.969,107295.67,92864.789,123334.42,36.830002,16.940001,74.699997,711.78003,190.38,1537.37,4045.2,2627.1201,4615.7798,41.290001,21.92,69.349998,511.07001,266.47,848.03003,2288.0901,1559.73,2941.6299,24602568,23642232,26832058,31835044,26865222,40587236,55605920,42420732,68029920,24738452,23541356,26268790,32935560,28007800,39098444,58181216,47949780,67004304,6045.9502,2137.6101,14285.8,288078.13,119170.4,512120.63,1099499.5,785340.75,1206460,6996.3901,3200.6399,13197.61,330124.28,182533.09,505045.72,1092439,852832.56,1211371.6,564.04999,1292.6899,2710.21,9092.1699,21403.051,41265.762,60327.828,98486.469,120308.73,748.44,1458.63,2511.6399,13038.85,24829.641,40730.699,82181.477,109579.56,127551.43,28.84,76.559998,174.77,1051.75,2579.25,4872.6602,8579.9404,11791.2,12876.08,41.52,87.919998,161.47,1575.79,2958.6299,4738.1499,10993.42,12260.6,13050.81,329.16,702.34998,1409.63,3764.8601,5351.3501,6357.9702,7678.2598,9196.3701,9785.2695,422.06,786.40002,1311.86,5312.8198,10097.32,16571.199,31649.51,43520.398,52709.352,8.9899998,23.879999,54.509998,327.88,804.46002,1520.52,2676.5601,3675.73,4012.0801,12.94,27.42,50.360001,491.28,922.85999,1478.45,3417.53,3821.0901,4065.3999,15299.52,42671.07,100159.45,815695.5,1965207,3484510.5,5377914,7438848.5,8145449.5,22704.689,49306.879,92548.328,1248648.3,2255816.3,3447947,5879344,7433185.5,8211858.5,.56999999,.63,.67000002,.97000003,1.0700001,1.1,.52999997,.76999998,1.0599999,.60000002,.63999999,.67000002,.98000002,1.0599999,1.1,.54000002,.72000003,.94,.73000002,.81,.89999998,1.47,1.63,1.8,2.2,2.4400001,2.7,.77999997,.82999998,.88999999,1.55,1.66,1.78,2.3299999,2.49,2.6700001,.60916811,.79247379,.52289683,.24707882,.15975444,.30019686,.36791286,.33451977,.38258871,.5901615,.68486303,.52547389,.1548114,.14598449,.16791154,.20944786,.18288818,.24283464,189.98169,68157.422,358.75784,255356.67,91631.8,96694.5,103872.275,78,274,726.02502,3895942.15,4436390,5239872.425,7052.95,24502.5,46637.675,1.1182532,1.1059202,1.556735,167.9077,7854.3999,46.77808,12817.194,4352082,95272,92753,95971,4232597,3941627,294,180,337,24955,13929,30243,1.1781206,1.2922679,1.1143074,319.81189,25288.08,79.071732,23247.09,,,44.166668,41.681477,194.91302,327.33948,122.66097,,203.54333,,164.15829,323.63309,404.72916,362.62225,271.8035,377.78134,89.425186,45.880478,84.880951,44.426453,,,,,,,,,,,,,,,,,,,,,,,,,,,,,,,,,,,,,,,,
23Aug2021,Iran,,,,,,,,,,,,,,,,,,,,,,,91998,91153,92843,74,63,85,3834676,3352907,4378175,3148,0,9985,124363,6397,912,65860,2.3506989,,.85127693,76.440857,5535.8604,74.808922,5535.8604,11454.234,19078.738,6271.8545,4878.1216,8125.2402,2671.053,847.54248,1462.9801,436.07141,308.58121,530.82928,159.59386,195.8699,116.82643,332.16428,217002.31,211707.84,223139.33,195.8699,116.82643,332.16428,217002.31,211707.84,223139.33,81.986023,48.90049,139.03528,90831.492,88615.367,93400.289,81.986023,48.90049,139.03528,90831.492,88615.367,93400.289,148.21133,38305.871,17638.959,68436.234,71007616,83305824,60421732,79.21563,44.555534,136.48997,214139.89,210049.63,218800.09,79.21563,44.555534,136.48997,214139.89,210049.63,218800.09,,9812.751,4024.1575,18464.854,,,,164.17442,96.92614,274.53131,215635.03,211000.34,220928.52,164.17442,96.92614,274.53131,215635.03,211000.34,220928.52,,33537.672,15000.726,57778.57,,,,.23235448,.13858762,.39403632,257.42322,251.14255,264.70337,.23235448,.13858762,.39403632,257.42322,251.14255,264.70337,.09725751,.058009155,.16493331,107.75063,105.1217,110.7979,.09725751,.058009155,.16493331,107.75063,105.1217,110.7979,,45.441082,20.924559,81.183807,.51133126,.66232044,.48536316,.80727237,1.1072016,.73918796,.48952243,.64614302,.47514382,366.98276,119074.13,324.4679,63553.496,76054.547,74095.992,80959,88515.656,78309.461,112596.57,151230.84,111817.02,198190.97,75763.07,73565.563,77958.883,84086.313,78168.43,91979.773,109641.36,94465.594,126220,34.610001,15.74,70.75,724.46002,193.06,1549.04,4040.1001,2723.6299,4548.6499,38.860001,20.469999,65.650002,521.83002,272.16,864.5,2345.6899,1637.3,2951.1001,24608246,23646668,26845184,32125476,26975720,41094752,56666280,43423592,68777936,24745032,23544600,26283090,33268238,28186134,39602188,59225044,49133624,67790104,5678.3101,1982.96,13512.53,290431.84,120520.8,509386.44,1060361.1,738493.13,1164615.8,6580.3501,2990.5,12480.77,332678.22,185473.09,503746.91,1043827.9,785796.06,1183403.6,523.79999,1214.33,2564.8101,9215.1504,21758.84,41736.41,62895.859,99755.172,118644.15,698.75,1372.27,2376.3,13302.95,25278.061,41317.469,85257.094,110548.52,126673.72,26.73,71.839996,165.19,1064.51,2610.45,4884.52,8635.0898,11631.88,12536.82,38.759998,82.620003,152.60001,1603.96,2995.04,4761.8398,10815.14,12000.86,12694.66,307.10999,662.09998,1338.24,3816.6899,5368.1699,6368.5601,7783.4702,9171.4697,9692.4902,395.66,742.31,1244.86,5422.9502,10293.54,16848.48,32965.422,44192.07,52207.82,8.3299999,22.4,51.509998,331.82001,814.09998,1524.0601,2688.6899,3625.1499,3906.96,12.08,25.76,47.580002,500,934.12,1485.6899,3373.3101,3739.02,3956.3201,14194.8,40078.629,94743.813,824932.94,1981176.4,3466124,5065892.5,7179790,7867121.5,21216.061,46377.461,87526.469,1268732.3,2273312.8,3439487.3,5435157,7112910.5,8025447,.57999998,.63,.67000002,.94999999,1.0599999,1.09,.51999998,.75,1.04,.60000002,.63999999,.67000002,.97000003,1.05,1.1,.52999997,.69999999,.91000003,.73000002,.81,.89999998,1.47,1.63,1.8,2.2,2.4400001,2.7,.77999997,.82999998,.88999999,1.55,1.66,1.78,2.3299999,2.49,2.6700001,.60951233,.79376286,.52358812,.24944235,.16018812,.3040992,.38101172,.3688091,.39057088,.59054607,.68450087,.52600926,.15685728,.14673826,.17161396,.22471999,.20836195,.24937393,189.98169,68157.422,358.75784,259905.72,91732.5,96969,104610.55,82,287,772,3905364.525,4466222.5,5293997.875,8343.6,28242.5,52693.6,1.016199,.98278922,1.4650736,167.9077,7854.3999,46.77808,13425.309,4382665,95570,92935,96313,4257764,3955580,298,182,342,25167,13953,30583,1.1840903,1.304379,1.1182684,319.81189,25288.08,79.071732,23563.377,,,42.540539,41.682167,195.56793,327.22055,123.87392,,204.28073,,164.06558,323.56049,400.89423,362.93552,262.45914,374.70056,98.405922,46.05825,84.453018,44.551262,,,,,,,,,,,,,,,,,,,,,,,,,,,,,,,,,,,,,,,,
24Aug2021,Iran,,,,,,,,,,,,,,,,,,,,,,,92067,91211,92923,69,58,80,3837566,3352907,4387817,2890,0,9642,118946,6192,872,65947,2.3875432,,.82970339,76.440857,5535.8604,80.229858,5535.8604,11236.253,18815.162,6091.335,4785.2881,8012.9888,2594.1736,831.55597,1441.3574,424.88547,302.85205,523.42181,155.5775,192.10284,113.1125,327.57278,217194.42,211820.66,223450.92,192.10284,113.1125,327.57278,217194.42,211820.66,223450.92,80.409225,47.345932,137.1134,90911.906,88662.586,93530.719,80.409225,47.345932,137.1134,90911.906,88662.586,93530.719,148.21133,37682.34,17101.334,67201.461,71045296,83373032,60438832,75.984985,41.998783,131.71477,214215.88,210094.97,218900.13,75.984985,41.998783,131.71477,214215.88,210094.97,218900.13,,9501.9688,3837.9082,18004.217,,,,161.20097,93.941612,271.27133,215796.23,211097.89,221187.52,161.20097,93.941612,271.27133,215796.23,211097.89,221187.52,,33013.711,14576.193,56737.789,,,,.22788572,.13418189,.38858959,257.65109,251.27635,265.073,.22788572,.13418189,.38858959,257.65109,251.27635,265.073,.095387004,.056165032,.16265343,107.84601,105.17771,110.95263,.095387004,.056165032,.16265343,107.84601,105.17771,110.95263,,44.701408,20.286791,79.71904,.50979543,.66142499,.4874489,.79967624,1.0943145,.73157734,.48828492,.64448661,.47811404,366.98276,119074.13,324.4679,62331.207,76087.078,74119.117,81025.859,89252.063,78519.508,114152.93,155248.27,114630.92,202257.41,75799.641,73585.289,78023.648,84618.688,78451.461,92821.156,112036.26,96138.383,129105.45,32.529999,14.62,66.989998,736.40997,195.74001,1558.14,4017.4099,2813.8999,4468.5601,36.580002,19.120001,62.139999,532.39001,277.87,880.15002,2394.8999,1713.14,2946.5801,24613578,23650832,26857596,32418028,27087290,41598560,57684932,44431660,69464392,24751222,23547630,26296620,33603152,28366950,40103856,60218524,50302020,68511872,5333.48,1839.63,12781.88,292551.53,121855.39,505872.84,1018652.8,680292.06,1126533.5,6189.52,2794.3501,11803.55,334915.06,188372.56,501666.13,993480.5,721774.75,1151194.6,486.35999,1140.65,2426.97,9337.8896,22103.82,42151.629,65390.578,100635.3,116571.73,652.28998,1290.91,2248.05,13567.52,25712.5,41855.012,88122.117,111054.31,124972.03,24.77,67.419998,156.14999,1077.1801,2639.8,4888.6802,8302.1904,11425.19,12319.05,36.189999,77.650002,144.21001,1631.95,3028.97,4778.3101,10486.51,11693.57,12353.01,286.45001,623.96997,1270.0699,3868.49,5384.2002,6376.1299,7880.5098,9126.4297,9539.8799,370.78,700.47998,1180.9399,5533.5,10485.06,17108.1,34218.398,44697.012,51443.641,7.7199998,21.02,48.689999,335.72,823.15997,1525.1899,2573.8301,3559.79,3839.99,11.28,24.209999,44.959999,508.66,944.59003,1490.6801,3256.3101,3642.1299,3848.78,13170.57,37646.512,89625.523,834062.63,1995562.4,3442502.8,4684397,6903725,7612638.5,19826.09,43624.969,82781.148,1288540.1,2288662.8,3425755.8,5009432.5,6780812.5,7806423,.57999998,.63,.67000002,.94,1.05,1.09,.50999999,.73000002,1.01,.60000002,.63999999,.67000002,.95999998,1.05,1.1,.50999999,.67000002,.88,.73000002,.81,.89999998,1.47,1.63,1.8,2.2,2.4400001,2.7,.77999997,.82999998,.88999999,1.55,1.66,1.78,2.3299999,2.49,2.6700001,.60992068,.794725,.52410132,.25171974,.16063303,.30801022,.39438462,.41363114,.39666465,.59099901,.68423784,.52645177,.1589627,.14751087,.17544538,.2410616,.23735106,.25595847,189.98169,68157.422,358.75784,264192.84,91805.95,97249,105369.1,72,268,747,3916322.575,4495050.5,5341501.975,7933.3,27750.5,52276.7,.96574837,.90756685,1.4289349,167.9077,7854.3999,46.77808,12536.525,4413585,95871,93117,96659,4283140,3969554,301,182,346,25376,13974,30920,1.1861602,1.3024188,1.1190168,319.81189,25288.08,79.071732,23800.592,,,41.884056,41.68232,196.15712,327.10461,125.05061,,204.79846,,163.95573,323.49222,397.26721,363.21881,253.55957,371.5657,103.54664,46.222073,84.305649,44.676075,,,,,,,,,,,,,,,,,,,,,,,,,,,,,,,,,,,,,,,,
25Aug2021,Iran,,,,,,,,,,,,,,,,,,,,,,,92132,91266,92998,65,55,75,3840225,3352907,4397146,2659,0,9329,113664,5989,833,66026,2.4445281,,.80394471,76.440857,5535.8604,85.167084,5535.8604,11022.652,18552.951,5916.8696,4694.3198,7901.3179,2519.8723,815.88342,1419.7856,413.85803,297.237,516.02301,151.94623,188.4133,109.52632,322.96664,217382.83,211931.56,223756.83,188.4133,109.52632,322.96664,217382.83,211931.56,223756.83,78.864883,45.844856,135.18539,90990.766,88709.008,93658.758,78.864883,45.844856,135.18539,90990.766,88709.008,93658.758,148.21133,37074.676,16583.795,66012.227,71082368,83439040,60455416,72.910027,39.598423,127.14011,214288.78,210138.61,218995.72,72.910027,39.598423,127.14011,214288.78,210138.61,218995.72,,9204.6338,3662.2275,17560.5,,,,158.33852,91.063919,268.09036,215954.56,211193.97,221442.19,158.33852,91.063919,268.09036,215954.56,211193.97,221442.19,,32534.84,14181.729,55940.75,,,,.22350894,.12992772,.38312545,257.8746,251.40793,265.43588,.22350894,.12992772,.38312545,257.8746,251.40793,265.43588,.093554996,.054384351,.1603663,107.93957,105.23279,111.10452,.093554996,.054384351,.1603663,107.93957,105.23279,111.10452,,43.980556,19.672848,78.308281,.50819945,.66044188,.48925278,.79210132,1.081266,.7240119,.48667371,.64212143,.47923985,366.98276,119074.13,324.4679,61134.066,76117.641,74140.797,81086.969,89999.789,78705.148,115715.12,159226.02,117527.83,206121.41,75834.063,73603.75,78084.898,85161.406,78740.008,93676.344,114471.44,97880.75,132004.02,30.559999,13.58,63.419998,747.71997,198.41,1564.62,3977.77,2896.9099,4334.6001,34.419998,17.860001,58.810001,542.71997,283.60999,894.92999,2435.1799,1786.52,2927.3601,24618588,23654740,26869334,32712460,27199916,42097912,58659904,45441020,70092672,24757044,23550462,26309422,33939980,28550202,40602672,61160592,51449804,69172976,5010.0298,1706.78,12091.48,294432.22,123172.87,501606.19,974971.25,622577.5,1097277.6,5822.3501,2611.24,11163.74,336827.94,191226.61,498818.38,942065.31,661103.25,1124512.3,451.56,1071.37,2296.3501,9460.2998,22437.119,42514.801,67789.469,101120.54,115025.23,608.87,1214.3101,2126.55,13832.27,26131.66,42340.648,90742.672,111097.71,123200.8,22.959999,63.279999,147.61,1089.74,2667.21,4885.1499,8424.4502,11174.99,12120.99,33.790001,72.980003,136.3,1659.71,3060.3,4787.4502,9827.7002,11344.33,12047.31,267.07999,587.87,1205.04,3920.24,5399.4702,6380.6401,7903.9502,9062.25,9410.0996,347.35999,660.83002,1120,5644.3599,10671.34,17348.891,35395.32,45032,51150.238,7.1599998,19.719999,46.02,339.59,831.62,1523.9301,2623.29,3480.8701,3777.5601,10.53,22.75,42.490002,517.25,954.26001,1493.38,3049.8501,3532.1899,3754.75,12220.93,35364.672,84788.219,843075.69,2008331.8,3413821.5,4298635.5,6614496,7417004,18528.211,41038.621,78297.063,1308038.8,2301819.8,3406853.5,4604450.5,6441184,7630057,.57999998,.63,.67000002,.93000001,1.05,1.09,.5,.70999998,.98000002,.60000002,.63999999,.67000002,.94999999,1.04,1.09,.5,.64999998,.86000001,.73000002,.81,.89999998,1.47,1.63,1.8,2.2,2.4400001,2.7,.77999997,.82999998,.88999999,1.55,1.66,1.78,2.3299999,2.49,2.6700001,.60997641,.79565024,.5245015,.25395319,.16108255,.31192198,.40798843,.46530911,.39503223,.59117019,.68396628,.52679479,.16112676,.14831094,.17941,.25849375,.27023312,.26032266,189.98169,68157.422,358.75784,268250.41,91888.97500000001,97523.5,106112,71,268,758,3925484.9,4521242,5388062.175,7311.4,26742.5,50899.95,1.0021502,.97108626,1.4891959,167.9077,7854.3999,46.77808,12536.525,4444838,96176,93299,97011,4308722,3983547,305,182,352,25582,13993,31253,1.1922445,1.3006504,1.1262919,319.81189,25288.08,79.071732,24116.879,,,40.907692,41.68177,196.77313,326.99164,126.24648,,205.47647,,163.94077,323.42816,393.77338,363.47263,245.10498,368.40652,99.785446,46.360538,83.875412,44.800388,,,,,,,,,,,,,,,,,,,,,,,,,,,,,,,,,,,,,,,,
26Aug2021,Iran,,,,,,,,,,,,,,,,,,,,,,,92194,91318,93070,62,52,72,3842671,3352907,4406183,2446,0,9037,108529,5790,794,66100,2.5347507,,.79672456,76.440857,5535.8604,89.288071,5535.8604,10813.505,18291.078,5748.3296,4605.248,7789.792,2448.0947,800.81506,1398.7968,402.96878,291.72668,508.1344,148.20483,184.82997,106.35493,318.14038,217567.66,212040.53,224056.94,184.82997,106.35493,318.14038,217567.66,212040.53,224056.94,77.36499,44.517395,133.16525,91068.133,88754.625,93784.375,77.36499,44.517395,133.16525,91068.133,88754.625,93784.375,148.21133,36482.824,16085.568,65084.48,71118856,83504128,60471504,69.993645,37.388561,122.61192,214358.78,210180.17,219087.05,69.993645,37.388561,122.61192,214358.78,210180.17,219087.05,,8920.1846,3496.4839,17133.17,,,,155.59067,88.402611,264.76151,216110.16,211288.56,221692.52,155.59067,88.402611,264.76151,216110.16,211288.56,221692.52,,32065.514,13801.604,55341.98,,,,.21925814,.12616561,.37740022,258.09387,251.5372,265.7919,.21925814,.12616561,.37740022,258.09387,251.5372,265.7919,.091775723,.052809626,.15796986,108.03134,105.2869,111.25353,.091775723,.052809626,.15796986,108.03134,105.2869,111.25353,,43.278458,19.081818,77.207733,.5066219,.66118234,.48881143,.78466588,1.0693189,.7156406,.48522744,.64052415,.47840989,366.98276,119074.13,324.4679,59971.391,76146.359,74161.109,81144.773,90758.188,78892.969,117280.5,163148.09,120499.57,209777.98,75866.438,73621.008,78142.828,85714.219,79034.094,94544.461,116937.56,99689.609,134901.19,28.709999,12.61,60.02,758.40997,201.09,1568.47,3922.0801,2932.0701,4220.3599,32.380001,16.67,55.639999,552.79999,289.37,908.76001,2466.1201,1856.7,2886.79,24623296,23658410,26880434,33008530,27313586,42592092,59589796,46447756,70666328,24762522,23553110,26321536,34278392,28735836,41097896,62050788,52572220,69776976,4706.6001,1583.64,11439.1,296069.78,124471.92,496616.75,929891,568418.63,1065123.6,5477.3999,2440.29,10559.25,338411.44,194030.38,495223.72,890198.13,603997.88,1098447.1,419.20999,1006.24,2172.6001,9582.2803,22757.891,42828.398,70069.93,101210.35,113123,568.29999,1142.1801,2011.48,14096.89,26534.27,42772,93087.281,110686.49,121024.96,21.290001,59.389999,139.53999,1102.1801,2692.6201,4873.9902,8289.9902,10885.66,11922.37,31.549999,68.599998,128.82001,1687.21,3088.9399,4789.25,9173.5703,10959.11,11817,248.95,553.72998,1143.04,3971.8799,5413.9702,6382.0698,7787.6899,8980.1797,9327.3203,325.32999,623.27002,1061.95,5755.3901,10851.84,17569.73,36483.672,45196.281,50455.59,6.6300001,18.51,43.5,343.42001,839.44,1520.28,2571.3799,3389.76,3715.51,9.8299999,21.379999,40.150002,525.76001,963.09003,1493.78,2845.05,3411.0601,3682.7,11340.41,33223.719,80216.391,851962.94,2019456.8,3380280.8,3935425,6315804.5,7203527.5,17316.27,38608.27,74059.773,1327194.4,2312746.8,3382912.8,4221754,6097989.5,7455119.5,.57999998,.63,.67000002,.92000002,1.04,1.08,.49000001,.69,.95999998,.60000002,.63999999,.67000002,.94,1.03,1.09,.49000001,.63999999,.82999998,.73000002,.81,.89999998,1.47,1.63,1.8,2.2,2.4400001,2.7,.77999997,.82999998,.88999999,1.55,1.66,1.78,2.3299999,2.49,2.6700001,.60999447,.79626679,.52469164,.25615919,.1615545,.31583107,.42177847,.51582932,.39623192,.59115642,.68311554,.52693135,.16335145,.14913644,.18350494,.27703047,.30740175,.26280648,189.98169,68157.422,358.75784,272085.53,91964.95,97792.5,106821.2,70,269,745.04999,3935140.475,4557669,5446321.55,9326.525,32876,61683.575,.81822604,.75054747,1.207858,167.9077,7854.3999,46.77808,12583.304,4476420,96484,93482,97368,4334507,3997559,308,183,357,25785,14012,31582,1.1944929,1.3060234,1.1303908,319.81189,25288.08,79.071732,24354.094,,,39.451614,41.680271,197.38586,326.88156,127.44278,,206.08893,,163.93591,323.36801,390.38223,363.69754,237.09128,365.24973,122.21561,46.605507,83.717529,44.924618,,,,,,,,,,,,,,,,,,,,,,,,,,,,,,,,,,,,,,,,
27Aug2021,Iran,,,,,,,,,,,,,,,,,,,,,,,92251,91365,93137,57,47,67,3844917,3352907,4414943,2246,0,8760,103543,5593,757,66167,2.5378451,,.76484019,76.440857,5535.8604,97.120354,5535.8604,10608.952,18030.074,5585.626,4518.1338,7678.6357,2378.8025,786.27008,1378.2783,392.49258,286.34967,500.32217,144.28702,181.31837,103.29948,313.31238,217748.97,212147.63,224351.3,181.31837,103.29948,313.31238,217748.97,212147.63,224351.3,75.895126,43.238461,131.14438,91144.031,88799.453,93907.586,75.895126,43.238461,131.14438,91144.031,88799.453,93907.586,148.21133,35893.879,15599.736,64544.957,71154744,83568672,60487100,67.21524,35.31073,118.27615,214426,210219.98,219174.36,67.21524,35.31073,118.27615,214426,210219.98,219174.36,,8645.0049,3338.8958,16715.756,,,,152.91261,85.832947,261.45639,216263.06,211381.7,221938.58,152.91261,85.832947,261.45639,216263.06,211381.7,221938.58,,31595.375,13430.971,54870.656,,,,.21509244,.12254101,.3716729,258.30896,251.66425,266.14108,.21509244,.12254101,.3716729,258.30896,251.66425,266.14108,.090032071,.051292464,.15557256,108.12138,105.34007,111.3997,.090032071,.051292464,.15557256,108.12138,105.34007,111.3997,,42.579811,18.505489,76.567703,.50515121,.66218734,.48541728,.77750379,1.0575571,.70757288,.48397151,.63906735,.47649583,366.98276,119074.13,324.4679,58831.992,76173.32,74180.133,81199.43,91526.641,79082.969,118847.01,166999.55,123537.09,213224.84,75896.891,73637.156,78197.594,86276.828,79333.703,95424.602,119425.01,101561.19,137754.81,26.969999,11.71,56.799999,768.45001,203.75999,1569.67,3851.4399,2877.7,4146.96,30.459999,15.56,52.639999,562.60999,295.14999,921.57001,2487.45,1922.9301,2850.52,24627718,23661854,26890932,33305992,27428280,43080420,60473748,47448008,71188984,24767674,23555582,26333000,34618052,28923800,41588804,62889224,53664972,70327552,4421.9399,1469.49,10822.61,297460.94,125751.2,490938.38,883952.38,517876.19,1043765.3,5153.2798,2280.6899,9988.0996,339661.47,196778.77,490906.28,838433.38,550573.81,1068465.6,389.14001,945.03998,2055.4099,9703.7305,23065.301,43081.57,72209.688,100909.89,112064.96,530.41998,1074.29,1902.53,14361.04,26919.07,43146.898,95127.719,109834.92,118653.44,19.74,55.75,131.92,1114.49,2715.9399,4855.2798,7829,10561.95,11536.77,29.459999,64.480003,121.76,1714.4,3114.79,4783.6899,8531.0996,10544,11571.72,231.98,521.44,1083.98,4023.3799,5427.6899,6380.4302,7814.0698,8881.7002,9249.0596,304.62,587.71997,1006.69,5866.48,11026.06,17769.631,37471.77,45191.461,49781.422,6.1500001,17.370001,41.110001,347.20999,846.62,1514.27,2427.3301,3287.96,3592.54,9.1800003,20.09,37.950001,534.15997,971.03998,1491.89,2644.1001,3280.6799,3603.9399,10523.95,31214.84,75895.359,860715.69,2028915.4,3342107,3595306.8,6011140,7065554.5,16184.53,36324.41,70055.609,1345972.5,2321416.3,3354095,3862247.5,5754814,7257045,.57999998,.63,.67000002,.92000002,1.04,1.08,.47999999,.67000002,.93000001,.61000001,.63999999,.67000002,.93000001,1.03,1.09,.47999999,.62,.80000001,.73000002,.81,.89999998,1.47,1.63,1.8,2.2,2.4400001,2.7,.77999997,.82999998,.88999999,1.55,1.66,1.78,2.3299999,2.49,2.6700001,.60991329,.79687512,.52482718,.25833645,.16203423,.31972852,.43570673,.55567336,.39730772,.59107989,.68224972,.52702719,.16563845,.14999077,.1877283,.2966783,.34925926,.26678631,189.98169,68157.422,358.75784,275687.47,92043.875,98048.5,107486,62,250,714.04999,3942318.075,4587029,5495987.65,6870.775,26747.5,52396.025,.93466681,.90237272,1.3627942,167.9077,7854.3999,46.77808,11694.52,4508327,96796,93666,97730,4360492,4011587,312,184,362,25985,14028,31907,1.2006927,1.3116624,1.1345472,319.81189,25288.08,79.071732,24670.381,,,39.403507,41.678864,197.96051,326.7742,128.61673,,206.62373,,163.95773,323.31158,387.0921,363.89395,229.51218,362.11923,106.99,46.783264,83.285255,45.048267,,,,,,,,,,,,,,,,,,,,,,,,,,,,,,,,,,,,,,,,
28Aug2021,Iran,,,,,,,,,,,,,,,,,,,,,,,92306,91410,93202,55,45,65,3846971,3352907,4423438,2054,0,8495,98702,5400,721,66229,2.677702,,.76515597,76.440857,5535.8604,100.65201,5535.8604,10408.993,17770.225,5428.6006,4432.9746,7567.9712,2311.9287,772.06342,1357.9286,382.39627,281.0878,492.56125,140.50618,177.86694,100.34933,308.46899,217926.84,212252.88,224639.98,177.86694,100.34933,308.46899,217926.84,212252.88,224639.98,74.450455,42.003605,129.11705,91218.477,88843.5,94028.422,74.450455,42.003605,129.11705,91218.477,88843.5,94028.422,148.21133,35311.145,15128.085,63675.309,71190056,83632344,60502228,64.563866,33.354744,114.11735,214490.56,210258.31,219257.84,64.563866,33.354744,114.11735,214490.56,210258.31,219257.84,,8379.54,3189.3069,16309.56,,,,150.28577,83.341858,258.14682,216413.36,211473.42,222180.44,150.28577,83.341858,258.14682,216413.36,211473.42,222180.44,,31128.045,13070.975,54431.039,,,,.21099812,.11904135,.36592734,258.51996,251.78909,266.48355,.21099812,.11904135,.36592734,258.51996,251.78909,266.48355,.088318296,.049827594,.15316762,108.20969,105.39233,111.54305,.088318296,.049827594,.15316762,108.20969,105.39233,111.54305,,41.888531,17.945984,75.536072,.50371331,.66333139,.48444051,.77049416,1.0458305,.69969606,.48279861,.63761014,.474264,366.98276,119074.13,324.4679,57712.113,76198.648,74197.938,81251.133,92304.469,79275.133,120415.24,170766.66,126630.57,216461.92,75925.539,73652.25,78249.367,86848.922,79638.828,96315.773,121924.07,103491.06,140553.53,25.33,10.87,53.75,777.83002,206.42,1568.23,3767.1201,2834.4099,4078.8301,28.639999,14.52,49.790001,572.09998,300.92999,933.31,2499.0601,1984.51,2821.53,24631872,23665086,26900862,33604596,27543980,43562252,61311400,48438032,71664264,24772524,23557894,26343848,34958628,29114032,42074700,63676480,54724288,70828408,4154.8701,1363.66,10240.03,298603.31,127009.41,484608.66,837653.31,470940.22,1004396.1,4848.7402,2131.6699,9448.4502,340575.41,199466.73,485983.47,787259,500861.47,1034970.5,361.22,887.53998,1944.4301,9824.5596,23358.58,43273.16,74187.273,100229.64,109472.05,495.73001,1010.41,1799.39,14624.39,27284.891,43463.52,96839.711,108563.15,115829.17,18.299999,52.330002,124.72,1126.65,2737.1399,4829.1802,7382.79,10208.81,11151.63,27.51,60.619999,115.1,1741.24,3137.76,4770.8198,7906.1401,10105.14,11262.52,216.11,490.94,1027.74,4074.71,5440.5801,6375.75,7775.3301,8768.4404,9171.7803,285.14999,554.07001,954.09998,5977.4902,11193.48,17947.66,38349.102,45021.41,48953.879,5.6999998,16.299999,38.869999,350.95001,853.13,1505.96,2288.05,3177.03,3471.4299,8.5699997,18.889999,35.860001,542.46002,978.09003,1487.72,2448.8101,3142.96,3509.26,9766.8398,29329.789,71811.258,869324.81,2036691.3,3299552.5,3278362.3,5703726,6800024,15127.62,34178.102,66271.703,1364339.3,2327810.3,3320743.5,3526294,5414832.5,7035849,.57999998,.63,.67000002,.91000003,1.03,1.08,.47,.64999998,.91000003,.61000001,.63999999,.67000002,.92000002,1.02,1.08,.47999999,.61000001,.77999997,.73000002,.81,.89999998,1.47,1.63,1.8,2.2,2.4400001,2.7,.77999997,.82999998,.88999999,1.55,1.66,1.78,2.3299999,2.49,2.6700001,.60964602,.7971195,.52490079,.2604894,.16252339,.3236075,.44972306,.60186195,.40609774,.59066886,.68115616,.52696472,.16798042,.15086725,.19204563,.3174381,.39621934,.27261937,189.98169,68157.422,358.75784,279052.63,92110.625,98277,108193,56,236,686,3946259.975,4606890,5534272.425,3613.675,17373,36767.225,1.3584298,1.5496689,1.8657922,167.9077,7854.3999,46.77808,11039.627,4540555,97111,93850,98098,4386672,4025630,315,184,368,26180,14043,32228,1.2032086,1.3102614,1.1418642,319.81189,25288.08,79.071732,24907.596,,,37.345455,41.676285,198.52562,326.66953,129.78683,,207.1257,,164.02962,323.25864,383.89276,364.0625,222.35907,359.03613,73.61441,46.876583,83.111115,45.17173,,,,,,,,,,,,,,,,,,,,,,,,,,,,,,,,,,,,,,,,
29Aug2021,Iran,,,,,,,,,,,,,,,,,,,,,,,92357,91451,93263,51,41,61,3848838,3352907,4431675,1867,0,8237,93999,5210,687,66285,2.7316551,,.74056089,76.440857,5535.8604,108.54628,5535.8604,10213.621,17511.813,5277.0981,4349.77,7457.9185,2247.407,758.18506,1337.7488,372.66437,275.99481,485.30728,136.87326,174.47372,97.499809,303.61279,218101.31,212356.31,224923.03,174.47372,97.499809,303.61279,218101.31,212356.31,224923.03,73.030136,40.810871,127.08437,91291.508,88886.797,94146.898,73.030136,40.810871,127.08437,91291.508,88886.797,94146.898,148.21133,34762.398,14681.917,62775.844,71224816,83695120,60516912,62.032379,31.76955,110.36992,214552.59,210295.23,219337.72,62.032379,31.76955,110.36992,214552.59,210295.23,219337.72,,8129.8965,3049.481,15926.973,,,,147.70311,80.923676,254.82419,216561.06,211563.75,222418.14,147.70311,80.923676,254.82419,216561.06,211563.75,222418.14,,30688.232,12731.461,54023.043,,,,.20697284,.11566105,.36016658,258.72693,251.91179,266.81931,.20697284,.11566105,.36016658,258.72693,251.91179,266.81931,.086633421,.048412692,.15075631,108.29633,105.44369,111.68359,.086633421,.048412692,.15075631,108.29633,105.44369,111.68359,,41.237572,17.41671,74.469063,.50190359,.66408092,.48364589,.76301563,1.0418019,.69297487,.48130211,.6356197,.47169536,366.98276,119074.13,324.4679,56611.121,76222.43,74214.633,81300,93090.992,79469.453,121979.41,174437.19,129769.58,219491.23,75952.469,73666.359,78298.313,87430.18,79949.469,97216.977,124425.04,105494.98,143286.97,23.780001,10.09,50.849998,786.52002,209.07001,1564.17,3670.52,2840.51,4011.1101,26.940001,13.55,47.09,581.25,306.70999,943.91998,2500.97,2040.75,2781.25,24635776,23668122,26910254,33904088,27660668,44036988,62102844,49414252,72095712,24777086,23560054,26354116,35299780,29306470,42554920,64413576,55746960,71283232,3904.27,1265.54,9689.4502,299495.31,128245.25,477668.25,791443.13,427543.78,972658.19,4562.5601,1992.52,8938.54,341152.09,202089.31,480454.84,737094.5,454821.5,998502.25,335.26999,833.52002,1839.38,9944.6699,23636.961,43402.391,75982.406,99185,106593.93,463.29999,950.29999,1701.77,14886.59,27630.57,43720.32,97789,106896.47,112875.53,16.969999,49.130001,117.93,1138.66,2756.1499,4795.8999,6906.8398,9831.3096,10776.09,25.700001,56.990002,108.8,1767.6801,3157.77,4750.75,7303.4102,9648.5098,10981.64,201.27,462.13,974.21997,4125.8101,5452.6201,6368.0601,7596.5801,8642.1699,9018.4004,266.87,522.25,904.08002,6088.29,11353.61,18103.01,39106.488,44692.02,48067.449,5.29,15.3,36.740002,354.64999,858.95001,1495.41,2136.8201,3058.55,3354.6101,8,17.75,33.900002,550.63,984.21997,1481.3,2260.6399,2999.78,3419.97,9064.7402,27560.811,67951.047,877781.25,2042773.8,3252885,2984295.8,5396484,6586340,14140.58,32160.949,62695.781,1382260.6,2331920.5,3285810.8,3213815.5,5080793,6795009.5,.57999998,.63,.67000002,.89999998,1.03,1.0700001,.47,.63999999,.88999999,.61000001,.63999999,.67000002,.91000003,1.01,1.08,.47,.58999997,.75999999,.73000002,.81,.89999998,1.47,1.63,1.8,2.2,2.4400001,2.7,.77999997,.82999998,.88999999,1.55,1.66,1.78,2.3299999,2.49,2.6700001,.60907674,.79728812,.52479756,.26261514,.16302359,.32745948,.46377558,.66437876,.41238639,.59045798,.68004334,.52681983,.17037855,.15176952,.19646382,.33930114,.4486925,.27854219,189.98169,68157.422,358.75784,282170.22,,,,,,,,,,,,,,,,,,,,4573099,97430,94035,98470,4413044,4039687,319,185,372,26372,14057,32544,1.2096163,1.3160703,1.1430678,319.81189,25288.08,79.071732,25223.883,,,36.607841,41.673485,199.24146,326.56757,131.05891,,207.76971,,164.18292,323.20901,380.78537,364.20374,215.62152,356.01837,,,82.670845,45.29451,,,,,,,,,,,,,,,,,,,,,,,,,,,,,,,,,,,,,,,,
30Aug2021,Iran,,,,,,,,,,,,,,,,,,,,,,,92404,91488,93320,47,37,57,3850540,3352907,4439679,1702,0,8004,89449,5024,653,66336,2.7614572,,.71214396,76.440857,5535.8604,117.78426,5535.8604,10022.761,17255.002,5151.3906,4268.4868,7348.5488,2193.8708,744.63611,1317.7614,363.24353,271.04901,478.1647,133.38634,171.14784,94.752823,298.76541,218272.47,212457.98,225200.5,171.14784,94.752823,298.76541,218272.47,212457.98,225200.5,71.638016,39.661057,125.05539,91363.148,88929.352,94263.039,71.638016,39.661057,125.05539,91363.148,88929.352,94263.039,148.21133,34243.273,14258.626,61917.934,71259064,83757040,60531172,59.617157,30.322868,106.78816,214612.2,210330.8,219423.39,59.617157,30.322868,106.78816,214612.2,210330.8,219423.39,,7894.395,2913.4778,15565.287,,,,145.16841,78.578857,251.49821,216706.22,211652.72,222651.72,145.16841,78.578857,251.49821,216706.22,211652.72,222651.72,,30272.219,12410.251,53641.121,,,,.20302746,.11240238,.35441625,258.92996,252.03241,267.14847,.20302746,.11240238,.35441625,258.92996,252.03241,267.14847,.084981985,.047048695,.14834937,108.38131,105.49417,111.82137,.084981985,.047048695,.14834937,108.38131,105.49417,111.82137,,40.62175,16.914572,73.451355,.49979988,.6645298,.48251837,.75518334,1.0407791,.68606615,.47954336,.63317704,.46885338,366.98276,119074.13,324.4679,55531.98,76244.773,74230.25,81346.211,93885.477,79665.906,123536.95,178000.31,132943.16,222316.58,75977.813,73679.547,78344.57,88020.219,80265.602,98127.133,126918.36,107586.01,145945.94,22.33,9.3599997,48.099998,794.48999,211.72,1557.53,3563.1201,2703.98,3882.51,25.33,12.64,44.529999,590.03998,312.48999,953.34998,2493.3101,2091.03,2735.47,24639446,23670974,26919140,34204228,27778362,44504072,62848564,50373324,72486792,24781380,23562074,26363834,35641172,29501044,43028840,65101868,56730344,71695592,3669.1201,1174.5699,9169.0996,300136.22,129457.32,469147.56,745719.25,387575.53,948787.38,4293.6099,1862.58,8456.7002,341391.75,204641.48,472743.19,688291,412362.56,959612.44,311.17999,782.78003,1739.9399,10063.95,23899.75,43468.828,76208.531,97795.742,104390.46,432.97,893.75,1609.41,15147.29,27955.039,43916.102,95959.781,104864.45,110137.46,15.73,46.130001,111.51,1150.5,2772.9299,4755.6699,6354.04,9434.4805,10463.74,24,53.59,102.86,1793.6899,3174.78,4723.6201,6726.5898,9179.8096,10715.4,187.41,434.92999,923.31,4176.6499,5463.79,6357.4399,7422.6201,8504.7197,8868.7402,249.7,492.17999,856.53998,6198.7402,11505.98,18235,39726.98,44210.988,47022.32,4.9000001,14.37,34.740002,358.29001,864.08002,1482.7,1964.53,2934.1201,3258.8401,7.4699998,16.690001,32.040001,558.65997,989.40997,1472.67,2080.73,2852.9399,3337.5,8413.6201,25900.66,64302.32,886075.25,2047158.3,3198613.5,2712514,5092009,6425147.5,13218.71,30265.09,59316.352,1399702.5,2333748.5,3234077,2924377,4755020,6538077.5,.57999998,.63,.67000002,.88999999,1.02,1.0700001,.46000001,.62,.86000001,.61000001,.63999999,.67000002,.91000003,1.01,1.08,.47,.57999998,.74000001,.73000002,.81,.89999998,1.47,1.63,1.8,2.2,2.4400001,2.7,.77999997,.82999998,.88999999,1.55,1.66,1.78,2.3299999,2.49,2.6700001,.60859275,.7968874,.52458805,.2647098,.16354425,.33199149,.47780988,.69766527,.40920758,.58994645,.67862862,.52656472,.1728337,.1527012,.2016634,.36224651,.50708532,.28505987,189.98169,68157.422,358.75784,285029.5,,,,,,,,,,,,,,,,,,,,4605953,97752,94221,98848,4439604,4053755,322,186,378,26560,14068,32854,1.2123494,1.3221495,1.1505449,319.81189,25288.08,79.071732,25461.098,,,36.212765,41.670708,200.08008,326.46841,132.41817,,208.53172,,164.31349,323.16241,377.77219,364.31863,209.28827,353.08121,,,82.484474,45.417015,,,,,,,,,,,,,,,,,,,,,,,,,,,,,,,,,,,,,,,,
31Aug2021,Iran,,,,,,,,,,,,,,,,,,,,,,,92449,91523,93375,45,35,55,3852097,3352907,4447470,1557,0,7791,85059,4842,620,66383,2.8901734,,.70594275,76.440857,5535.8604,123.01912,5535.8604,9836.2217,16999.746,5037.6484,4189.0435,7239.8403,2145.4304,731.23639,1297.6652,351.86334,266.18561,471.02618,130.00989,167.90004,92.110748,293.95135,218440.36,212557.94,225472.5,167.90004,92.110748,293.95135,218440.36,212557.94,225472.5,70.278572,38.555153,123.04035,91433.422,88971.195,94376.891,70.278572,38.555153,123.04035,91433.422,88971.195,94376.891,148.21133,33738.027,13851.045,61073.816,71292800,83818112,60545020,57.316399,28.956247,103.35096,214669.53,210365.09,219517.36,57.316399,28.956247,103.35096,214669.53,210365.09,219517.36,,7668.874,2784.6135,15202.004,,,,142.69031,76.310379,248.18764,216848.92,211740.36,222881.23,142.69031,76.310379,248.18764,216848.92,211740.36,222881.23,,29866.373,12101.247,53261.836,,,,.19917469,.10926817,.3487055,259.12912,252.15099,267.47113,.19917469,.10926817,.3487055,259.12912,252.15099,267.47113,.083369315,.045736797,.145959,108.46468,105.54381,111.95642,.083369315,.045736797,.145959,108.46468,105.54381,111.95642,,40.022388,16.43107,72.449997,.49765813,.66500938,.48130503,.74739003,1.039866,.67985088,.47776243,.63059932,.46597651,366.98276,119074.13,324.4679,54478.172,76265.727,74244.867,81389.891,94687.203,79864.508,125085.31,181446.73,136139.98,224943.16,76001.617,73691.867,78388.289,88618.656,80587.203,99045.141,129394.73,109720.81,148522.45,20.969999,8.6899996,45.5,801.72998,214.35001,1548.37,3446.4399,2557.1299,3755.23,23.82,11.8,42.110001,598.44,318.26001,961.54999,2476.3799,2134.8,2684.6399,24642894,23673650,26927544,34504752,27909006,44962984,63549388,51312160,72840816,24785420,23563962,26373032,35982468,29697684,43495868,65743000,57672380,72068944,3448.45,1090.22,8678.4697,300526.19,130644.26,457276.72,700824.94,350891.16,926662.31,4040.8601,1741.23,8001.3701,341296.09,207118.23,464505.31,641134.06,373350.66,920369.69,288.81,735.13,1645.84,10182.29,24146.27,43472.449,73822.852,96085.383,102854.17,404.62,840.56,1522.02,15406.12,28257.27,44049.988,94480.367,102500.12,107403.64,14.59,43.310001,105.44,1162.17,2787.4399,4708.75,5830.4702,9023.2305,10171.41,22.42,50.389999,97.239998,1819.2,3188.73,4689.6001,6178.3901,8704.4102,10461.15,174.46001,409.26001,874.91998,4227.1802,5474.0601,6343.9399,7240.4302,8357.96,8721.9805,233.60001,463.76001,811.37,6308.7002,11650.13,18343.039,40009.238,43587.578,45906.578,4.54,13.49,32.84,361.87,868.51001,1467.89,1801.51,2805.25,3166.9399,6.98,15.69,30.290001,566.53998,993.65002,1461.9,1909.91,2704.1001,3258.1599,7809.75,24342.551,60853.34,894198.44,2049845.3,3118759,2462198,4792558.5,6277744,12357.69,28483.119,56122.48,1416631.3,2333304.3,3178765,2657266.8,4439423,6276442.5,.57999998,.63,.67000002,.88,1.02,1.0700001,.46000001,.61000001,.83999997,.61000001,.63999999,.67000002,.89999998,1,1.0700001,.46000001,.56999999,.72000003,.73000002,.81,.89999998,1.47,1.63,1.8,2.2,2.4400001,2.7,.77999997,.82999998,.88999999,1.55,1.66,1.78,2.3299999,2.49,2.6700001,.60809928,.79708683,.52428597,.2667754,.16407152,.33860677,.49176902,.72875303,.40524256,.58947843,.67768186,.52628487,.17534335,.15366103,.20700516,.38624993,.57179493,.29169148,189.98169,68157.422,358.75784,287626.91,,,,,,,,,,,,,,,,,,,,4639113,98077,94407,99231,4466348,4067834,325,186,383,26744,14079,33160,1.2152258,1.3211166,1.1550061,319.81189,25288.08,79.071732,25698.313,,,34.599998,41.667267,200.94115,326.37192,133.79895,,209.30905,,164.44684,323.11887,374.84714,364.40778,203.3475,350.23715,,,82.28923,45.5392,,,,,,,,,,,,,,,,,,,,,,,,,,,,,,,,,,,,,,,,
01Sep2021,Iran,,,,,,,,,,,,,,,,,,,,,,,92491,91556,93426,42,33,51,3853523,3352907,4455066,1426,0,7596,80834,4664,589,66425,2.9453015,,.67140603,76.440857,5535.8604,131.8062,5535.8604,9653.7529,16746.322,4908.46,4111.334,7131.9126,2090.4116,718.05579,1277.6021,340.47107,261.4184,463.92288,126.15665,164.7496,89.270096,289.21075,218605.11,212656.23,225739.13,164.7496,89.270096,289.21075,218605.11,212656.23,225739.13,68.959877,37.366131,121.05607,91502.383,89012.344,94488.492,68.959877,37.366131,121.05607,91502.383,89012.344,94488.492,148.21133,33247.066,13458.905,60244.836,71326048,83878360,60558480,55.131973,27.65609,100.06615,214724.66,210398.16,219613.36,55.131973,27.65609,100.06615,214724.66,210398.16,219613.36,,7453.0186,2662.54,14870.979,,,,140.28572,74.125587,244.92616,216989.2,211826.73,223106.78,140.28572,74.125587,244.92616,216989.2,211826.73,223106.78,,29471.145,11804.242,52886.477,,,,.19543742,.10589839,.34308189,259.32455,252.26759,267.78741,.19543742,.10589839,.34308189,259.32455,252.26759,267.78741,.081804998,.044326298,.14360511,108.54648,105.59262,112.08881,.081804998,.044326298,.14360511,108.54648,105.59262,112.08881,,39.439976,15.965888,71.466606,.49553126,.663279,.480059,.73972678,1.0387107,.67289555,.47601041,.62795717,.46311679,366.98276,119074.13,324.4679,53455.957,76285.422,74258.57,81431.18,95495.547,80066.781,126622.06,184768.77,139348.55,227377.41,76024.023,73703.391,78429.602,89225.078,80914.219,99969.844,131845.28,111892.4,151009.7,19.68,8.0600004,43.029999,808.34998,218.53999,1536.74,3322.02,2414.3899,3626.8701,22.389999,11.01,39.810001,606.41998,324,968.47998,2450.54,2171.5901,2626.49,24646136,23676164,26935498,34805420,28040810,45413264,64206436,52227968,73160912,24789224,23565726,26381740,36323336,29896314,43955460,66338848,58571552,72406568,3241.3401,1011.99,8215.2305,300666.16,131804.83,445142.91,657050.44,317323.41,905910.25,3803.29,1627.9,7571.0601,340868.06,209514.73,455787.78,595847.19,337624.38,880023.69,268.04001,690.38,1556.8,10299.59,24375.91,43413.539,74044.32,94080.492,101300.54,378.12,790.53003,1439.35,15662.69,28536.34,44121.5,89615.359,99839.008,105037.63,13.53,40.669998,99.709999,1173.64,2799.6599,4655.4399,5337.4399,8602.2197,9935.3896,20.940001,47.380001,91.940002,1844.1801,3199.5801,4648.8999,5660.6099,8227.2002,10192.42,162.38,385.06,828.94,4275.7998,5483.27,6327.6802,7023.73,8203.7305,8598.0303,218.49001,436.91,768.46997,6418,11785.64,18426.699,39302.328,42832.328,44790.012,4.21,12.66,31.049999,365.39999,872.21002,1451.1,1648.14,2673.4299,3094.53,6.52,14.75,28.629999,574.25,996.91998,1449.05,1748.72,2554.8101,3173.6599,7249.6699,22880.1,57602.211,902140.31,2050841.1,3037093.3,2232364.8,4500054,6137488.5,11553.47,26808.109,53103.879,1433013.4,2330607.8,3120188.3,2411565.8,4135521.5,6009409.5,.57999998,.63,.67000002,.87,1.01,1.0599999,.44999999,.60000002,.81999999,.61000001,.63999999,.67000002,.88999999,.99000001,1.0700001,.46000001,.56,.69999999,.73000002,.81,.89999998,1.47,1.63,1.8,2.2,2.4400001,2.7,.77999997,.82999998,.88999999,1.55,1.66,1.78,2.3299999,2.49,2.6700001,.60715628,.79645061,.52378321,.26885301,.16580576,.34522396,.50559586,.76086098,.40035644,.58870083,.67633146,.52581805,.17790461,.15464306,.21248485,.41126987,.64319706,.29845673,189.98169,68157.422,358.75784,290001.91,,,,,,,,,,,,,,,,,,,,4672573,98406,94593,99619,4493272,4081921,329,186,388,26924,14087,33460,1.2219582,1.3203663,1.1595936,319.81189,25288.08,79.071732,26014.6,,,33.952381,41.663761,201.80362,326.27805,135.18504,,210.07944,,164.70224,323.07794,371.95047,364.47165,197.78642,347.49615,,,81.835869,45.660549,,,,,,,,,,,,,,,,,,,,,,,,,,,,,,,,,,,,,,,,
02Sep2021,Iran,,,,,,,,,,,,,,,,,,,,,,,92530,91585,93475,39,29,49,3854829,3352907,4462479,1306,0,7413,76773,4491,559,66465,2.9862175,,.66100097,76.440857,5535.8604,141.94514,5535.8608,9475.4648,16495.188,4783.5664,4035.4045,7024.9595,2037.222,705.50842,1258.3297,329.65054,256.827,457.0051,122.123,161.67912,86.536499,284.5188,218766.8,212752.94,226000.48,161.67912,86.536499,284.5188,218766.8,212752.94,226000.48,67.674652,36.221916,119.09213,91570.063,89052.82,94597.898,67.674652,36.221916,119.09213,91570.063,89052.82,94597.898,148.21133,32770.461,13081.776,59431.719,71358816,83937792,60571564,53.052601,26.332479,96.391068,214777.72,210430.08,219708.94,53.052601,26.332479,96.391068,214777.72,210430.08,219708.94,,7246.4634,2546.8975,14566.386,,,,137.94009,72.014954,241.69231,217127.14,211911.86,223328.44,137.94009,72.014954,241.69231,217127.14,211911.86,223328.44,,29086.66,11518.884,52515.84,,,,.19179501,.1026556,.33751595,259.51636,252.38231,268.09747,.19179501,.1026556,.33751595,259.51636,252.38231,268.09747,.080280371,.042968951,.14127536,108.62676,105.64063,112.21859,.080280371,.042968951,.14127536,108.62676,105.64063,112.21859,,38.874599,15.518512,70.502029,.49336848,.66150421,.47873223,.73211712,1.0339042,.66173631,.47423834,.62519038,.46022743,366.98276,119074.13,324.4679,52459.684,76303.898,74271.391,81470.203,96310.07,80276.367,128144.79,187960.16,142557.3,229626.66,76045.07,73714.156,78468.641,89839.031,81246.617,100900.08,134261.59,114093.41,153402.14,18.48,7.48,40.700001,814.52002,226.35001,1522.74,3191.3899,2230.52,3513.71,21.049999,10.28,37.639999,613.96002,329.72,974.12,2416.3101,2193.45,2560.1001,24649182,23678524,26943022,35105976,28173748,45854492,64821072,53118276,73450056,24792804,23567376,26389984,36663448,30096856,44407108,66891444,59426892,72711576,3046.95,939.45001,7777.27,300557.94,132937.75,432840.63,614634.13,286690.38,883576.25,3579.98,1522.05,7164.3901,340112.06,211826.06,446638.66,552597.25,305001.31,838655.69,248.75,648.35999,1472.5699,10415.68,24588.09,43292.77,73194.273,91809.992,99458.891,353.35001,743.48999,1361.16,15916.63,28791.391,44130.449,84731.602,96918.281,103156.74,12.55,38.200001,94.300003,1184.91,2809.5601,4596.0898,4875.5898,8175.8198,9630.6104,19.559999,44.560001,86.93,1868.58,3207.3201,4601.7998,5174.3198,7752.6001,9891.9697,151.10001,362.23001,785.27002,4318.8701,5491.0898,6308.75,6817.3901,8043.8301,8483.5996,204.32001,411.57001,727.75,6526.5098,11912.1,18485.66,39252.922,41956.77,43801.441,3.9100001,11.89,29.360001,368.85999,875.19,1432.42,1504.6,2540,2996.02,6.0900002,13.87,27.07,581.78003,999.21997,1434.2,1597.47,2406.4299,3079.29,6730.1699,21507.35,54530.801,909888.38,2050157.5,2954006.5,2021920,4216089,5988676,10802.24,25233.529,50250.801,1448816.5,2325688.3,3058664,2186216,3844475.3,5735299.5,.57999998,.63,.68000001,.86000001,1,1.0599999,.44999999,.58999997,.80000001,.61000001,.63999999,.67000002,.88,.99000001,1.0599999,.44999999,.55000001,.68000001,.73000002,.81,.89999998,1.47,1.63,1.8,2.2,2.4400001,2.7,.77999997,.82999998,.88999999,1.55,1.66,1.78,2.3299999,2.49,2.6700001,.60650814,.79621053,.5233199,.27100265,.17026767,.35180154,.51923406,.77802402,.39766914,.58799207,.67540485,.5253762,.18051697,.15565601,.21810025,.43726423,.7191608,.30526236,189.98169,68157.422,358.75784,292215.44,,,,,,,,,,,,,,,,,,,,4706327,98738,94780,100012,4520371,4096015,332,187,393,27099,14094,33754,1.2251375,1.3268057,1.1643064,319.81189,25288.08,79.071732,26251.814,,,33.487179,41.660316,202.68826,326.18668,136.59016,,210.86444,,164.87825,323.03961,369.00006,364.50992,192.59135,344.86603,,,81.623497,45.781471,,,,,,,,,,,,,,,,,,,,,,,,,,,,,,,,,,,,,,,,
03Sep2021,Iran,,,,,,,,,,,,,,,,,,,,,,,92566,91612,93520,36,27,45,3856022,3352907,4469719,1193,0,7240,72873,4323,530,66500,3.0176027,,.62154698,76.440857,5535.8604,153.7739,5535.8604,9301.4551,16246.772,4663.2998,3961.2974,6919.1646,1986.0029,693.48022,1238.953,319.33145,252.36053,450.18884,118.24448,158.66916,83.891396,279.91641,218925.47,212854.33,226256.66,158.66916,83.891396,279.91641,218925.47,212854.33,226256.66,66.414757,35.114742,117.1657,91636.477,89095.258,94705.125,66.414757,35.114742,117.1657,91636.477,89095.258,94705.125,148.21133,32293.105,12713.255,58607.605,71391112,83996400,60584276,51.066902,24.963814,92.833977,214828.78,210460.89,219801.3,51.066902,24.963814,92.833977,214828.78,210460.89,219801.3,,7045.5605,2436.2036,14271.64,,,,135.63754,70.280106,237.52042,217262.78,212011,223546.23,135.63754,70.280106,237.52042,217262.78,212011,223546.23,,28699.527,11239.532,52126.176,,,,.18822438,.099517792,.33205628,259.70459,252.50258,268.40137,.18822438,.099517792,.33205628,259.70459,252.50258,268.40137,.078785799,.041655548,.13899009,108.70555,105.69098,112.34579,.078785799,.041655548,.13899009,108.70555,105.69098,112.34579,,38.308323,15.081346,69.524406,.49134067,.65987349,.47761106,.72480965,1.0247015,.65047872,.47261247,.62529385,.45566437,366.98276,119074.13,324.4679,51483.047,76321.25,74283.391,81507.094,97129.883,80492.148,129651.23,191016.19,145754.73,231698.97,76064.859,73724.219,78505.531,90460.063,81584.367,101834.64,136635.83,116316.18,155695.42,17.35,6.9400001,38.490002,819.81,233.05,1506.4399,3056.02,2054.74,3416.0701,19.790001,9.6000004,35.59,621.03003,335.39999,978.42999,2374.24,2177.6299,2493.8301,24652046,23680742,26950142,35406180,28307790,46286296,65394836,53980952,73711016,24796174,23568920,26397788,37002484,30299226,44850352,67402944,60237916,72986856,2864.49,872.16998,7363.1899,300204.09,134041.67,426646.38,573765.75,258801.94,858687.94,3370.0701,1423.1801,6780.0298,339033.72,214047.58,440899.09,511499.53,275286.94,796726.44,230.85001,608.90997,1392.88,10530.39,24782.301,43111.148,69719.117,89304.461,96464,330.20001,699.25,1287.21,16167.54,29021.65,44077.031,79872.883,93775.906,101231.14,11.64,35.880001,89.190002,1195.96,2817.1299,4531.0601,4444.98,7748.0498,9289.9004,18.280001,41.91,82.199997,1892.36,3211.9299,4553.6602,4719.9199,7284.5098,9564.2598,140.58,340.72,743.79999,4357.48,5497.6001,6287.2798,6621.9902,7879.9902,8391.2402,191.05,387.64999,689.09998,6634.0698,12029.14,18519.73,37517.949,40973.172,42831.391,3.6199999,11.17,27.77,372.25,877.45001,1411.98,1370.88,2406.24,2891.4099,5.6900001,13.05,25.59,589.10999,1000.54,1418.99,1456.28,2260.1899,2976.45,6248.2998,20218.699,51626.609,917434.25,2047811.4,2908018.8,1829698.1,3941949.8,5824945,10100.48,23753.279,47554.078,1464008.6,2318582.3,3013660.8,1980061.9,3567115.8,5457084,.57999998,.63,.68000001,.86000001,1,1.05,.44999999,.57999998,.77999997,.61000001,.63999999,.67000002,.87,.98000002,1.0599999,.44999999,.54000002,.66000003,.73000002,.81,.89999998,1.47,1.63,1.8,2.2,2.4400001,2.7,.77999997,.82999998,.88999999,1.55,1.66,1.78,2.3299999,2.49,2.6700001,.60569251,.79571646,.52273542,.27308422,.17386384,.35308865,.53262502,.79394305,.39782441,.58722818,.67454576,.52492392,.18317647,.15669413,.22191699,.46417245,.79104006,.31300959,189.98169,68157.422,358.75784,294113.28,,,,,,,,,,,,,,,,,,,,4740370,99073,94968,100410,4547642,4110114,335,188,398,27271,14099,34043,1.2284111,1.3334279,1.1691097,319.81189,25288.08,79.071732,26489.029,,,33.138889,41.657001,203.52478,326.09778,137.96725,,211.58984,,165.10028,323.00369,366.18741,364.52408,187.74934,342.35233,,,81.405968,45.901932,,,,,,,,,,,,,,,,,,,,,,,,,,,,,,,,,,,,,,,,
04Sep2021,Iran,,,,,,,,,,,,,,,,,,,,,,,92601,91638,93564,35,26,44,3857108,3352907,4476792,1086,0,7073,69127,4159,502,66533,3.222836,,.62208396,76.440857,5535.8604,158.16743,5535.8604,9131.6758,16001.226,4547.499,3888.9919,6814.5913,1936.6858,681.729,1215.7734,309.38834,247.98155,443.41245,114.50021,155.72099,81.347389,275.35114,219081.19,212974.7,226509.81,155.72099,81.347389,275.35114,219081.19,212974.7,226509.81,65.18074,34.049892,115.25479,91701.656,89145.641,94811.086,65.18074,34.049892,115.25479,91701.656,89145.641,94811.086,148.21133,31817.654,12354.078,57777.852,71422928,84054176,60596628,49.170658,23.66136,89.477051,214877.95,210490.64,219890.59,49.170658,23.66136,89.477051,214877.95,210490.64,219890.59,,6850.6709,2330.4072,13982.318,,,,133.37866,68.750793,233.13354,217396.16,212118.78,223760.22,133.37866,68.750793,233.13354,217396.16,212118.78,223760.22,,28312.162,10966.842,51629.594,,,,.18472706,.09649992,.32664064,259.88931,252.64537,268.70166,.18472706,.09649992,.32664064,259.88931,252.64537,268.70166,.077321917,.040392343,.13672324,108.78287,105.75075,112.47149,.077321917,.040392343,.13672324,108.78287,105.75075,112.47149,,37.744312,14.655265,68.5401,.48941696,.65846586,.47656867,.71774954,1.0153315,.63993001,.47110024,.62689692,.45155022,366.98276,119074.13,324.4679,50526.465,76337.531,74294.617,81541.953,97953.992,80712.031,131139.2,193933.48,148929.7,233602.92,76083.469,73733.617,78540.391,91087.68,81927.398,102772.32,138960.83,118552.89,157886.33,16.290001,6.4299998,36.389999,824.10999,237.64999,1487.96,2917.3,1887.52,3331.29,18.610001,8.9700003,33.639999,627.62,341.04001,981.40997,2325,2160,2436.98,24654740,23682826,26956882,35705788,28442906,46711448,65929428,54814216,73946376,24799346,23570362,26405176,37340124,30503336,45284776,67875568,61004596,73235144,2693.2,809.76001,6971.6499,299607.88,135115.3,421469.06,534590.19,233465.14,826109.44,3172.73,1330.8199,6416.7402,337639.88,216174.72,436912.41,472624.5,248283.38,754657.5,214.24001,571.87,1317.51,10643.56,24958.08,42870.02,66302.492,86595.43,93527.773,308.56,657.65002,1217.29,16415.029,29226.439,43961.77,75077.789,90449.922,98895.602,10.8,33.700001,84.360001,1206.79,2822.3601,4460.7402,4045.2,7322.52,9024.7402,17.08,39.419998,77.730003,1915.46,3213.4199,4486.4199,4297.2798,6826.2798,9213.8701,130.77,320.45001,704.44,4393.75,5502.98,6263.3901,6437.8701,7713.8101,8275.6504,178.83,365.07999,652.42999,6740.5098,12136.43,18528.869,35718.141,39894.199,42128.012,3.3599999,10.49,26.26,375.57001,878.97998,1389.89,1246.85,2273.25,2810.02,5.3099999,12.27,24.200001,596.22998,1000.89,1397.91,1325.0699,2117.1201,2866.5701,5801.2998,19008.93,48880.379,924772,2043825.3,2871218.3,1654502.3,3678634.3,5609959.5,9444.9004,22361.631,45005.031,1478558.1,2309335.8,2986979.5,1791895.9,3303983,5177498,.57999998,.63,.68000001,.85000002,.99000001,1.05,.44999999,.56999999,.76999998,.61000001,.63999999,.68000001,.86000001,.98000002,1.0599999,.44999999,.52999997,.64999998,.73000002,.81,.89999998,1.47,1.63,1.8,2.2,2.4400001,2.7,.77999997,.82999998,.88999999,1.55,1.66,1.78,2.3299999,2.49,2.6700001,.60485673,.79406244,.52197111,.27506286,.17588681,.35304132,.54570776,.80848044,.40325046,.58656114,.67402059,.52425373,.18588445,.15776128,.22462396,.49193388,.86997366,.3229253,189.98169,68157.422,358.75784,295655.91,,,,,,,,,,,,,,,,,,,,4774694,99412,95156,100813,4575079,4124218,339,188,403,27437,14104,34324,1.2355578,1.3329552,1.1741055,319.81189,25288.08,79.071732,26805.316,,,31.028572,41.652985,204.32475,326.01123,139.32437,,212.26906,,165.32841,322.97009,363.55325,364.5159,183.24828,339.95898,,,80.935104,46.021397,,,,,,,,,,,,,,,,,,,,,,,,,,,,,,,,,,,,,,,,
05Sep2021,Iran,,,,,,,,,,,,,,,,,,,,,,,92632,91659,93605,31,21,41,3858091,3352907,4483705,983,0,6913,65530,4000,476,66562,3.1536114,,.59308547,76.440857,5535.8604,178.57614,5535.8604,8966.0859,15758.709,4436.0122,3818.4705,6711.3086,1889.2059,670.27881,1193.4452,299.82098,243.7618,435.98428,110.92036,152.85657,78.919144,270.85651,219234.05,213093.92,226757.98,152.85657,78.919144,270.85651,219234.05,213093.92,226757.98,63.981766,33.033489,113.37345,91765.641,89195.547,94914.961,63.981766,33.033489,113.37345,91765.641,89195.547,94914.961,148.21133,31375.506,12015.971,57103.711,71454304,84111280,60608644,47.366463,22.438316,86.276779,214925.31,210519.41,219976.94,47.366463,22.438316,86.276779,214925.31,210519.41,219976.94,,6668.2632,2231.5049,13713.568,,,,131.18219,67.247749,228.819,217527.34,212225.73,223970.47,131.18219,67.247749,228.819,217527.34,212225.73,223970.47,,27952.596,10711.284,51032.852,,,,.18132909,.093619369,.32130879,260.07065,252.7868,268.99606,.18132909,.093619369,.32130879,260.07065,252.7868,268.99606,.075899608,.039186619,.13449146,108.85877,105.80994,112.59472,.075899608,.039186619,.13449146,108.85877,105.80994,112.59472,,37.219803,14.254178,67.740387,.48718441,.65678543,.47432384,.71032685,1.0055239,.62913442,.46930236,.62782156,.44837588,366.98276,119074.13,324.4679,49597.047,76352.82,74305.133,81574.891,98781.508,80934.844,132606.63,196710.03,152071.39,235347.34,76100.961,73742.398,78573.32,91721.367,82275.641,103711.88,141230.09,120795.62,159972.78,15.29,5.9699998,34.41,827.52002,241.07001,1467.42,2776.54,1729.17,3243.6001,17.49,8.3800001,31.799999,633.70001,346.63,983.03003,2269.27,2086.3101,2373.6599,24657272,23684782,26963258,36004560,28579064,47127188,66426640,55616624,74158512,24802334,23571710,26412172,37676060,30709100,45710008,68311576,61727304,73458936,2532.3799,751.88,6601.4199,298773.44,136157.42,412031.63,497211.72,210488.73,797004.94,2987.2,1244.55,6073.3501,335938.47,218202.88,430186.88,436003.38,223790.81,712828.06,198.82001,537.09998,1246.23,10755.07,25115.029,42571.059,62657.16,83714.789,90669.398,288.35001,618.53998,1151.16,16658.689,29405.18,43785.551,70379.68,86977.648,96618.578,10.02,31.66,79.800003,1217.37,2825.26,4364.5898,3675.47,6902.4399,8824.3496,15.96,37.080002,73.510002,1937.86,3211.8,4409.2998,3905.78,6380.73,8846.6201,121.63,301.35999,667.09003,4428.8398,5507.3398,6237.2402,6265.1602,7546.7798,8139.1299,167.39,343.79001,617.65002,6845.6802,12233.66,18513.15,33917.93,38732.781,41380.199,3.1199999,9.8500004,24.84,378.81,879.78003,1359.54,1132.24,2142.0601,2747.0701,4.96,11.54,22.879999,603.13,1000.28,1373.71,1203.64,1978.11,2751.8,5386.6299,17873.109,46283.441,931893.81,2038226.6,2810971,1495132.9,3426877.8,5411713.5,8832.4404,21053.17,42595.469,1492434.3,2298001.3,2946231.3,1620493.6,3055362.3,4899007.5,.57999998,.63,.68000001,.83999997,.99000001,1.05,.44,.56,.75,.61000001,.63999999,.68000001,.86000001,.97000003,1.05,.44999999,.52999997,.63999999,.73000002,.81,.89999998,1.47,1.63,1.8,2.2,2.4400001,2.7,.77999997,.82999998,.88999999,1.55,1.66,1.78,2.3299999,2.49,2.6700001,.60377985,.79400963,.5212515,.27697241,.17705242,.35614258,.55842209,.82150245,.40697366,.58549815,.67333573,.52359897,.18863574,.15885675,.22851233,.52047074,.93225902,.33299193,189.98169,68157.422,358.75784,296879.31,,,,,,,,,,,,,,,,,,,,4809292,99754,95344,101222,4602677,4138323,342,188,409,27598,14105,34598,1.2392203,1.3328607,1.1821493,319.81189,25288.08,79.071732,27042.531,,,31.709677,41.649658,205.26109,325.92703,140.78026,,213.08224,,165.62328,322.9386,361.04678,364.48685,179.07602,337.68811,,,80.695908,46.140274,,,,,,,,,,,,,,,,,,,,,,,,,,,,,,,,,,,,,,,,
06Sep2021,Iran,,,,,,,,,,,,,,,,,,,,,,,92662,91680,93644,30,21,39,3858986,3352907,4490475,895,0,6770,62085,3845,450,66589,3.3519554,,.5760709,76.440857,5535.8604,184.52867,5535.8604,8804.792,15519.635,4328.7705,3749.7788,6609.4912,1843.5338,659.12775,1175.868,290.61469,239.68274,427.96841,107.49114,149.98317,76.459045,266.27295,219384.02,213211.95,227001.06,149.98317,76.459045,266.27295,219384.02,213211.95,227001.06,62.77903,32.003757,111.4549,91828.414,89244.953,95016.711,62.77903,32.003757,111.4549,91828.414,89244.953,95016.711,148.21133,30962.848,11696.849,56475.078,71485264,84167752,60620344,45.621914,21.276524,83.17012,214970.94,210547.2,220060.44,45.621914,21.276524,83.17012,214970.94,210547.2,220060.44,,6497.0669,2138.8372,13461.473,,,,128.96951,65.558914,224.44327,217656.31,212331.83,224176.95,128.96951,65.558914,224.44327,217656.31,212331.83,224176.95,,27617.475,10471.098,50472.98,,,,.17792045,.090701029,.31587148,260.24857,252.92682,269.28442,.17792045,.090701029,.31587148,260.24857,252.92682,269.28442,.074472845,.037965078,.13221554,108.93324,105.86855,112.71542,.074472845,.037965078,.13221554,108.93324,105.86855,112.71542,,36.730278,13.875614,66.994659,.4843972,.65367216,.47148752,.70219249,.99477065,.6178382,.46698517,.62609398,.44468004,366.98276,119074.13,324.4679,48664.723,76367.172,74314.969,81606.023,99611.57,81160.078,134051.55,199344.98,155169.52,236941.28,76117.398,73750.602,78604.438,92360.633,82629.023,104652.09,143437.88,123036.5,161953.67,14.35,5.5300002,32.540001,830.07001,244,1444.92,2634.96,1579.8199,3120.0901,16.440001,7.8299999,30.059999,639.25,352.14999,983.28998,2207.79,1980.89,2328.1799,24659654,23686620,26969294,36302268,28716230,47532736,66888336,56387076,74349640,24805146,23572972,26418798,38010000,30916420,46125720,68713208,62406760,73660544,2381.3999,698.17999,6251.3198,297705.5,137166.78,401775.72,461698.13,189686.33,768570.06,2812.75,1163.9399,5748.75,333938.63,220127.77,423023.09,401634.19,201613.91,671571,184.50999,504.45001,1178.8101,10864.8,25252.811,42216.191,58380.078,80694.148,88245.023,269.45999,581.77002,1088.65,16898.119,29557.4,43549.578,65806.727,83395.211,94422.781,9.3000002,29.74,75.5,1227.7,2825.8401,4250.6099,3334.73,6490.6001,8612.79,14.91,34.880001,69.529999,1959.49,3207.1101,4327.6802,3544.52,5950.1899,8480.75,113.1,283.38,631.65997,4463.23,5510.7202,6208.96,6103.8198,7380.27,8031.3501,156.66,323.70999,584.67999,6949.4199,12320.57,18472.779,32130.301,37501.77,40513.199,2.8900001,9.25,23.5,381.98001,879.85999,1323.84,1026.71,2013.5,2681.25,4.6399999,10.85,21.629999,609.78998,998.70001,1348.1,1091.6801,1843.86,2637.2,5001.9199,16806.65,43827.539,938792.19,2031047.3,2741846,1350405.8,3187180.3,5222322.5,8260.21,19822.859,40317.641,1505608,2284639.3,2895538,1464635,2821322.3,4623794.5,.57999998,.63,.68000001,.82999998,.98000002,1.05,.44,.55000001,.73000002,.61000001,.63999999,.68000001,.85000002,.95999998,1.05,.44999999,.51999998,.62,.73000002,.81,.89999998,1.47,1.63,1.8,2.2,2.4400001,2.7,.77999997,.82999998,.88999999,1.55,1.66,1.78,2.3299999,2.49,2.6700001,.60258675,.79205942,.5205301,.27882254,.17788564,.35963351,.57071054,.83285916,.40596041,.58448142,.67271513,.52289629,.19142739,.15997528,.23244357,.54970175,.98251659,.34667668,189.98169,68157.422,358.75784,297794.13,,,,,,,,,,,,,,,,,,,,4844159,100099,95533,101635,4630433,4152430,345,189,413,27756,14107,34867,1.2429745,1.3397604,1.1845011,319.81189,25288.08,79.071732,27279.748,,,29.833334,41.645832,206.44215,325.84537,142.4111,,214.13956,,165.9512,322.90909,358.65106,364.43826,175.22017,335.54059,,,80.452171,46.258533,,,,,,,,,,,,,,,,,,,,,,,,,,,,,,,,,,,,,,,,
07Sep2021,Iran,,,,,,,,,,,,,,,,,,,,,,,92690,91699,93681,28,19,37,3859803,3352907,4497112,817,0,6637,58792,3695,426,66614,3.4271727,,.55748081,76.440857,5535.8604,197.7093,5535.8604,8647.6387,15283.938,4213.2158,3682.8503,6509.1133,1794.3215,648.04236,1165.3203,281.64383,235.65999,420.08353,104.17059,147.15466,73.895988,261.69965,219531.17,213328.81,227239.11,147.15466,73.895988,261.69965,219531.17,213328.81,227239.11,61.595093,30.930929,109.54063,91890.008,89293.859,95116.352,61.595093,30.930929,109.54063,91890.008,89293.859,95116.352,148.21133,30562.701,11389.814,55803.809,71515832,84223560,60631732,43.950642,20.180075,80.345604,215014.89,210574.06,220141.17,43.950642,20.180075,80.345604,215014.89,210574.06,220141.17,,6333.1123,2050.9006,13218.17,,,,126.78735,63.919498,220.14388,217783.09,212437.06,224379.69,126.78735,63.919498,220.14388,217783.09,212437.06,224379.69,,27291.674,10240.18,49922.777,,,,.17456508,.087660551,.31044629,260.42313,253.06544,269.5668,.17456508,.087660551,.31044629,260.42313,253.06544,269.5668,.073068373,.036692414,.1299447,109.00631,105.92657,112.83362,.073068373,.036692414,.1299447,109.00631,105.92657,112.83362,,36.2556,13.511389,66.198357,.48148447,.64879012,.46896377,.69398171,.98396158,.60784209,.46456423,.62420291,.44096881,366.98276,119074.13,324.4679,47746.965,76380.641,74324.18,81635.453,100443.36,81387.563,135472.14,201838.63,158214.45,238393.77,76132.859,73758.273,78633.844,93004.891,82987.469,105591.72,145579.19,125267.77,163828.84,13.47,5.1300001,30.77,831.78998,246.74001,1420.6,2493.6299,1439.48,3021.1001,15.46,7.3099999,28.42,644.27002,357.60999,982.20001,2141.3101,1875.1801,2284.3899,24661894,23688348,26975008,36598676,28854372,47927892,67316424,57124800,74521760,24807796,23574152,26425072,38341648,31125204,46531632,69082696,63043980,73842112,2239.6299,648.37,5920.23,296409.44,138142.2,392445.41,428085.63,170878.34,737723.75,2648.72,1088.64,5441.8901,331650.22,221945.2,415724.69,369487.75,181563.09,631172.81,171.23,473.81,1115.0601,10972.67,25371.16,41807.629,54269.09,77564.352,85959.203,251.81,547.20001,1029.54,17132.91,29682.699,43255.359,61382.129,79736.922,92327.141,8.6199999,27.940001,71.440002,1237.77,2824.1101,4134.5801,3021.6899,6089.3398,8410.3896,13.93,32.82,65.760002,1980.3199,3199.3701,4241.9902,3212.25,5536.46,8104.1099,105.17,266.45001,598.07001,4497.0698,5513.1299,6173.6401,5953.6899,7215.46,7952.3198,146.61,304.79001,553.41998,7051.5498,12396.91,18408.109,30366.689,36213.82,39644.84,2.6800001,8.6899996,22.23,385.06,879.21997,1287.51,929.84003,1888.33,2617.72,4.3299999,10.21,20.459999,616.20001,996.17999,1321.24,988.79999,1714.9301,2519.3,4644.9902,15805.23,41504.898,945459.19,2022323.3,2676377.3,1219172.4,2959834.3,5019524.5,7725.5601,18665.961,38164.23,1518051.1,2269316,2846238,1323129.9,2601747.5,4353745,.57999998,.63,.68000001,.82999998,.98000002,1.04,.44,.55000001,.72000003,.61000001,.63999999,.68000001,.83999997,.95999998,1.05,.44,.51999998,.61000001,.73000002,.81,.89999998,1.47,1.63,1.8,2.2,2.4400001,2.7,.77999997,.82999998,.88999999,1.55,1.66,1.78,2.3299999,2.49,2.6700001,.6014387,.79121494,.51974332,.28062198,.17861305,.36198664,.58250725,.84240049,.40951645,.58367819,.67148,.52224499,.19426189,.16112535,.23626213,.57953477,1.0327981,.36192781,189.98169,68157.422,358.75784,298411.19,,,,,,,,,,,,,,,,,,,,4879287,100447,95722,102054,4658340,4166535,348,189,419,27907,14105,35128,1.2469989,1.3399503,1.1927807,319.81189,25288.08,79.071732,27516.963,,,29.178572,41.642063,207.69101,325.76617,144.09601,,215.25549,,166.26799,322.88147,356.35129,364.37128,171.67168,333.51605,,,80.192528,46.376099,,,,,,,,,,,,,,,,,,,,,,,,,,,,,,,,,,,,,,,,
08Sep2021,Iran,,,,,,,,,,,,,,,,,,,,,,,92715,91715,93715,25,16,34,3860548,3352907,4503624,745,0,6512,55648,3549,403,66636,3.3557048,,.52211303,76.440857,5535.8604,221.43442,5535.8604,8494.3711,15051.38,4080.033,3617.5771,6410.0713,1737.6017,637.08197,1148.8268,272.94016,231.70898,415.58047,100.95911,144.43495,71.460312,257.25476,219675.61,213444.53,227472.28,144.43495,71.460312,257.25476,219675.61,213444.53,227472.28,60.456696,29.911419,107.68011,91950.469,89342.305,95213.953,60.456696,29.911419,107.68011,91950.469,89342.305,95213.953,148.21133,30176.023,11094.896,55149.496,71546008,84278712,60642828,42.368084,19.153549,77.838501,215057.25,210600.06,220219.3,42.368084,19.153549,77.838501,215057.25,210600.06,220219.3,,6176.314,1967.5139,13006.542,,,,124.68972,62.348663,216.19514,217907.78,212541.48,224578.78,124.68972,62.348663,216.19514,217907.78,212541.48,224578.78,,26976.082,10017.389,49384.207,,,,.17133877,.084771186,.30517343,260.59445,253.20273,269.84341,.17133877,.084771186,.30517343,260.59445,253.20273,269.84341,.071717925,.035483003,.12773763,109.07803,105.98404,112.94939,.071717925,.035483003,.12773763,109.07803,105.98404,112.94939,,35.796894,13.161535,65.422165,.47864145,.64408278,.46646801,.68597686,.97348988,.59845656,.46222323,.62240434,.43778196,366.98276,119074.13,324.4679,46864.504,76393.289,74332.813,81663.25,101276.06,81617.219,136866.73,204192.17,161197.31,239713.73,76147.391,73765.43,78661.609,93653.617,83350.891,106529.55,147649.81,127481.92,165599,12.65,4.7600002,29.09,832.70001,249.41,1394.6,2353.55,1308.05,2950.1001,14.53,6.8299999,26.870001,648.72998,362.98999,979.77002,2070.6201,1770.15,2237.47,24664000,23689970,26980416,36893568,28993454,48312500,67712808,57829328,74676728,24810290,23575256,26431014,38670736,31342960,46927512,69422208,63640236,74005568,2106.49,602.15002,5607.1001,294891.28,139082.52,385048.69,396383.28,153894.13,704527.63,2494.46,1018.27,5151.7798,329084.19,223651.3,409151.84,339512.38,163457.89,591872.94,158.91,445.04999,1054.78,11078.59,25469.85,41347.82,50337.922,74355.023,84342.07,235.32001,514.70001,973.65997,17362.66,29780.83,42904.691,57124.422,76034.977,90224.531,8,26.26,67.610001,1247.5699,2820.1001,4039.45,2734.9099,5700.6099,8187.3701,13.02,30.879999,62.200001,2000.3101,3188.6499,4159.02,2907.5801,5140.9302,7720.6602,97.769997,250.52,566.21997,4530.3999,5514.5801,6127.8799,5814.4502,7053.4199,7867.4102,137.19,286.95001,523.79999,7151.9199,12462.51,18319.58,28636.99,34881.141,38754.859,2.49,8.1700001,21.030001,388.06,877.85999,1257.83,841.16998,1767.14,2547.77,4.0500002,9.6000004,19.35,622.34003,992.71997,1295.13,894.53998,1591.76,2399.3301,4313.8101,14864.82,39308.191,951886.63,2012095.1,2626497,1100331.5,2744954.5,4798237,7225.9702,17578,36128.34,1529736.8,2252104.3,2800719,1194830,2396372.8,4090455,.57999998,.63,.68000001,.81999999,.97000003,1.04,.44,.54000002,.70999998,.61000001,.63999999,.68000001,.82999998,.94999999,1.04,.44,.50999999,.60000002,.73000002,.81,.89999998,1.47,1.63,1.8,2.2,2.4400001,2.7,.77999997,.82999998,.88999999,1.55,1.66,1.78,2.3299999,2.49,2.6700001,.60052502,.7905007,.51880652,.28237525,.17932521,.36218795,.59375614,.84996748,.41873449,.5824908,.67074543,.52156734,.19713192,.16230176,.23946367,.60988063,1.0829395,.37803215,189.98169,68157.422,358.75784,298737.66,,,,,,,,,,,,,,,,,,,,4914668,100799,95912,102477,4686394,4180637,352,190,423,28054,14102,35381,1.2547231,1.3473266,1.1955569,319.81189,25288.08,79.071732,27833.25,,,29.799999,41.63887,208.92467,325.68936,145.77751,,216.34567,,166.52095,322.85559,354.13867,364.28714,168.41931,331.61313,,,79.69886,46.492466,,,,,,,,,,,,,,,,,,,,,,,,,,,,,,,,,,,,,,,,
09Sep2021,Iran,,,,,,,,,,,,,,,,,,,,,,,92739,91730,93748,24,15,33,3861229,3352907,4510022,681,0,6398,52650,3409,381,66657,3.524229,,.51578617,76.440857,5535.8604,230.66084,5535.8604,8345.0439,14822.149,3950.0278,3553.9817,6312.4473,1682.2352,626.74707,1131.8142,264.70697,227.92807,411.47345,97.892822,141.80965,69.303741,252.91739,219817.42,213559.19,227700.7,141.80965,69.303741,252.91739,219817.42,213559.19,227700.7,59.357811,29.008734,105.8646,92009.828,89390.289,95309.563,59.357811,29.008734,105.8646,92009.828,89390.289,95309.563,148.21133,29802.463,10811.611,54511.813,71575808,84333216,60653640,40.865108,18.190292,75.448776,215098.13,210625.23,220294.94,40.865108,18.190292,75.448776,215098.13,210625.23,220294.94,,6026.3379,1888.4172,12811.572,,,,122.66191,60.808315,212.35158,218030.45,212645.11,224774.36,122.66191,60.808315,212.35158,218030.45,212645.11,224774.36,,26670.414,9802.8379,48857.098,,,,.16822445,.082212903,.30002815,260.7627,253.33873,270.11438,.16822445,.082212903,.30002815,260.7627,253.33873,270.11438,.070414357,.034412172,.12558395,109.14845,106.04097,113.06282,.070414357,.034412172,.12558395,109.14845,106.04097,113.06282,,35.353748,12.825483,64.665695,.47583199,.64101213,.46396804,.67810851,.963256,.58891112,.45991755,.62031341,.43463814,366.98276,119074.13,324.4679,46012.676,76405.156,74340.883,81689.531,102108.86,81849.023,138233.78,206407.73,164110.02,240909.98,76161.063,73772.133,78687.859,94306.242,83719.18,107464.36,149646.27,129671.72,167265.53,11.87,4.4099998,27.51,832.79999,252.03999,1355.63,2215.5701,1185.35,2874.98,13.66,6.3800001,25.4,652.62,368.28,976.02002,1996.45,1666.54,2188.01,24665982,23691494,26985536,37186724,29133442,48686444,68079384,58500476,74816224,24812640,23576288,26436642,38996988,31568202,47313164,69733848,64196980,74152696,1981.46,559.27002,5310.9399,293157.69,139986.56,378394.47,366577.34,138572.7,671149.69,2349.3899,952.52002,4877.5,326252.22,225242.25,402273.41,311639.03,147127.42,553866.81,147.47,418.04999,997.78998,11182.47,25548.76,40839.43,46596.398,71094.211,81921.688,219.92,484.14999,920.84003,17586.949,29851.6,42499.66,53047.762,72319.102,87892.063,7.4299998,24.68,63.98,1257.08,2813.8401,3977.3701,2472.8701,5325.98,7922.5898,12.17,29.059999,58.84,2019.4,3175.02,4120.8999,2628.98,4764.5698,7334.1099,90.889999,235.52,536.03998,4563.1899,5515.0801,6081.2598,5685.73,6895.0601,7787.6401,128.36,270.14001,495.73999,7250.3501,12517.2,18207.789,26949.631,33515.43,37950.66,2.3099999,7.6700001,19.9,390.97,875.81,1238.35,760.20001,1650.41,2463.8601,3.78,9.04,18.299999,628.21002,988.35999,1283.1,808.41998,1474.63,2278.45,4006.51,13981.63,37230.461,958066.88,2000407.4,2580249.5,992836.56,2542502.3,4575522.5,6759.1299,16554.811,34203.461,1540639.5,2233081.8,2754413.3,1078640.3,2204812,3835239.8,.57999998,.63,.68000001,.81,.97000003,1.04,.44,.54000002,.69,.61000001,.63999999,.68000001,.82999998,.94999999,1.04,.44,.50999999,.58999997,.73000002,.81,.89999998,1.47,1.63,1.8,2.2,2.4400001,2.7,.77999997,.82999998,.88999999,1.55,1.66,1.78,2.3299999,2.49,2.6700001,.5990532,.78852785,.51798743,.28407919,.18004584,.3582584,.6043936,.85539931,.42836642,.58142751,.66980219,.52075857,.20003542,.16350396,.24262604,.64062899,1.1327188,.39504263,189.98169,68157.422,358.75784,298773.53,,,,,,,,,,,,,,,,,,,,4950294,101153,96102,102906,4714590,4194735,354,190,429,28196,14098,35626,1.2554972,1.3477089,1.2041768,319.81189,25288.08,79.071732,27991.393,,,28.375,41.635441,210.15822,325.61481,147.46902,,217.43028,,166.93007,322.83139,352.01453,364.18704,165.45509,329.82962,,,79.649719,46.608505,,,,,,,,,,,,,,,,,,,,,,,,,,,,,,,,,,,,,,,,
10Sep2021,Iran,,,,,,,,,,,,,,,,,,,,,,,92762,91744,93780,23,14,32,3861850,3352907,4516309,621,0,6287,49792,3273,360,66675,3.7037036,,.50898677,76.440857,5535.8604,240.68958,5535.8604,8199.7432,14595.486,3824.96,3492.1013,6215.916,1628.9713,616.9577,1115.5693,256.89627,224.26465,405.50739,94.947685,139.24539,67.521988,248.63191,219956.67,213672.78,227924.47,139.24539,67.521988,248.63191,219956.67,213672.78,227924.47,58.284481,28.262938,104.07082,92068.109,89437.836,95403.227,58.284481,28.262938,104.07082,92068.109,89437.836,95403.227,148.21133,29425.197,10533.594,53860.328,71605232,84387080,60664172,39.428593,17.282221,73.154305,215137.55,210649.59,220368.19,39.428593,17.282221,73.154305,215137.55,210649.59,220368.19,,5879.5835,1812.3539,12616.604,,,,120.67608,59.320393,208.5659,218151.13,212747.97,224966.45,120.67608,59.320393,208.5659,218151.13,212747.97,224966.45,,26359.563,9591.4912,48423.27,,,,.16518255,.08009927,.29494444,260.92786,253.47348,270.37985,.16518255,.08009927,.29494444,260.92786,253.47348,270.37985,.069141097,.03352746,.12345603,109.21758,106.09737,113.17393,.069141097,.03352746,.12345603,109.21758,106.09737,113.17393,,34.906212,12.495681,63.89286,.4732182,.64101571,.46162346,.67060179,.95357871,.57982564,.4578076,.61846894,.43071422,366.98276,119074.13,324.4679,45180.66,76416.297,74348.43,81714.359,102940.97,82082.938,139571.86,208488.16,166945.3,241991.03,76173.898,73778.383,78712.656,94962.156,84092.25,108394.96,151565.81,131830.36,168830.55,11.14,4.0900002,26.01,832.09998,254.64999,1315.51,2080.4199,1071.12,2806.01,12.84,5.96,24.01,655.92999,373.48001,970.96997,1919.5601,1565,2132.0901,24667846,23692928,26990384,37477940,29274294,49049648,68418016,59138328,74941784,24814852,23577254,26441974,39320152,31794916,47688436,70019632,64715828,74285104,1864.02,519.47998,5030.8101,291215.72,140853.2,372202.16,338635.16,124763.58,637849.38,2212.95,891.08002,4618.1602,323166.63,226594.89,395052.88,285785.25,132411.56,517307.78,136.86,392.70999,943.89001,11284.24,25607.789,40285.301,43050.859,67808.094,79168.188,205.52,455.42999,870.90997,17805.381,29894.949,42078.531,49162.391,68616.352,85358.469,6.8899999,23.190001,60.549999,1266.29,2805.3799,3916.1499,2233.98,4966.6499,7617.4399,11.38,27.34,55.669998,2037.58,3158.53,4078,2374.8501,4407.9902,6947.8398,84.480003,221.41,507.42999,4595.4302,5514.6401,6037.8901,5567.0801,6741.1401,7699.9399,120.09,254.3,469.14999,7346.6802,12560.88,18073.4,25311.59,32127.699,37145.141,2.1400001,7.21,18.83,393.78,873.07001,1219.23,686.45001,1538.51,2369.3601,3.54,8.5,17.309999,633.78998,983.10999,1269.66,729.91998,1363.72,2157.74,3721.3501,13152.12,35265.16,963992.31,1987307.4,2538481.3,895701.44,2352311.8,4353082.5,6322.8599,15592.46,32383.43,1550002.4,2212330.5,2705771.8,973525.06,2026585.5,3589148,.57999998,.63,.68000001,.81,.95999998,1.04,.44,.52999997,.68000001,.61000001,.63999999,.68000001,.81999999,.94,1.03,.44,.50999999,.58999997,.73000002,.81,.89999998,1.47,1.63,1.8,2.2,2.4400001,2.7,.77999997,.82999998,.88999999,1.55,1.66,1.78,2.3299999,2.49,2.6700001,.59763306,.78732586,.51701415,.28573319,.18079105,.35343966,.61435437,.85851979,.43991736,.580221,.66885126,.51990402,.2029696,.16482279,.24578229,.6716792,1.181921,.41215119,189.98169,68157.422,358.75784,298522.41,,,,,,,,,,,,,,,,,,,,4986158,101511,96292,103339,4742922,4208828,358,190,433,28332,14093,35864,1.2635889,1.3481871,1.2073388,319.81189,25288.08,79.071732,28307.68,,,27,41.631809,211.319,325.54245,149.1198,,218.43237,,167.32675,322.80872,349.97684,364.07214,162.77251,328.1626,,,79.139664,46.723232,,,,,,,,,,,,,,,,,,,,,,,,,,,,,,,,,,,,,,,,
11Sep2021,Iran,,,,,,,,,,,,,,,,,,,,,,,92782,91756,93808,20,12,28,3862413,3352907,4522490,563,0,6181,47068,3141,340,66692,3.552398,,.45300114,76.440857,5535.8604,276.79303,5535.8604,8058.4077,14318.599,3704.6396,3431.9094,6097.9951,1577.7294,607.42981,1099.5918,249.37846,220.67215,399.55835,92.101715,136.74037,65.723305,244.20306,220093.41,213785.33,228143.66,136.74037,65.723305,244.20306,220093.41,213785.33,228143.66,57.235943,27.510057,102.21702,92125.344,89484.945,95494.969,57.235943,27.510057,102.21702,92125.344,89484.945,95494.969,148.21133,29046.273,10269.702,53199.238,71634280,84440280,60674444,38.055733,16.426113,70.951668,215175.61,210673.2,220439.14,38.055733,16.426113,70.951668,215175.61,210673.2,220439.14,,5736.3398,1739.3033,12422.573,,,,118.73296,57.557076,204.84091,218269.86,212850.05,225155.13,118.73296,57.557076,204.84091,218269.86,212850.05,225155.13,,26045.391,9383.8281,48010.984,,,,.16221093,.077965543,.28969064,261.09009,253.60699,270.63986,.16221093,.077965543,.28969064,261.09009,253.60699,270.63986,.067897253,.03263434,.12125693,109.28548,106.15326,113.28277,.067897253,.03263434,.12125693,109.28548,106.15326,113.28277,,34.456707,12.182633,63.108631,.47076735,.63997287,.45903489,.6634149,.94440758,.57115114,.45586935,.61336458,.42665425,366.98276,119074.13,324.4679,44367.859,76426.758,74355.5,81737.828,103771.58,82318.953,140879.7,210436.91,169696.84,242965.09,76185.969,73784.219,78736.078,95620.82,84469.969,109320.19,153406.47,133951.45,170296.63,10.46,3.8,24.6,830.60999,257.20999,1274.8,1948.74,965.06,2731.1599,12.07,5.5599999,22.690001,658.65002,378.57999,964.65997,1840.65,1466.08,2085.4199,24669600,23694274,26994974,37767016,29415976,49402076,68730528,59743184,75054784,24816936,23578156,26447024,39639992,32022982,48053224,70281488,65187484,74404272,1753.72,482.54999,4765.8198,289072.97,141681.39,365728.34,312508.81,112326.68,604858.94,2084.6101,833.65997,4372.9399,319840.22,227769.56,387523.34,261859.05,119161.2,482310.56,127.02,368.92001,892.94,11383.79,25646.939,39688.43,39704.551,64520.73,77109.953,192.08,428.44,823.71002,18017.539,29910.93,41578.148,45475.031,64950.98,82653.047,6.4000001,21.799999,57.310001,1275.1899,2794.75,3819.8899,2016.64,4623.5098,7357.8398,10.63,25.73,52.66,2054.79,3139.28,3999.3999,2143.55,4071.49,6564.8901,78.519997,208.14,480.32999,4627.0698,5513.27,6012.8398,5457.9902,6592.29,7599.2002,112.35,239.38,443.97,7440.7402,12593.48,17917.211,23728.57,30728.211,36276.359,1.99,6.7800002,17.82,396.5,869.65997,1189.1,619.40002,1431.7,2288.1001,3.3099999,8,16.379999,639.07001,977.01001,1245,658.53003,1259.11,2038.12,3456.71,12372.95,33406.078,969655.56,1972846.1,2494804.5,808003.75,2174112.8,4132445.5,5915.1401,14687.26,30662.439,1558073.1,2189936.8,2655014.3,878512.5,1861143.1,3352982.3,.57999998,.63,.68000001,.80000001,.95999998,1.04,.44,.52999997,.67000002,.61000001,.63999999,.68000001,.81999999,.93000001,1.03,.44,.5,.57999998,.73000002,.81,.89999998,1.47,1.63,1.8,2.2,2.4400001,2.7,.77999997,.82999998,.88999999,1.55,1.66,1.78,2.3299999,2.49,2.6700001,.59644639,.78748316,.51617563,.28733575,.18154113,.34856474,.6235792,.85915476,.45153669,.57900512,.6669386,.51887292,.20593096,.16621184,.24892952,.70291632,1.2303333,.43238115,189.98169,68157.422,358.75784,297987.84,,,,,,,,,,,,,,,,,,,,5022252,101872,96482,103777,4771385,4222913,361,190,438,28463,14085,36094,1.2683133,1.3489528,1.2134981,319.81189,25288.08,79.071732,28544.895,,,28.15,41.628902,212.41914,325.47217,150.73523,,219.36108,,167.65965,322.78748,348.0249,363.94373,160.36455,326.6087,,,78.844879,46.837059,,,,,,,,,,,,,,,,,,,,,,,,,,,,,,,,,,,,,,,,
12Sep2021,Iran,,,,,,,,,,,,,,,,,,,,,,,92801,91766,93836,19,10,28,3862922,3352907,4528569,509,0,6079,44471,3014,321,66707,3.7328095,,.46060207,76.440857,5535.8604,291.36108,5535.8604,7921.0352,14048.181,3588.8037,3373.4053,5982.8296,1528.3973,598.17181,1083.9081,242.14882,217.23109,393.80692,89.386833,134.29477,63.594929,239.29684,220227.7,213896.86,228358.36,134.29477,63.594929,239.29684,220227.7,213896.86,228358.36,56.21228,26.619175,100.1634,92181.555,89531.633,95584.836,56.21228,26.619175,100.1634,92181.555,89531.633,95584.836,148.21133,28699.701,10046.106,52591.242,71662976,84492872,60684488,36.743641,15.618843,68.979721,215212.34,210696.09,220507.89,36.743641,15.618843,68.979721,215212.34,210696.09,220507.89,,5603.1416,1671.1112,12244.792,,,,116.83253,55.84726,201.17818,218386.69,212951.39,225340.42,116.83253,55.84726,201.17818,218386.69,212951.39,225340.42,,25758.584,9190.6211,47642.559,,,,.15930977,.07544072,.28387052,261.24939,253.7393,270.89453,.15930977,.07544072,.28387052,261.24939,253.7393,270.89453,.066682905,.031577513,.11882078,109.35217,106.20863,113.38937,.066682905,.031577513,.11882078,109.35217,106.20863,113.38937,,34.045578,11.917389,62.387383,.46793088,.63303059,.45501274,.65576857,.93463814,.56333929,.45356736,.60765493,.42226568,366.98276,119074.13,324.4679,43574.34,76436.578,74362.117,81760.008,104599.92,82557.008,142156.2,212257.95,172359.23,243840.06,76197.32,73789.68,78758.219,96281.609,84844.672,110238.91,155166.86,136029.19,171666.86,9.8199997,3.52,23.26,828.34003,259.73999,1249.35,1821.0601,866.81,2650.5,11.35,5.1900001,21.450001,660.78998,383.56,957.10999,1760.39,1370.24,2038.14,24671250,23695540,26999322,38053752,29558446,49743724,69018664,60315568,75156488,24818900,23579002,26451808,39956280,32252272,48407456,70521248,65625212,74511504,1650.09,448.29001,4515.1499,286737.44,142470.05,358999.91,288138.47,101132.68,572382.75,1963.88,779.98999,4141.0498,316286.38,228818.05,380344.19,239761.88,107238.21,448295.34,117.88,346.59,844.77002,11481.04,25666.24,38967.199,36558.059,61254,75487.789,179.52,403.06,779.09003,18223.051,29899.68,40917.891,41989.238,61344.391,79805.117,5.9400001,20.49,54.25,1283.78,2782.01,3721.8101,1819.29,4297.1299,7088.3501,9.9399996,24.219999,49.830002,2071,3117.3701,3930.8101,1933.4399,3755.0701,6187.9399,72.970001,195.66,454.66,4658.0898,5510.9902,5989.9302,5357.9399,6449,7478.8101,105.09,225.33,420.13,7532.3599,12614.96,17744.01,22205.02,29326.391,35332.52,1.85,6.3699999,16.870001,399.12,865.59998,1158.41,558.54999,1330.1801,2203.79,3.0899999,7.5300002,15.49,644.03003,970.07001,1223.5,593.72998,1160.8199,1920.45,3211.1101,11641.01,31647.4,975049.44,1957077.4,2449398.8,728885.13,2007552.3,3914965.5,5534.0601,13835.76,29035.01,1565285.5,2165989.5,2605476.3,792696.06,1707884.9,3126453.3,.57999998,.63,.68000001,.80000001,.94999999,1.03,.44,.51999998,.66000003,.61000001,.63999999,.68000001,.81,.93000001,1.03,.44,.5,.56999999,.73000002,.81,.89999998,1.47,1.63,1.8,2.2,2.4400001,2.7,.77999997,.82999998,.88999999,1.55,1.66,1.78,2.3299999,2.49,2.6700001,.59511906,.78520596,.51515454,.28888449,.182312,.34800845,.63200867,.8571018,.46306428,.57793754,.66539317,.51798463,.20892142,.16762663,.25164312,.73422432,1.2777535,.45464224,189.98169,68157.422,358.75784,297173.47,,,,,,,,,,,,,,,,,,,,5058567,102236,96673,104220,4799973,4236989,364,191,443,28588,14076,36315,1.2732615,1.3569195,1.2198815,319.81189,25288.08,79.071732,28782.109,,,26.789474,41.625866,213.70677,325.40399,152.49283,,220.47443,,168.0336,322.76758,346.15909,363.80289,158.22568,325.16409,,,78.53846,46.949928,,,,,,,,,,,,,,,,,,,,,,,,,,,,,,,,,,,,,,,,
13Sep2021,Iran,,,,,,,,,,,,,,,,,,,,,,,92819,91775,93863,18,9,27,3863384,3352907,4534555,462,0,5986,42000,2891,302,66721,3.8961039,,.45105246,76.440857,5535.8604,307.54779,5535.8604,7787.6357,13784.449,3477.4463,3316.5933,5870.5117,1480.9725,589.18445,1068.5306,235.19897,213.92892,388.2352,86.793671,131.87611,61.531178,234.4104,220359.58,214007.36,228568.58,131.87611,61.531178,234.4104,220359.58,214007.36,228568.58,55.199894,25.755342,98.118065,92236.758,89577.883,95672.836,55.199894,25.755342,98.118065,92236.758,89577.883,95672.836,148.21133,28382.283,9837.5684,52030.676,71691360,84544904,60694324,35.481113,14.85394,67.089066,215247.83,210718.28,220574.53,35.481113,14.85394,67.089066,215247.83,210718.28,220574.53,,5479.0288,1607.3239,12081.65,,,,114.94759,54.191044,197.5325,218501.64,213051.97,225522.38,114.94759,54.191044,197.5325,218501.64,213051.97,225522.38,,25496.287,9010.4922,47235.34,,,,.1564406,.072992556,.27807388,261.40582,253.87039,271.14392,.1564406,.072992556,.27807388,261.40582,253.87039,271.14392,.065481946,.030552775,.11639446,109.41765,106.2635,113.49375,.065481946,.030552775,.11639446,109.41765,106.2635,113.49375,,33.669033,11.670007,61.722397,.46464238,.62547141,.45052347,.64758033,.92414111,.5552972,.4508405,.60142159,.41818795,366.98276,119074.13,324.4679,42789.566,76445.797,74368.313,81780.969,105425.23,82797.094,143400.36,213956,174927.98,244623.44,76208,73794.781,78779.141,96943.93,85214.781,111150.02,156846.3,138058.2,172944.7,9.2200003,3.26,21.99,825.29999,262.22,1228.4301,1698.04,776.01001,2548.79,10.67,4.8499999,20.280001,662.33002,388.42001,948.38,1679.4301,1277.85,1989.1801,24672802,23696730,27003438,38337968,29701664,50074624,69284120,60856164,75248032,24820752,23579792,26456340,40268800,32482660,48751092,70740640,66031116,74608024,1552.74,416.48001,4277.9902,284217.44,143218.17,352089.53,265455.34,91062.469,540597.19,1850.3101,729.83002,3921.75,312518.81,229737.98,373124.47,219391.41,96515.391,415751.47,109.41,325.63,799.22998,11575.91,25665.82,38016.59,33609.68,58027.43,73769.094,167.78,379.20001,736.91998,18421.51,29861.461,40218.281,38705.922,57815.16,76865.859,5.5100002,19.26,51.360001,1292.04,2767.22,3642.45,1640.37,3987.8401,6792.3101,9.29,22.799999,47.150002,2086.1799,3092.8999,3862.9099,1742.92,3458.54,5819.3101,67.809998,183.92,430.35001,4688.46,5507.8101,5951.1899,5266.3901,6311.3701,7373.7002,98.300003,212.09,397.56,7621.3999,12625.35,17567.98,20744.26,27930.82,34323.691,1.71,5.9899998,15.97,401.64001,860.90002,1133.58,503.42999,1234.02,2110.78,2.8900001,7.0900002,14.66,648.67999,962.34998,1202.2,535,1068.75,1805.4301,2983.1599,10953.38,29983.561,980167,1940057.3,2402445,657551.5,1852212.4,3701813.5,5177.8799,13034.72,27495.949,1571623.4,2140581.3,2556775,715235,1566178.6,2905589.3,.57999998,.63,.68000001,.79000002,.94999999,1.03,.44,.51999998,.64999998,.61000001,.63999999,.68000001,.80000001,.92000002,1.02,.44999999,.5,.56999999,.73000002,.81,.89999998,1.47,1.63,1.8,2.2,2.4400001,2.7,.77999997,.82999998,.88999999,1.55,1.66,1.78,2.3299999,2.49,2.6700001,.59378904,.78275067,.5140264,.29037628,.1830913,.34889707,.63967067,.85217327,.47147673,.5766601,.66453826,.51711613,.21193285,.16907087,.25417256,.76549488,1.3239857,.47845411,189.98169,68157.422,358.75784,296082.84,,,,,,,,,,,,,,,,,,,,5095094,102602,96864,104668,4828681,4251054,366,191,448,28708,14065,36527,1.2749059,1.3579808,1.22649,319.81189,25288.08,79.071732,28940.254,,,25.666666,41.622772,215.21928,325.33807,154.42099,,221.80794,,168.40997,322.74896,344.38077,363.65079,156.33044,323.82416,,,78.437157,47.062252,,,,,,,,,,,,,,,,,,,,,,,,,,,,,,,,,,,,,,,,
14Sep2021,Iran,,,,,,,,,,,,,,,,,,,,,,,92836,91784,93888,17,9,25,3863804,3352907,4540455,420,0,5900,39652,2772,285,66734,4.0476189,,.42372882,76.440857,5535.8604,325.63885,5535.8604,7658.0571,13657.146,3370.3843,3261.4082,5816.2964,1435.3771,580.19543,1052.9761,228.41324,210.66699,382.66821,84.27903,129.49969,59.537041,229.57451,220489.08,214116.84,228774.41,129.49969,59.537041,229.57451,220489.08,214116.84,228774.41,54.205185,24.920649,96.093887,92290.961,89623.719,95758.984,54.205185,24.920649,96.093887,92290.961,89623.719,95758.984,148.21133,28075.893,9637.5371,51484.375,71719440,84596384,60703964,34.269997,14.130598,65.26062,215282.09,210739.81,220639.11,34.269997,14.130598,65.26062,215282.09,210739.81,220639.11,,5360.2002,1546.6898,11924.457,,,,113.09142,52.592548,193.92873,218614.73,213151.78,225701.02,113.09142,52.592548,193.92873,218614.73,213151.78,225701.02,,25242.152,8837.3984,46838.824,,,,.15362152,.070626974,.27233723,261.55945,254.00027,271.38809,.15362152,.070626974,.27233723,261.55945,254.00027,271.38809,.064301953,.029562604,.11399324,109.48195,106.31787,113.59595,.064301953,.029562604,.11399324,109.48195,106.31787,113.59595,,33.305573,11.432715,61.074341,.46124873,.61776197,.44591102,.63934171,.91360259,.54728377,.44802606,.59511346,.41403416,366.98276,119074.13,324.4679,42018.492,76454.461,74374.109,81800.781,106246.74,83047.68,144611.34,215536.05,177399.48,245322.3,76218.031,73799.539,78798.898,97607.203,85588.852,112052.47,158444.64,140033.81,174133.91,8.6599998,3.03,20.790001,821.52002,264.64999,1198.58,1580.05,692.26001,2452.5901,10.03,4.5300002,19.17,663.27002,393.16,938.78998,1598.35,1189.2,1935.76,24674264,23697848,27007336,38619492,29845588,50394840,69528504,61365816,75330448,24822494,23580532,26460634,40577348,32714016,49084136,70941288,66407020,74694896,1461.27,386.95999,4053.6101,281521.72,143924.73,347445.94,244383.94,82006.953,509650.69,1743.45,682.94,3714.3501,308551.59,230479.44,365656.94,200643.59,86876.109,385055.5,101.55,305.95999,756.16998,11668.3,25645.84,37047.75,30855.83,54858.199,72136.859,156.82001,356.78,697.06,18612.551,29796.609,39482.762,35623.641,54379.09,73930.703,5.1199999,18.110001,48.619999,1299.98,2750.45,3570.5801,1478.41,3695.74,6484.3999,8.6899996,21.459999,44.619999,2100.3,3065.98,3798.55,1570.42,3181.47,5460.9199,63.009998,172.89,407.32999,4718.1499,5503.7598,5911.7002,5182.7798,6179.3999,7267.8701,91.949997,199.63,376.19,7707.6802,12624.69,17335.359,19348.65,26549.199,33259.93,1.59,5.6300001,15.11,404.06,855.58002,1111.0699,453.56,1143.26,2014.58,2.7,6.6700001,13.87,653,953.85999,1182.04,481.87,982.78003,1693.67,2771.5701,10307.32,28409.35,985001.5,1921844.4,2369361,593270.44,1707627,3493984.3,4844.9399,12281.07,26040.369,1576946.6,2113806,2506370.3,645354.06,1435373.9,2696691.8,.57999998,.63,.68000001,.79000002,.94,1.03,.44,.51999998,.63999999,.61000001,.63999999,.68000001,.80000001,.92000002,1.02,.44999999,.5,.56,.73000002,.81,.89999998,1.47,1.63,1.8,2.2,2.4400001,2.7,.77999997,.82999998,.88999999,1.55,1.66,1.78,2.3299999,2.49,2.6700001,.59263515,.7830267,.51287621,.29181409,.18388084,.34496877,.64654416,.84414792,.48122963,.5752961,.66330868,.51610643,.21496244,.17058355,.25674063,.79661149,1.3688458,.50272232,189.98169,68157.422,358.75784,294726.75,,,,,,,,,,,,,,,,,,,,5131824,102972,97056,105121,4857502,4265107,370,192,453,28821,14053,36730,1.2837862,1.3662564,1.2333243,319.81189,25288.08,79.071732,29256.541,,,24.705883,41.619675,216.80276,325.27435,156.41087,,223.20129,,168.73788,322.73151,342.68393,363.48871,154.66847,322.58411,,,77.894592,47.173038,,,,,,,,,,,,,,,,,,,,,,,,,,,,,,,,,,,,,,,,
15Sep2021,Iran,,,,,,,,,,,,,,,,,,,,,,,92851,91790,93912,15,6,24,3864188,3352907,4546274,384,0,5819,37423,2658,269,66745,3.90625,,.412442,76.440857,5535.8604,369.05734,5535.8604,7532.0132,13527.5,3267.4404,3207.7288,5761.0825,1391.5353,571.2525,1037.3405,221.80446,207.45624,377.1297,81.844711,127.23521,57.641991,224.91638,220616.31,214225.39,228976,127.23521,57.641991,224.91638,220616.31,214225.39,228976,53.257336,24.12743,94.144119,92344.219,89669.148,95843.367,53.257336,24.12743,94.144119,92344.219,89669.148,95843.367,148.21133,27780.934,9445.9619,50953.219,71747216,84647336,60713408,33.126217,13.453763,63.464802,215315.22,210760.7,220701.73,33.126217,13.453763,63.464802,215315.22,210760.7,220701.73,,5246.5649,1489.0824,11773.3,,,,111.32429,51.077244,190.47185,218726.05,213250.91,225876.47,111.32429,51.077244,190.47185,218726.05,213250.91,225876.47,,24996.674,8671.3408,46454.789,,,,.15093525,.068378933,.26681143,261.71039,254.12903,271.62723,.15093525,.068378933,.26681143,261.71039,254.12903,271.62723,.063177548,.028621633,.11168029,109.54513,106.37177,113.69606,.063177548,.028621633,.11168029,109.54513,106.37177,113.69606,,32.955669,11.205456,60.444244,.45799473,.6102289,.44141743,.63138866,.90349352,.53905702,.4453564,.58903515,.41001552,366.98276,119074.13,324.4679,41283.742,76462.594,74379.539,81819.508,107063.74,83314.688,145788.47,217003.13,179771.02,245943.69,76227.461,73803.992,78817.578,98270.813,85966.758,112945.23,159962.31,141951.92,175238.41,8.1300001,2.8099999,19.66,817,267.01999,1164.54,1467.0601,615.44,2362.54,9.4300003,4.23,18.129999,663.60999,397.75,928.97998,1517.67,1104.5,1878.47,24675638,23698898,27011030,38898152,29990178,50704452,69753352,61845480,75404648,24824138,23581224,26464704,40881748,32946206,49406620,71124704,66754736,74773112,1375.3199,359.56,3841.3,278659.25,144588.84,343480.25,224844.52,73866.359,479664.97,1642.9,639.10999,3518.1799,304398.94,230835.59,357971.75,183414.59,78213.906,356196.63,94.25,287.48999,715.46997,11758.13,25606.539,36147.219,28291.35,51761.199,70357.063,146.58,335.70001,659.38,18795.811,29705.59,38714.789,32739.039,51049.309,70926.813,4.75,17.030001,46.040001,1307.5699,2731.78,3511.1499,1331.98,3420.73,6176.0698,8.1199999,20.209999,42.23,2112.4099,3036.72,3731.02,1414.46,2923.3101,5114.3701,58.540001,162.50999,385.53,4747.1201,5498.8599,5876.7598,5106.2798,6053.2202,7154.2402,86,187.89999,355.95999,7791.0498,12613.09,17060.391,18019.619,25188.359,32151.15,1.48,5.29,14.31,406.37,849.67999,1092.46,408.5,1057.85,1918.3,2.52,6.2800002,13.12,656.71997,944.65997,1160.89,433.87,902.71997,1585.67,2575.1599,9700.2598,26919.85,989546.63,1902499.1,2342592.3,535369.44,1573296.9,3292300,4533.7002,11571.96,24663.65,1579450.1,2085759.3,2454464.8,582338.81,1314815.6,2499752.5,.57999998,.63,.68000001,.77999997,.94,1.03,.44999999,.51999998,.63,.61000001,.63999999,.68000001,.79000002,.91000003,1.02,.44999999,.5,.56,.73000002,.81,.89999998,1.47,1.63,1.8,2.2,2.4400001,2.7,.77999997,.82999998,.88999999,1.55,1.66,1.78,2.3299999,2.49,2.6700001,.5911352,.78151071,.51180589,.29318962,.18467538,.33904135,.65247756,.83318037,.49253961,.57398504,.6618579,.51532322,.21800667,.17230879,.2595121,.82745326,1.412153,.52736884,189.98169,68157.422,358.75784,293105.16,,,,,,,,,,,,,,,,,,,,5168748,103344,97247,105578,4886432,4279146,372,191,457,28930,14039,36924,1.2858624,1.3604958,1.2376773,319.81189,25288.08,79.071732,29414.684,,,25.6,41.617085,218.34312,325.21265,158.38104,,224.53926,,169.16605,322.71515,341.0762,363.31769,153.26198,321.43939,,,77.768814,47.283173,,,,,,,,,,,,,,,,,,,,,,,,,,,,,,,,,,,,,,,,
16Sep2021,Iran,,,,,,,,,,,,,,,,,,,,,,,92865,91796,93934,14,6,22,3864537,3352907,4552015,349,0,5741,35308,2548,253,66756,4.0114613,,.38320851,76.440857,5535.8604,395.41861,5535.8604,7409.5112,13324.813,3168.4705,3155.5576,5674.7627,1349.3861,562.91852,1024.517,215.58258,204.40828,371.89505,79.529778,125.06384,55.834545,220.40361,220741.38,214333.03,229173.52,125.06384,55.834545,220.40361,220741.38,214333.03,229173.52,52.348454,23.37088,92.255188,92396.57,89714.203,95926.039,52.348454,23.37088,92.255188,92396.57,89714.203,95926.039,148.21133,27497.547,9269.1885,50437.664,71774720,84697776,60722680,32.042992,12.819039,61.743504,215347.27,210781,220762.53,32.042992,12.819039,61.743504,215347.27,210781,220762.53,,5137.979,1434.3586,11628.167,,,,109.50837,49.582104,186.92357,218835.56,213349.25,226048.66,109.50837,49.582104,186.92357,218835.56,213349.25,226048.66,,24760.029,8512.1777,46083.664,,,,.1483594,.066234812,.26145807,261.85873,254.25673,271.86154,.1483594,.066234812,.26145807,261.85873,254.25673,271.86154,.062099367,.027724162,.10943951,109.60722,106.42522,113.79413,.062099367,.027724162,.10943951,109.60722,106.42522,113.79413,,32.619499,10.995755,59.832661,.45481816,.60236716,.43698218,.62364972,.89371228,.53098226,.44227883,.58248436,.40561786,366.98276,119074.13,324.4679,40579.199,76470.219,74384.617,81837.211,107875.51,83584.023,146931.16,218362.48,182040.67,246502.27,76236.344,73808.148,78835.227,98934.172,86348.367,113827.36,161400.19,143808.98,176262.31,7.6300001,2.5999999,18.6,811.77002,269.32999,1130.1899,1359.36,553.28003,2269.6699,8.8699999,3.95,17.139999,663.35999,402.20001,915.87,1437.87,1023.9,1817.91,24676934,23699886,27014528,39173788,30135388,51003580,69960104,62296220,75471480,24825686,23581872,26468560,41181824,33179096,49718604,71292304,67076040,74843544,1294.55,334.12,3640.3999,275639.22,145209.56,339240.13,206754.77,66549.93,450736.94,1548.29,598.13,3332.6201,300075.22,230655.56,350098.84,167602.23,70431.609,329144.66,87.489998,270.16,676.98999,11845.31,25548.221,35617.172,25909.789,48749.012,68375.063,137.00999,315.88,623.77002,18970.939,29588.92,38189.789,30047.18,47836.449,67878.883,4.4099998,16.01,43.59,1314.8101,2711.26,3450.51,1199.75,3162.54,5869.4199,7.5999999,19.030001,39.959999,2122.7,3005.25,3660.6299,1273.62,2683.3999,4780.9199,54.389999,152.75,364.89001,4775.3599,5493.1299,5847.7798,5027.98,5932.77,7033.2002,80.440002,176.86,336.82001,7871.3701,12590.67,16770.539,16757.82,23854.221,31022.449,1.37,4.9699998,13.55,408.57001,843.21002,1073.47,367.84,977.71002,1822.59,2.3599999,5.9099998,12.42,659.84998,934.77002,1138.86,390.54001,828.35999,1481.8101,2392.8401,9129.8096,25510.4,993796.25,1882083.8,2313966.8,483225.06,1448701.3,3097427.8,4242.7402,10904.71,23361.439,1578709.9,2056537.4,2401258,525534.88,1203853,2314631,.57999998,.63,.68000001,.77999997,.93000001,1.03,.44999999,.50999999,.63,.61000001,.64999998,.68000001,.79000002,.91000003,1.01,.44999999,.5,.55000001,.73000002,.81,.89999998,1.47,1.63,1.8,2.2,2.4400001,2.7,.77999997,.82999998,.88999999,1.55,1.66,1.78,2.3299999,2.49,2.6700001,.58939397,.77816349,.51093286,.29450455,.18547675,.33315337,.65747458,.83137584,.50354648,.57289004,.66039157,.51431,.22106457,.17437257,.26160327,.85790622,1.4537507,.55231339,189.98169,68157.422,358.75784,291228.88,,,,,,,,,,,,,,,,,,,,5205858,103720,97439,106039,4915464,4293170,376,192,461,29032,14024,37110,1.2951226,1.3690816,1.2422527,319.81189,25288.08,79.071732,29730.971,,,24.928572,41.614571,219.86809,325.15298,160.34642,,226.1017,,169.6658,322.69992,339.55334,363.13885,152.09714,320.38519,,,77.212769,47.39167,,,,,,,,,,,,,,,,,,,,,,,,,,,,,,,,,,,,,,,,
17Sep2021,Iran,,,,,,,,,,,,,,,,,,,,,,,92878,91801,93955,13,5,21,3864856,3352907,4557684,319,0,5669,33303,2442,239,66765,4.0752349,,.37043571,76.440857,5535.8604,425.83542,5535.8604,7290.6372,13126.008,3073.3748,3104.9316,5590.0957,1308.8867,555.1239,1012.5253,209.70941,201.46657,367.46332,77.308258,122.94244,54.093014,215.96136,220864.31,214439.8,229367.02,122.94244,54.093014,215.96136,220864.31,214439.8,229367.02,51.460491,22.641922,90.395782,92448.031,89758.898,96007.039,51.460491,22.641922,90.395782,92448.031,89758.898,96007.039,148.21133,27207.998,9095.1074,49908.352,71801928,84747688,60731772,31.006721,12.219544,60.085621,215378.28,210800.72,220821.55,31.006721,12.219544,60.085621,215378.28,210800.72,220821.55,,5030.979,1381.4689,11481.486,,,,107.72253,48.139278,183.97623,218943.28,213446.84,226217.66,107.72253,48.139278,183.97623,218943.28,213446.84,226217.66,,24516.535,8312.3242,45696.453,,,,.14584285,.064168885,.25618836,262.00458,254.38338,272.09106,.14584285,.064168885,.25618836,262.00458,254.38338,272.09106,.061046008,.026859419,.10723376,109.66827,106.47823,113.89021,.061046008,.026859419,.10723376,109.66827,106.47823,113.89021,,32.276016,10.789248,59.204754,.45186138,.5947485,.43271589,.61631584,.88453275,.52332616,.43938723,.57913136,.40260506,366.98276,119074.13,324.4679,39890.875,76477.391,74389.383,81853.938,108681.37,83855.578,148038.98,219619.59,184207.36,247015.97,76244.68,73812.039,78851.898,99596.703,86733.523,114725.75,162759.56,145602.13,177209.8,7.1700001,2.4200001,17.59,805.84998,271.57001,1105.1899,1257.12,508.98001,2166.6899,8.3400002,3.6900001,16.200001,662.53003,406.48999,900.65997,1359.39,947.48999,1754.67,24678152,23700816,27017842,39446260,30281174,51292356,70150136,62719160,75531688,24827144,23582478,26472216,41477420,33412552,50020180,71445408,67372664,74906984,1218.64,310.51001,3450.28,272471.13,145786.08,334742.06,190031.41,59975.211,422940.97,1459.25,559.81,3157.0901,295594.72,230190.48,342067.47,153106.95,63440.988,303853.94,81.209999,253.88,640.70001,11929.75,25471.221,35091.859,23703.58,45832.09,65979.383,128.08,297.25,590.10999,19137.59,29447.25,37823.051,27541.869,44748.801,64809.98,4.0900002,15.06,41.279999,1321.6899,2688.98,3387.52,1080.46,2920.78,5566.3799,7.0999999,17.92,37.830002,2131.8501,2971.7,3588.6599,1146.5699,2460.9399,4461.52,50.529999,143.59,345.35999,4802.8301,5486.6099,5822.2202,4935.5098,5817.8301,6911.79,75.230003,166.47,318.70999,7948.4902,12557.61,16467.119,15563.24,22551.91,29890.82,1.27,4.6799998,12.83,410.67001,836.20001,1053.77,331.17001,902.71997,1728.0601,2.21,5.5700002,11.75,662.63,924.23999,1116.35,351.48001,759.45001,1382.37,2223.5701,8593.6904,24176.6,997744.94,1860661.6,2283593.8,436263.88,1333308.4,2909883,3970.7,10276.79,22129.6,1575624.3,2026237,2346947.8,474344.53,1101846.9,2141081.8,.57999998,.63,.68000001,.76999998,.93000001,1.02,.44999999,.50999999,.62,.61000001,.64999998,.68000001,.77999997,.89999998,1.01,.44999999,.49000001,.55000001,.73000002,.81,.89999998,1.47,1.63,1.8,2.2,2.4400001,2.7,.77999997,.82999998,.88999999,1.55,1.66,1.78,2.3299999,2.49,2.6700001,.58836079,.77936298,.50981373,.2957561,.18627979,.33016166,.66153276,.84865063,.51229131,.57152647,.65915221,.51313078,.22413459,.17658854,.26329893,.88786954,1.4934982,.57747155,189.98169,68157.422,358.75784,289105,,,,,,,,,,,,,,,,,,,,5243143,104098,97631,106506,4944592,4307177,378,192,467,29128,14007,37285,1.2977204,1.3707432,1.2525144,319.81189,25288.08,79.071732,29889.115,,,24.538462,41.612179,221.30681,325.09521,162.25447,,227.58968,,169.96375,322.68558,338.11646,362.95328,151.16409,319.41656,,,77.058205,47.499393,,,,,,,,,,,,,,,,,,,,,,,,,,,,,,,,,,,,,,,,
18Sep2021,Iran,,,,,,,,,,,,,,,,,,,,,,,92891,91806,93976,13,5,21,3865144,3352907,4563281,288,0,5597,31402,2340,225,66774,4.5138888,,.37520099,76.440857,5535.8604,425.83542,5535.8604,7175.397,12931.247,2982.0378,3055.8533,5507.1509,1269.9883,547.62073,999.88947,204.08203,198.57825,362.6333,75.158325,120.87533,52.417351,212.96152,220985.2,214545.72,229556.59,120.87533,52.417351,212.96152,220985.2,214545.72,229556.59,50.595253,21.940533,89.140121,92498.625,89803.227,96086.391,50.595253,21.940533,89.140121,92498.625,89803.227,96086.391,148.21133,26913.785,8923.3594,49367.617,71828840,84797056,60740696,30.015633,11.653342,58.48933,215408.3,210819.91,220878.88,30.015633,11.653342,58.48933,215408.3,210819.91,220878.88,,4925.7798,1330.4052,11333.97,,,,106.08587,46.797806,182.37869,219049.38,213539.89,226392.77,106.08587,46.797806,182.37869,219049.38,213539.89,226392.77,,24274.898,8117.3921,45311.598,,,,.14339072,.0621811,.25262973,262.14798,254.50902,272.31598,.14339072,.0621811,.25262973,262.14798,254.50902,272.31598,.060019601,.026027381,.10574421,109.72829,106.53082,113.98434,.060019601,.026027381,.10574421,109.72829,106.53082,113.98434,,31.927002,10.585508,58.563293,.44912049,.58741724,.43137896,.60935801,.87592429,.51605332,.43701878,.57651281,.40249893,366.98276,119074.13,324.4679,39220.164,76484.133,74393.828,81869.75,109480.64,84129.32,149111.63,220779.7,186270.69,247492.33,76252.523,73815.672,78867.672,100257.81,87122.078,115614.54,164042.16,147329.02,178085.09,6.73,2.24,16.629999,799.28003,273.73999,1080.88,1160.1,472.16,2063.3201,7.8499999,3.45,15.32,661.10999,410.62,884.65997,1282.58,875.28998,1689.83,24679300,23701690,27020982,39715424,30427490,51570944,70324728,63115488,75585944,24828520,23583046,26475680,41768392,33646432,50311464,71585240,67646280,74964144,1147.29,288.57999,3270.3401,269164.41,146317.63,327309.69,174591.38,54067.488,396330.28,1375.45,523.98999,2991.03,290971.88,229595.34,333906.28,139832.78,57162.148,280266.44,75.379997,238.61,606.41998,12011.38,25375.949,34281.922,21664.359,43018.84,63799.91,119.73,279.73001,558.28998,19295.439,29281.26,37262.328,25215.92,41792.48,61741.371,3.8,14.16,39.09,1328.21,2665.02,3322.4299,972.92999,2694.9399,5268.6099,6.6399999,16.870001,35.810001,2139.8301,2936.1899,3521.22,1032.0601,2255.1201,4154.4399,46.939999,134.97,326.88,4829.52,5479.3198,5797.77,4826.6299,5708.4199,6790.8198,70.360001,156.67999,301.57001,8022.2598,12514.12,16152.24,14435.24,21285.73,28738.289,1.1799999,4.4000001,12.14,412.64999,828.66998,1033.41,298.14001,832.69,1635.22,2.0599999,5.2399998,11.12,665.04999,913.10999,1095.26,316.29999,695.72998,1286.46,2066.4099,8089.8101,22914.311,1001387.7,1838296.8,2235680.8,393972.94,1226583.9,2730046.8,3716.3501,9685.8398,20964.27,1571652.8,1994954.9,2291725,428222.69,1008176.5,1978774,.57999998,.63,.68000001,.76999998,.92000002,1.02,.44999999,.50999999,.62,.61000001,.64999998,.68000001,.77999997,.89999998,1.01,.44999999,.49000001,.54000002,.73000002,.81,.89999998,1.47,1.63,1.8,2.2,2.4400001,2.7,.77999997,.82999998,.88999999,1.55,1.66,1.78,2.3299999,2.49,2.6700001,.58659971,.7762146,.50850976,.29694864,.18708614,.33023161,.66446579,.87327898,.52060622,.57072234,.65840954,.51219815,.22720753,.17884509,.26494259,.91722411,1.5312405,.60293698,189.98169,68157.422,358.75784,286747.97,,,,,,,,,,,,,,,,,,,,5280593,104478,97823,106976,4973809,4321165,380,192,470,29217,13988,37450,1.3006127,1.3726051,1.2550067,319.81189,25288.08,79.071732,30047.258,,,22.153847,41.609455,222.65739,325.03912,164.10715,,228.8231,,170.474,322.67215,336.75858,362.76208,150.49684,318.52896,,,76.886841,47.606281,,,,,,,,,,,,,,,,,,,,,,,,,,,,,,,,,,,,,,,,
19Sep2021,Iran,,,,,,,,,,,,,,,,,,,,,,,92902,91808,93996,11,2,20,3865405,3352907,4568811,261,0,5530,29599,2242,212,66782,4.2145596,,.36166364,76.440857,5535.8604,503.26004,5535.8604,7063.7456,12741.852,2894.3286,3008.3032,5426.4912,1232.6348,540.36719,987.57141,198.67818,195.83527,358.01599,73.113922,118.86219,50.805401,210.88313,221104.06,214650.8,229742.33,118.86219,50.805401,210.88313,221104.06,214650.8,229742.33,49.752605,21.265812,88.270172,92548.375,89847.211,96164.133,49.752605,21.265812,88.270172,92548.375,89847.211,96164.133,148.21133,26650.834,8748.3262,48879.16,71855488,84845928,60749444,29.067806,11.118507,56.991909,215437.36,210838.56,220934.56,29.067806,11.118507,56.991909,215437.36,210838.56,220934.56,,4828.8477,1280.4094,11200.806,,,,104.48224,45.505512,180.94038,219153.86,213629.41,226573.17,104.48224,45.505512,180.94038,219153.86,213629.41,226573.17,,24067.559,7938.4502,44989.844,,,,.14100258,.060268894,.25016421,262.28897,254.63367,272.53629,.14100258,.060268894,.25016421,262.28897,254.63367,272.53629,.059019994,.025226984,.1047122,109.78731,106.583,114.07657,.059019994,.025226984,.1047122,109.78731,106.583,114.07657,,31.615068,10.377872,57.983852,.44599801,.58074427,.43143773,.60196155,.86835563,.5088197,.43412063,.57322919,.40218052,366.98276,119074.13,324.4679,38566.965,76490.453,74398,81884.711,110272.7,84405.148,150148.91,221847.91,188230.91,247934.41,76259.898,73819.07,78882.563,100916.94,87513.883,116488.66,165249.92,148987.95,178892.41,6.3200002,2.0799999,15.73,792.06,275.82999,1059.79,1068.21,438.32999,1960.22,7.3800001,3.22,14.49,659.12,414.57999,867.91998,1207.77,807.31,1625.21,24680380,23702512,27023956,39981152,30574294,51839512,70485080,63486428,75634856,24829816,23583578,26478962,42054612,33880608,50592588,71712928,67898488,75015672,1080.22,268.22,3100.04,265728.75,146803.53,319300.13,160352.84,48759.211,370939.63,1296.5699,490.48999,2833.9099,286220.84,228871.73,325642.97,127687.82,51522.781,258315.16,69.980003,224.27,574.01001,12090.11,25262.859,33456.238,19783.279,40315.762,61677.301,111.93,263.26999,528.21997,19444.189,29091.73,36615.801,23061.43,38971.672,58692.328,3.53,13.32,37.029999,1334.36,2639.47,3261.53,876.07001,2484.45,4977.5498,6.21,15.89,33.900002,2146.6201,2898.8601,3451.48,928.94,2065.04,3856.8799,43.610001,126.87,309.38,4855.3999,5471.2998,5772.3599,4703.2998,5604.54,6671.02,65.800003,147.48,285.35001,8092.5601,12460.43,15977.48,13372.74,20059.211,27572.91,1.1,4.1399999,11.5,414.51999,820.65002,1014.31,268.39999,767.46002,1544.52,1.9299999,4.9299998,10.53,667.10999,901.40997,1073.47,284.63,636.91998,1193.95,1920.48,7616.1802,21719.6,1004719.3,1815054.1,2181546,355890.22,1127998.1,2558177.3,3478.52,9129.6299,19861.779,1566806.5,1962786.9,2235777.5,386673.72,922244.31,1827311.6,.57999998,.63999999,.68000001,.76999998,.92000002,1.02,.44999999,.50999999,.61000001,.61000001,.64999998,.68000001,.77999997,.88999999,1,.44999999,.49000001,.54000002,.73000002,.81,.89999998,1.47,1.63,1.8,2.2,2.4400001,2.7,.77999997,.82999998,.88999999,1.55,1.66,1.78,2.3299999,2.49,2.6700001,.58506602,.77548277,.50741279,.29807088,.18789056,.33191031,.66616213,.89896858,.52844715,.56919414,.65648639,.51130772,.23028372,.18114075,.26652503,.94587725,1.5668991,.62915778,189.98169,68157.422,358.75784,284157.75,,,,,,,,,,,,,,,,,,,,5318199,104862,98015,107451,5003111,4335133,384,192,475,29302,13968,37606,1.3104907,1.3745705,1.2630963,319.81189,25288.08,79.071732,30363.545,,,23.727272,41.607338,224.21625,324.98492,166.12357,,230.35072,,170.92088,322.65961,335.49069,362.56616,150.1136,317.71802,,,76.307289,47.711384,,,,,,,,,,,,,,,,,,,,,,,,,,,,,,,,,,,,,,,,
20Sep2021,Iran,,,,,,,,,,,,,,,,,,,,,,,92912,91810,94014,10,2,18,3865640,3352907,4574276,235,0,5465,27890,2148,199,66789,4.2553191,,.32936871,76.440857,5535.8604,553.58606,5535.8604,6955.7056,12558.262,2810.1484,2962.2913,5348.3042,1196.7841,533.35663,975.56488,193.48885,193.22523,353.59119,71.167091,116.86093,49.237465,208.75119,221220.92,214755.02,229924.23,116.86093,49.237465,208.75119,221220.92,214755.02,229924.23,48.914928,20.609514,87.377792,92597.289,89890.836,96240.273,48.914928,20.609514,87.377792,92597.289,89890.836,96240.273,148.21133,26416.355,8540.4814,48437.945,71881904,84894368,60757984,28.151379,10.609449,55.640045,215465.52,210856.72,220988.67,28.151379,10.609449,55.640045,215465.52,210856.72,220988.67,,4739.4556,1231.458,11080.73,,,,102.87782,44.246326,179.45244,219256.73,213718.06,226751.03,102.87782,44.246326,179.45244,219256.73,213718.06,226751.03,,23885.408,7772.1553,44712.375,,,,.13862854,.058408897,.24763516,262.42761,254.75732,272.75211,.13862854,.058408897,.24763516,262.42761,254.75732,272.75211,.058026284,.024448438,.1036536,109.84534,106.63475,114.16689,.058026284,.024448438,.1036536,109.84534,106.63475,114.16689,,31.336916,10.131311,57.460453,.44238096,.5765186,.43096623,.59397918,.86153561,.50213337,.4307141,.5692929,.40134847,366.98276,119074.13,324.4679,37917.621,76496.391,74401.906,81898.844,111056.93,84683,151150.73,222829.27,190088.91,248344.09,76266.844,73822.242,78896.641,101573.52,87908.773,117347.32,166385.14,150577.77,179635.88,5.9400001,1.9299999,14.88,784.22998,277.85001,1037.87,981.35999,406.39999,1857.99,6.9400001,3.01,13.7,656.58002,418.35999,850.63,1135.21,743.47998,1559.35,24681396,23703284,27026774,40243328,30721538,52098260,70632320,63833216,75678960,24831040,23584074,26482074,42335968,34114928,50863716,71829520,68130808,75062128,1017.16,249.32001,2938.8301,262173.81,147243.13,311219.69,147236.11,43989.352,346787.31,1222.3199,459.17001,2685.26,281355.72,228021.59,318063.59,116584.84,46457.641,237926.38,64.959999,210.8,543.37,12165.86,25132.439,32715.93,18051.279,37727.621,59455.73,104.64,247.78999,499.79001,19583.561,28879.5,35993.031,21069.98,36288.809,55680.121,3.28,12.53,35.07,1340.13,2612.3999,3224.1101,788.89001,2288.6399,4694.4302,5.8099999,14.97,32.099998,2149.6299,2859.8301,3379.73,836.14001,1889.8101,3575.8101,40.509998,119.26,292.82001,4880.4399,5462.5601,5746.1201,4568.2998,5506.21,6553.04,61.529999,138.81,270.01001,8159.2598,12396.81,15819.03,12374.21,18875.189,26402.18,1.02,3.8900001,10.89,416.28,812.15997,1002.52,241.64999,706.79999,1456.33,1.8,4.6500001,9.9700003,668.02002,889.20001,1051.0601,256.14001,582.71997,1106.61,1784.98,7170.9502,20588.789,1007736.2,1790999.1,2126914.3,321597.88,1037031.6,2394421.3,3256.1201,8606.0898,18818.67,1561098.5,1929827.5,2183086.3,349247.53,843479,1686249.1,.57999998,.63999999,.68000001,.75999999,.91000003,1.02,.44999999,.50999999,.60000002,.61000001,.64999998,.68000001,.76999998,.88999999,1,.44999999,.49000001,.54000002,.73000002,.81,.89999998,1.47,1.63,1.8,2.2,2.4400001,2.7,.77999997,.82999998,.88999999,1.55,1.66,1.78,2.3299999,2.49,2.6700001,.58397895,.77410555,.50632393,.29912597,.18870151,.33348468,.66652125,.92385995,.5357722,.56777281,.65553063,.51019269,.23336296,.18347384,.26744023,.97372001,1.6003395,.65539181,189.98169,68157.422,358.75784,281348.66,,,,,,,,,,,,,,,,,,,,5355950,105248,98208,107931,5032489,4349080,386,193,480,29378,13947,37751,1.3139083,1.3838102,1.2714895,319.81189,25288.08,79.071732,30521.688,,,23.5,41.605389,226.0495,324.93268,168.35608,,232.17256,,171.23904,322.64786,334.30731,362.36667,150.03271,316.97955,,,76.10881,47.815533,,,,,,,,,,,,,,,,,,,,,,,,,,,,,,,,,,,,,,,,
21Sep2021,Iran,,,,,,,,,,,,,,,,,,,,,,,92922,91812,94032,10,2,18,3865854,3352907,4579681,214,0,5405,26273,2057,187,66795,4.6728973,,.33302498,76.440857,5535.8604,553.58606,5535.8604,6851.1499,12378.865,2729.3572,2917.7632,5271.9028,1162.3768,526.28772,963.32507,188.3998,190.65746,349.19479,69.282143,114.8822,47.746029,206.58694,221335.8,214858.41,230102.38,114.8822,47.746029,206.58694,221335.8,214858.41,230102.38,48.086689,19.985239,86.471893,92645.383,89934.109,96314.836,48.086689,19.985239,86.471893,92645.383,89934.109,96314.836,148.21133,26191.656,8364.6563,48009.668,71908096,84942376,60766352,27.267733,10.124802,54.32402,215492.78,210874.38,221041.25,27.267733,10.124802,54.32402,215492.78,210874.38,221041.25,,4654,1185.0001,10977.316,,,,101.28439,43.023949,177.93625,219358.02,213803.19,226926.36,101.28439,43.023949,177.93625,219358.02,213803.19,226926.36,,23711.752,7612.7095,44448.035,,,,.13628125,.056639653,.24506778,262.5639,254.87996,272.96341,.13628125,.056639653,.24506778,262.5639,254.87996,272.96341,.057043768,.023707878,.10257896,109.90238,106.68608,114.25534,.057043768,.023707878,.10257896,109.90238,106.68608,114.25534,,31.07036,9.9227362,56.952404,.43862137,.5708068,.4303028,.58589888,.85441357,.49487522,.42714846,.5651595,.40032423,366.98276,119074.13,324.4679,37275.586,76501.961,74405.563,81912.203,111832.75,84963.023,152117.16,223728.97,191846.03,248724.16,76273.367,73825.211,78909.953,102227,88306.57,118189.85,167450.27,152097.77,180319.59,5.5799999,1.79,14.07,775.82001,280.01999,1015.22,899.71002,377.63,1757.14,6.5300002,2.8099999,12.95,653.48999,421.95999,841.82001,1065.13,683.71997,1492.75,24682354,23704010,27029446,40501836,30869174,52347388,70767480,64157092,75718760,24832192,23584540,26485026,42612356,34349264,51125020,71935960,68344704,75104032,957.88,231.75999,2786.23,258509.3,147635.88,303092.78,135164.03,39702.879,323876.75,1152.42,429.87,2544.5901,276390.22,227047.19,310473.25,106441.45,41907.84,219021.81,60.310001,198.16,514.39001,12238.55,24985.211,32105.131,16459.221,35257.609,57034.27,97.830002,233.23,472.92999,19713.25,28645.471,35407.422,19232.85,33744.781,52719.961,3.05,11.79,33.220001,1345.51,2583.8999,3184.48,710.45001,2106.8401,4420.2202,5.4400001,14.1,30.389999,2148.8601,2819.24,3306.24,752.65997,1728.53,3311.1201,37.630001,112.11,277.16,4904.3999,5453.1499,5719.9302,4422.8501,5413.1499,6437.4302,57.549999,130.66,255.5,8222.2305,12323.56,15554.2,11437.82,17735.85,25232.961,.94999999,3.6600001,10.32,417.92001,803.23999,990.12,217.58,650.51001,1370.95,1.6900001,4.3800001,9.4399996,667.79999,876.51001,1028.12,230.52,532.87,1024.41,1659.16,6752.3701,19518.381,1010434,1766196.8,2071948.4,290716.47,953178.88,2238833.3,3048.1399,8113.25,17831.67,1554543.9,1896170,2131664.3,315536.13,771337.75,1555106.9,.57999998,.63999999,.68000001,.75999999,.91000003,1.02,.46000001,.50999999,.60000002,.61000001,.64999998,.68000001,.76999998,.88,.99000001,.46000001,.49000001,.54000002,.73000002,.81,.89999998,1.47,1.63,1.8,2.2,2.4400001,2.7,.77999997,.82999998,.88999999,1.55,1.66,1.78,2.3299999,2.49,2.6700001,.5825364,.77235073,.50498343,.30011299,.18966934,.33495352,.6656431,.95114011,.54253352,.5666337,.65368599,.50892282,.23643745,.18584682,.2711409,1.0006722,1.6314846,.68155313,189.98169,68157.422,358.75784,278331.5,,,,,,,,,,,,,,,,,,,,5393837,105636,98400,108414,5061939,4363003,388,192,483,29450,13923,37887,1.3174872,1.3790132,1.2748436,319.81189,25288.08,79.071732,30679.832,,,21.4,41.603214,227.98706,324.88235,170.67792,,234.11064,,171.66309,322.63687,333.20782,362.16437,150.23067,316.30896,,,75.902061,47.918694,,,,,,,,,,,,,,,,,,,,,,,,,,,,,,,,,,,,,,,,
22Sep2021,Iran,,,,,,,,,,,,,,,,,,,,,,,92931,91813,94049,9,1,17,3866049,3352907,4585030,195,0,5349,24744,1969,176,66801,4.6153846,,.31781641,76.440857,5535.8604,615.09558,5535.8604,6749.7939,12203.268,2651.7517,2874.5977,5197.1196,1129.3262,519.1972,950.92737,183.56917,188.12419,344.81531,67.454109,113.01629,46.373898,204.5562,221448.81,214961,230276.89,113.01629,46.373898,204.5562,221448.81,214961,230276.89,47.305664,19.410902,85.621872,92692.688,89977.055,96387.891,47.305664,19.410902,85.621872,92692.688,89977.055,96387.891,148.21133,25977.471,8196.5771,47595.73,71934072,84989976,60774548,26.436659,9.658186,53.085327,215519.22,210891.59,221092.36,26.436659,9.658186,53.085327,215519.22,210891.59,221092.36,,4572.4561,1140.9296,10885.054,,,,99.782242,41.87067,176.53491,219457.8,213882.78,227099.31,99.782242,41.87067,176.53491,219457.8,213882.78,227099.31,,23547.398,7455.5742,44198.434,,,,.13406776,.055011939,.24265876,262.69797,255.00166,273.17044,.13406776,.055011939,.24265876,262.69797,255.00166,273.17044,.056117263,.02302656,.10157061,109.9585,106.73703,114.342,.056117263,.02302656,.10157061,109.9585,106.73703,114.342,,30.81628,9.7233486,56.461361,.43505502,.56577152,.42977846,.57817197,.84651905,.48769009,.42375061,.56160223,.39941442,366.98276,119074.13,324.4679,36670.156,76507.203,74408.992,81924.844,112599.73,85249.727,153048.27,224552.59,193504.17,249079.86,76279.508,73827.977,78922.531,102876.87,88707.117,119015.62,168447.95,153547.77,180947.53,5.2399998,1.66,13.32,766.97998,286.70999,991.90997,823.62,354,1658.14,6.1399999,2.6300001,12.25,649.87,425.37,833.03003,997.69,627.91998,1425.86,24683256,23704616,27031978,40756580,31017154,52587116,70891544,64459292,75754680,24833278,23584976,26487822,42883696,34583472,51376688,72033136,68541536,75141856,902.14001,215.45,2641.76,254744.8,147981.31,295206.13,124062.58,35850.27,302199.78,1086.6,402.47,2411.48,271337.88,223556.45,302816.09,97180.188,37820.41,201521.09,55.990002,186.28999,486.98999,12308.08,24821.75,31562.029,14998.01,32907.5,54600.461,91.470001,219.55,447.53,19823.369,28390.57,34821.691,17541.15,31339.109,49825.031,2.8299999,11.1,31.469999,1350.51,2554.0601,3142.5,639.90002,1938.3101,4155.73,5.0900002,13.28,28.780001,2144.1699,2777.22,3231.27,677.59998,1580.3,3062.6101,34.950001,105.39,262.34,4922.6699,5442.9702,5703.8999,4265.8999,5324.54,6324.6699,53.82,122.99,241.77,8281.3604,12241,15297.74,10561.44,16642.77,24071.49,.88,3.45,9.7700005,419.44,793.90997,977.01001,195.95,598.35999,1288.64,1.58,4.1199999,8.9300003,666.29999,863.39001,1004.73,207.5,487.06,947.27002,1542.3,6358.8198,18505.08,1012804.6,1740711.9,2017652.4,262900.94,875952.13,2091386.8,2853.6201,7649.27,16897.689,1538958.9,1861905.4,2079758.3,285170.44,705307.56,1433384.4,.58999997,.63999999,.68000001,.75999999,.91000003,1.01,.46000001,.50999999,.60000002,.61000001,.64999998,.68000001,.75999999,.88,.99000001,.46000001,.5,.54000002,.73000002,.81,.89999998,1.47,1.63,1.8,2.2,2.4400001,2.7,.77999997,.82999998,.88999999,1.55,1.66,1.78,2.3299999,2.49,2.6700001,.58084106,.77048039,.50420928,.30107778,.19374743,.3360059,.66387463,.98744029,.54869002,.56506532,.65346485,.50798678,.23950581,.19027409,.27509436,1.0266393,1.6602675,.70754874,189.98169,68157.422,358.75784,275160.09,,,,,,,,,,,,,,,,,,,,5431849,106027,98593,108902,5091454,4376902,391,193,488,29515,13899,38012,1.3247502,1.3885891,1.2838051,319.81189,25288.08,79.071732,30917.047,,,21.666666,41.601284,229.85599,324.83386,172.95892,,235.98787,,172.16414,322.62656,332.14008,361.95984,150.63084,315.70129,,,75.485931,48.020351,,,,,,,,,,,,,,,,,,,,,,,,,,,,,,,,,,,,,,,,
23Sep2021,Iran,,,,,,,,,,,,,,,,,,,,,,,92939,91813,94065,8,0,16,3866226,3352907,4590325,177,0,5295,23299,1886,166,66807,4.519774,,.30217186,76.440857,5535.8604,691.98254,5535.8604,6651.6299,12031.576,2577.2119,2832.7917,5123.9995,1097.5813,512.69263,939.49219,179.46407,185.74522,340.67728,65.889763,111.24876,45.104279,202.63715,221560.06,215062.91,230447.98,111.24876,45.104279,202.63715,221560.06,215062.91,230447.98,46.565823,18.879473,84.818611,92739.25,90019.711,96459.5,46.565823,18.879473,84.818611,92739.25,90019.711,96459.5,148.21133,25773.926,8036.0488,47196.48,71959848,85037168,60782584,25.652599,9.2205725,51.914913,215544.88,210908.38,221142.13,25.652599,9.2205725,51.914913,215544.88,210908.38,221142.13,,4494.7451,1099.1302,10798.15,,,,98.359116,40.779198,175.22948,219556.16,213961.66,227269.98,98.359116,40.779198,175.22948,219556.16,213961.66,227269.98,,23392.709,7285.2495,43964.348,,,,.131971,.053505827,.24038225,262.82993,255.12254,273.37338,.131971,.053505827,.24038225,262.82993,255.12254,273.37338,.055239614,.02239614,.10061773,110.01374,106.78763,114.42696,.055239614,.02239614,.10061773,110.01374,106.78763,114.42696,,30.57482,9.5329189,55.987743,.43163297,.56127435,.42934799,.57072425,.83889717,.48077598,.42046911,.5597502,.39857176,366.98276,119074.13,324.4679,36096.652,76512.133,74412.188,81936.789,113357.4,85545.633,153944.3,225305.84,195065.56,249414.19,76285.289,73830.57,78934.422,103522.61,89110.227,119824.06,169380.98,154928.02,181524.42,4.9200001,1.54,12.6,757.66998,295.89001,975.34003,753.25,332.89999,1561.39,5.7800002,2.46,11.59,645.72998,428.57999,817.78998,933.03003,575.95001,1359.09,24684106,23705118,27034378,41007472,31165434,52817672,71005408,64741032,75787120,24834302,23585384,26489918,43149908,34817420,51618932,72121864,68722600,75176000,849.71997,200.31,2504.99,250889.88,146724.69,288261.19,113861.18,32386.949,281738.03,1024.64,376.84,2285.5,266211.78,215998.95,295114.22,88728.617,34147.699,185342.7,51.990002,175.14999,461.07001,12374.27,24642.65,31044.16,13658.74,30677.801,52169.102,85.529999,206.69,423.53,19918.27,28115.811,34210.172,15985.99,29070.199,47006.539,2.6300001,10.44,29.82,1355.11,2522.96,3091.97,576.47998,1782.33,3901.5601,4.7600002,12.51,27.25,2138.3101,2733.8999,3155.0901,610.15002,1444.23,2829.8799,32.459999,99.080002,248.32001,4932.73,5431.9902,5687.9102,4098.7598,5239.29,6215.1602,50.330002,115.78,228.78999,8336.5303,12149.47,15039.95,9742.7803,15596.99,22923.381,.81999999,3.24,9.2600002,420.84,784.20001,961.34998,176.50999,550.09998,1209.58,1.48,3.8800001,8.46,664.44,849.85999,980.96997,186.82001,445.04001,875.07001,1433.77,5988.77,17545.76,1006793.4,1714609,1969983.8,237842.05,804883.25,1951983.1,2671.7,7212.4302,16013.83,1491669.3,1827122.6,2027518.1,257816.89,644905.75,1320569,.58999997,.63999999,.68000001,.75,.89999998,1.01,.46000001,.50999999,.58999997,.61000001,.64999998,.68000001,.75999999,.88,.99000001,.46000001,.5,.54000002,.73000002,.81,.89999998,1.47,1.63,1.8,2.2,2.4400001,2.7,.77999997,.82999998,.88999999,1.55,1.66,1.78,2.3299999,2.49,2.6700001,.5790143,.76880836,.50299603,.30199304,.20166342,.33835289,.66155118,1.0278832,.55419922,.56410056,.65279698,.50711006,.24256252,.19841762,.27710965,1.0515548,1.6866437,.73328483,189.98169,68157.422,358.75784,271820.06,,,,,,,,,,,,,,,,,,,,5469975,106420,98786,109394,5121027,4390775,393,193,492,29573,13873,38126,1.3289149,1.3911915,1.290458,319.81189,25288.08,79.071732,31075.191,,,22.125,41.599609,231.67831,324.78708,175.21597,,237.82961,,172.70731,322.61688,331.13345,361.75381,151.15988,315.15121,,,75.249367,48.120907,,,,,,,,,,,,,,,,,,,,,,,,,,,,,,,,,,,,,,,,
24Sep2021,Iran,,,,,,,,,,,,,,,,,,,,,,,92947,91813,94081,8,0,16,3866388,3352907,4595568,162,0,5243,21934,1805,156,66811,4.9382715,,.30516881,76.440857,5535.8604,691.98254,5535.8604,6556.7339,11878.54,2505.6587,2792.3774,5058.8247,1067.1083,506.716,928.91663,175.63257,183.46187,336.67578,64.47184,109.52821,43.885746,200.84268,221669.59,215164.11,230615.69,109.52821,43.885746,200.84268,221669.59,215164.11,230615.69,45.845646,18.369425,84.067497,92785.094,90062.07,96529.703,45.845646,18.369425,84.067497,92785.094,90062.07,96529.703,148.21133,25562.248,7866.4634,46777.84,71985408,85083952,60790448,24.901924,8.8061323,50.786842,215569.77,210924.73,221190.56,24.901924,8.8061323,50.786842,215569.77,210924.73,221190.56,,4417.5107,1058.7085,10708.69,,,,96.970505,39.729332,173.94238,219653.13,214037.47,227438.44,96.970505,39.729332,173.94238,219653.13,214037.47,227438.44,,23230.5,7116.9731,43713.473,,,,.12992997,.052060317,.23825353,262.95987,255.2426,273.57236,.12992997,.052060317,.23825353,262.95987,255.2426,273.57236,.05438529,.021791087,.099726699,110.06812,106.83788,114.51023,.05438529,.021791087,.099726699,110.06812,106.83788,114.51023,,30.323713,9.3317451,55.491123,.42847645,.5578841,.42935434,.56370944,.83178061,.47425818,.41742754,.55823356,.39791483,366.98276,119074.13,324.4679,35538.391,76516.75,74415.188,81948.078,114105.19,85847.453,154805.55,225994.77,196532.77,249728.3,76290.719,73832.992,78945.672,104163.71,89538.867,120614.7,170252.22,156223.77,182069.81,4.6199999,1.4299999,11.92,747.78998,301.82999,961.53998,688.92999,312.82001,1467.21,5.4299998,2.29,10.96,641.09998,431.57999,804.06,871.22998,527.65002,1292.83,24684906,23705588,27036652,41254424,31313962,53039288,71109896,65003496,75816424,24835270,23585766,26491882,43410932,35050964,51851968,72202888,68889104,75206848,800.41998,186.24001,2375.48,246953.98,145019.19,282133.5,104492.84,29272.869,262464.25,966.28998,352.85999,2166.26,261024.69,214966.36,289321.19,81019.18,30846.91,170405.41,48.27,164.69,436.57001,12436.96,24448.551,30506.6,12432.75,28567.91,49753.66,79.980003,194.59,400.84,20002.721,27822.211,33575.32,14558.57,26935.461,44273.82,2.4400001,9.8299999,28.26,1359.3,2490.7,3017.1599,519.46997,1638.16,3658.1499,4.4499998,11.79,25.809999,2131.29,2689.4199,3077.95,549.53003,1319.48,2612.46,30.15,93.139999,235.11,4937.8198,5420.3398,5670.98,3923.95,5155.7598,6109.23,47.07,108.99,216.50999,8386.1104,12049.34,14801.94,8979.3701,14599.08,21793.561,.75999999,3.05,8.7700005,422.10999,774.12,938.03003,159.03999,505.51999,1133.9,1.38,3.6600001,8.0100002,662.21997,835.97998,956.91998,168.24001,406.51999,807.65002,1332.97,5640.7798,16637.48,995133.88,1687951.9,1927618,215262.39,739525.63,1820468,2501.53,6801.1099,15177.34,1471720.6,1791907.8,1983690,233174.3,589680.06,1216145.3,.58999997,.63999999,.68000001,.75,.89999998,1.01,.46000001,.50999999,.58999997,.62,.64999998,.68000001,.75999999,.87,.98000002,.46000001,.5,.54000002,.73000002,.81,.89999998,1.47,1.63,1.8,2.2,2.4400001,2.7,.77999997,.82999998,.88999999,1.55,1.66,1.78,2.3299999,2.49,2.6700001,.57719696,.76782644,.50179332,.30280539,.20813107,.34081027,.65930831,1.0686346,.55901325,.56194311,.64898264,.50594109,.24560894,.2007663,.27791259,1.0753379,1.7105442,.75867897,189.98169,68157.422,358.75784,268275.53,,,,,,,,,,,,,,,,,,,,5508204,106816,98978,109889,5150652,4404619,396,192,495,29625,13844,38229,1.3367089,1.3868824,1.2948285,319.81189,25288.08,79.071732,31312.406,,,20.25,41.597771,233.38506,324.74191,177.39636,,239.56253,,173.25108,322.60788,330.24512,361.5473,151.6741,314.65283,,,74.810608,48.219856,,,,,,,,,,,,,,,,,,,,,,,,,,,,,,,,,,,,,,,,
25Sep2021,Iran,,,,,,,,,,,,,,,,,,,,,,,92954,91813,94096,7,0,15,3866534,3352907,4600760,146,0,5192,20644,1728,146,66816,4.7945204,,.28890601,76.440857,5535.8604,790.83722,5535.8604,6465.0498,11745.719,2436.9822,2753.3311,5002.2588,1037.8604,500.94281,918.6076,171.95731,181.21544,332.70319,63.099655,107.85577,42.717087,198.10976,221777.45,215264.66,230780.13,107.85577,42.717087,198.10976,221777.45,215264.66,230780.13,45.145607,17.880257,82.923561,92830.242,90104.156,96598.523,45.145607,17.880257,82.923561,92830.242,90104.156,96598.523,148.21133,25314.254,7689.938,46289.859,72010728,85130240,60798140,24.183523,8.4137135,49.712318,215593.95,210940.7,221237.73,24.183523,8.4137135,49.712318,215593.95,210940.7,221237.73,,4335.9199,1018.5735,10603.119,,,,95.617706,38.720276,172.67705,219748.75,214096.58,227604.73,95.617706,38.720276,172.67705,219748.75,214096.58,227604.73,,23061.699,6974.1152,43447.668,,,,.127946,.050673973,.23501155,263.0878,255.36188,273.7674,.127946,.050673973,.23501155,263.0878,255.36188,273.7674,.053554852,.021210801,.098369688,110.12168,106.8878,114.59187,.053554852,.021210801,.098369688,110.12168,106.8878,114.59187,,30.029526,9.1223383,54.912247,.42606735,.55549324,.42797658,.55774838,.82602912,.46884617,.41461691,.5551998,.39743686,366.98276,119074.13,324.4679,34995.734,76521.102,74418.008,81958.773,114842.55,86152.461,155632.38,226625.02,197908.67,250022.92,76295.828,73835.25,78956.297,104799.71,89973.25,121387.11,171064.56,157443.2,182569.73,4.3499999,1.3200001,11.28,737.35999,305,946.91998,630.25,293.44,1375.9,5.1100001,2.1400001,10.37,636,434.38,789.90002,812.34003,482.87,1227.41,24685660,23706030,27038808,41497372,31462692,53252212,71205792,65247840,75842920,24836180,23586124,26493742,43666720,35283968,52076020,72276872,69042176,75234728,754.06,173.17,2252.8501,242946.42,143366.05,277608.94,95894.32,26472.07,244344.81,911.34003,330.44,2053.4099,255788.81,214203.66,282892.78,73989.109,27879.6,156629.33,44.82,154.86,413.39001,12496.05,24240.08,29951.32,11311.72,26576.26,47366.281,74.790001,183.21001,379.39001,20076.561,27510.82,32946.281,13250.26,24931.5,41634.422,2.27,9.25,26.780001,1363.09,2457.3601,2941.6799,468.23999,1505.0699,3425.78,4.1700001,11.11,24.450001,2123.1399,2643.8899,3001.46,495.07999,1205.21,2409.79,28.01,87.57,222.60001,4940.6699,5408.1099,5653.1699,3744.05,5072.5601,6007.1299,44.02,102.6,204.89999,8427.0098,11940.98,14559.22,8268.6602,13649.17,20686.381,.69999999,2.8699999,8.3100004,423.26001,763.71997,914.51001,143.34,464.38,1061.67,1.29,3.45,7.5900002,659.65997,821.78998,933.08002,151.56,371.26001,744.84003,1239.33,5313.5098,15777.46,983823.88,1660803.1,1895796.9,194912.44,679456,1696640,2342.3501,6413.79,14385.63,1466597.6,1756343.9,1942606.3,210971.08,539208.56,1119602.3,.58999997,.63999999,.68000001,.75,.89999998,1.01,.47,.50999999,.58999997,.62,.64999998,.68000001,.75999999,.87,.98000002,.47,.5,.54000002,.73000002,.81,.89999998,1.47,1.63,1.8,2.2,2.4400001,2.7,.77999997,.82999998,.88999999,1.55,1.66,1.78,2.3299999,2.49,2.6700001,.57687718,.7622568,.5006991,.30350724,.21274215,.34109852,.65723389,1.108489,.56309772,.56071281,.64762139,.50501364,.24864262,.20278832,.2792224,1.0979184,1.7319833,.78363997,189.98169,68157.422,358.75784,264533.69,,,,,,,,,,,,,,,,,,,,5546527,107213,99171,110389,5180322,4418435,397,193,500,29670,13816,38323,1.3380519,1.3969311,1.3046995,319.81189,25288.08,79.071732,31391.477,,,20.857143,41.59621,234.70467,324.69815,179.29231,,241.18649,,173.34712,322.5994,329.48141,361.34146,152.15283,314.20093,,,74.735519,48.318039,,,,,,,,,,,,,,,,,,,,,,,,,,,,,,,,,,,,,,,,
26Sep2021,Iran,,,,,,,,,,,,,,,,,,,,,,,92960,91813,94109,6,0,13,3866667,3352907,4605905,133,0,5145,19425,1653,137,66820,4.5112782,,.25267249,76.440857,5535.8604,922.64337,5535.8604,6376.5239,11608.256,2371.0767,2715.6299,4943.7163,1009.7925,495.37997,908.58014,168.43713,179.10263,328.93628,61.804932,106.23204,41.596836,195.43428,221883.69,215364.56,230941.34,106.23204,41.596836,195.43428,221883.69,215364.56,230941.34,44.465954,17.411348,81.80368,92874.711,90145.969,96666.008,44.465954,17.411348,81.80368,92874.711,90145.969,96666.008,148.21133,25094.084,7526.0889,45849.457,72035816,85176088,60805664,23.496254,8.0421715,48.687145,215617.45,210956.31,221283.7,23.496254,8.0421715,48.687145,215617.45,210956.31,221283.7,,4260.9736,981.17877,10509.975,,,,94.30146,37.750957,171.4362,219843.05,214152.3,227768.92,94.30146,37.750957,171.4362,219843.05,214152.3,227768.92,,22920.826,6851.3276,43232.219,,,,.12601982,.049345057,.23183772,263.21384,255.48039,273.95865,.12601982,.049345057,.23183772,263.21384,255.48039,273.95865,.052748602,.02065455,.097041205,110.17442,106.93741,114.67193,.052748602,.02065455,.097041205,110.17442,106.93741,114.67193,,29.768345,8.927969,54.389812,.42333499,.55270189,.42625213,.55142921,.81964386,.46324703,.41142261,.55100209,.39654732,366.98276,119074.13,324.4679,34468.887,76525.18,74420.641,81968.867,115569.01,86459.281,156425.22,227202.2,199196.31,250298.73,76300.641,73837.367,78966.352,105430.15,90410.211,122140.96,171820.95,158596.69,183027.47,4.0799999,1.23,10.68,726.46997,306.82999,931.53003,577.17999,274.70999,1287.65,4.8099999,2,9.8100004,630.44,436.79001,777.09998,756.40002,441.42999,1163.14,24686372,23706444,27040852,41736248,31611574,53456688,71293800,65475180,75866880,24837040,23586460,26495502,43917236,35516304,52291324,72344456,69182880,75259944,710.45001,161.03,2136.72,238876.27,141762.88,273381.91,88006.117,23952.26,227340.73,859.59003,309.45001,1946.58,250515.98,212544.92,276605,67580.32,25211.32,143936.73,41.619999,145.64,391.48001,12551.47,24017.93,29408.52,10287.72,24700.52,45017.73,69.949997,172.52,359.10999,20139.65,27182.721,32337.41,12052.72,23054.279,39094.211,2.1099999,8.71,25.379999,1366.46,2423.03,2865.75,422.20001,1382.35,3204.6001,3.9000001,10.47,23.16,2113.8799,2597.4399,2930.6599,446.17001,1100.63,2221.24,26.01,82.339996,210.75999,4942.6001,5395.3799,5623.2202,3561.4099,4988.1699,5909.0601,41.169998,96.589996,193.91,8463.6299,11824.8,14306.66,7608.0298,12747.02,19605.539,.64999998,2.7,7.8800001,424.29001,753.02002,890.85999,129.24001,426.45999,992.96002,1.21,3.25,7.1900001,656.76001,807.31,911.02002,136.58,339,686.41998,1152.35,5005.7002,14963.08,972849.56,1633224.3,1867200.8,176567.63,624274.63,1580260,2193.4399,6049.0298,13636.24,1458501.9,1720511.1,1898560.5,190962.23,493098.47,1030438.8,.58999997,.63999999,.68000001,.75,.88999999,1.01,.47,.50999999,.57999998,.62,.64999998,.68000001,.75,.86000001,.98000002,.47,.5,.54000002,.73000002,.81,.89999998,1.47,1.63,1.8,2.2,2.4400001,2.7,.77999997,.82999998,.88999999,1.55,1.66,1.78,2.3299999,2.49,2.6700001,.5742839,.76383287,.49983153,.30411977,.21643889,.34074312,.65584075,1.1469064,.56639653,.55956906,.64630795,.50396085,.25165659,.20550479,.28094214,1.1192608,1.7509198,.80809116,189.98169,68157.422,358.75784,260626.8,,,,,,,,,,,,,,,,,,,,5584931,107613,99363,110892,5210030,4432219,400,192,503,29708,13784,38404,1.3464386,1.3929193,1.3097594,319.81189,25288.08,79.071732,31628.693,,,22.166666,41.594955,236.21954,324.65576,181.34694,,243.05908,,174.12991,322.59149,328.81781,361.13702,152.47603,313.7901,,,74.269997,48.414505,,,,,,,,,,,,,,,,,,,,,,,,,,,,,,,,,,,,,,,,
27Sep2021,Iran,,,,,,,,,,,,,,,,,,,,,,,92966,91813,94123,6,0,14,3866786,3352907,4611002,119,0,5097,18274,1582,129,66823,5.042017,,.27467138,76.440857,5535.8604,922.64337,5535.8604,6291.1909,11462.834,2307.8733,2679.2881,4881.7837,982.87549,490.02966,898.8421,165.18483,177.11472,325.3606,60.582603,104.60809,40.504375,192.72772,221988.3,215463.8,231099.36,104.60809,40.504375,192.72772,221988.3,215463.8,231099.36,43.786213,16.954073,80.670784,92918.492,90187.516,96732.148,43.786213,16.954073,80.670784,92918.492,90187.516,96732.148,148.21133,24927.293,7381.5195,45502.262,72060744,85221592,60813048,22.828264,7.6867938,47.678356,215640.28,210971.53,221328.48,22.828264,7.6867938,47.678356,215640.28,210971.53,221328.48,,4196.8208,947.26733,10441.593,,,,92.978439,36.802864,170.14201,219936.03,214207.05,227930.97,92.978439,36.802864,170.14201,219936.03,214207.05,227930.97,,22805.939,6739.2065,43063.527,,,,.12409338,.048049103,.228627,263.33792,255.59811,274.14609,.12409338,.048049103,.228627,263.33792,255.59811,274.14609,.051942248,.020112099,.095697284,110.22637,106.98669,114.75039,.051942248,.020112099,.095697284,110.22637,106.98669,114.75039,,29.570484,8.7564707,53.97794,.41965285,.5487268,.42355636,.54394186,.81147039,.45661956,.40769398,.54610085,.39509541,366.98276,119074.13,324.4679,33941.969,76529.023,74423.109,81978.43,116284.16,86767.359,157184.59,227732.7,200398.98,250556.42,76305.172,73839.352,78975.852,106054.59,90849.531,122875.96,172524.34,159685.88,183446.2,3.8399999,1.14,10.1,715.15002,308.07999,909.57001,530.51001,256.67001,1202.66,4.5300002,1.87,9.2799997,624.44,438.84,763.79999,703.39001,403.14999,1100.28,24687040,23706832,27042790,41971000,31760560,53652968,71374568,65686588,75888568,24837850,23586772,26497170,44162456,35747836,52498124,72406192,69312192,75282752,669.41998,149.75999,2026.74,234752.38,138987.38,269032.41,80772.523,21684.5,211409.03,810.84003,289.82001,1845.4399,245217.47,206797.66,270632.53,61739.121,22811.141,132252.64,38.650002,136.97,370.75,12603.18,23782.789,29085.141,9353.2197,22937.619,42717.461,65.419998,162.46001,339.94,20170.6,26839,31709.721,10957.9,21299.24,36657.551,1.96,8.1999998,24.049999,1369.41,2387.79,2789.5701,380.82999,1269.3,2994.6299,3.6500001,9.8699999,21.940001,2101.8401,2550.2,2859.21,402.23001,1005.01,2046.15,24.16,77.419998,199.57001,4944.1299,5382.1899,5592.7598,3378.0701,4900.1001,5815.1499,38.5,90.940002,183.53,8495.9102,11701.19,14045.18,6994.8398,11892.06,18554.18,.61000001,2.54,7.4699998,425.19,742.03998,867.14001,116.57,391.54001,927.75,1.13,3.0599999,6.8099999,653.03998,792.59998,888.77002,123.12,309.51001,632.20001,1071.55,4716.1602,14191.87,959390.19,1605275.3,1837770.5,160026.05,573604.25,1471060.6,2054.1299,5705.5,12926.87,1429835.6,1684486.1,1858036.1,172927.23,450985.28,948168.19,.58999997,.63999999,.69,.74000001,.88999999,1,.47,.50999999,.57999998,.62,.64999998,.68000001,.75,.86000001,.97000003,.47,.5,.54000002,.73000002,.81,.89999998,1.47,1.63,1.8,2.2,2.4400001,2.7,.77999997,.82999998,.88999999,1.55,1.66,1.78,2.3299999,2.49,2.6700001,.57363093,.76121795,.49833724,.30464017,.22166041,.33808938,.65679514,1.1836566,.56887829,.55867988,.64522803,.50286108,.25464743,.21220744,.28222769,1.1392939,1.7673382,.83195317,189.98169,68157.422,358.75784,256565.69,,,,,,,,,,,,,,,,,,,,5623406,108015,99556,111399,5239771,4445972,402,193,507,29741,13753,38475,1.3516694,1.4033302,1.3177388,319.81189,25288.08,79.071732,31786.836,,,19.833334,41.593552,238.29221,324.61505,183.84319,,245.28201,,174.32813,322.58401,328.25613,360.93481,152.25447,313.41379,,,73.98259,48.509659,,,,,,,,,,,,,,,,,,,,,,,,,,,,,,,,,,,,,,,,
28Sep2021,Iran,,,,,,,,,,,,,,,,,,,,,,,92972,91813,94137,6,0,14,3866893,3352907,4616054,107,0,5052,17187,1514,121,66827,5.6074767,,.27711797,76.440857,5535.8604,922.64337,5535.8604,6208.9453,11321.537,2247.2695,2644.2615,4821.6084,957.06567,484.57559,888.86987,161.98424,175.13773,321.7681,59.392029,102.99251,39.441746,190.00754,222091.28,215562.36,231254.2,102.99251,39.441746,190.00754,222091.28,215562.36,231254.2,43.10997,16.509283,79.532188,92961.602,90228.773,96796.961,43.10997,16.509283,79.532188,92961.602,90228.773,96796.961,148.21133,24767.467,7242.5781,45164.105,72085512,85266752,60820288,22.180674,7.3473821,46.689594,215662.45,210986.41,221372.11,22.180674,7.3473821,46.689594,215662.45,210986.41,221372.11,,4135.3896,914.96191,10376.786,,,,91.656433,35.878082,168.80962,220027.69,214260.83,228090.86,91.656433,35.878082,168.80962,220027.69,214260.83,228090.86,,22699.199,6632.2373,42907.836,,,,.12217686,.046788536,.22540013,263.46008,255.71504,274.32977,.12217686,.046788536,.22540013,263.46008,255.71504,274.32977,.05114004,.019584458,.094346605,110.27751,107.03563,114.82728,.05114004,.019584458,.094346605,110.27751,107.03563,114.82728,,29.380888,8.5916491,53.576797,.41583788,.54458159,.42070475,.53636235,.80302602,.44994274,.40378708,.54096502,.39342374,366.98276,119074.13,324.4679,33417.762,76532.617,74425.422,81987.469,116987.6,87076.438,157911.05,228222.83,201520.02,250796.7,76309.43,73841.203,78984.844,106672.61,91291,123591.89,173177.66,160712.58,183828.88,3.6099999,1.0599999,9.5600004,703.44,309.07999,883.21997,490.12,239.35001,1121.03,4.2600002,1.75,8.7799997,618.03003,440.64999,749.96997,653.29999,367.85999,1039.0601,24687672,23707198,27044628,42201584,31909600,53841304,71448712,65883092,75908208,24838616,23587066,26498750,44402360,35978436,52696660,72462608,69431024,75303400,630.82001,139.28,1922.5699,230583.42,133585.41,265130.75,74141.43,19637.211,196503.91,764.92999,271.45999,1749.7,239904.05,198536.7,264606.94,56416.059,20651.34,121505.08,35.900002,128.84,351.14999,12651.15,23535.359,28741.98,8501.1201,21283.961,40473.57,61.189999,153,321.81,20172.061,26480.76,31065.461,9958.0996,19661.439,34308.5,1.8200001,7.7199998,22.799999,1371.9399,2351.73,2717.3999,343.64999,1165.26,2795.8,3.4200001,9.3100004,20.790001,2058.2,2502.29,2787.3201,362.76999,917.64001,1883.8199,22.440001,72.800003,188.97,4945.4302,5368.5801,5562.1001,3195.79,4805.8301,5725.4902,36.009998,85.620003,173.7,8523.8096,11570.58,13788.54,6426.4702,11083.48,17534.881,.56,2.4000001,7.0799999,425.95999,730.81,844.66998,105.19,359.41,866.02002,1.0599999,2.8900001,6.4499998,639.47998,777.67999,866.39001,111.04,282.57001,581.95001,996.46997,4443.7798,13461.47,922372.75,1577014.5,1810866,145106.16,527091.13,1368752.5,1923.79,5381.9302,12255.32,1373811.1,1648342.3,1817131,156667.59,412531.66,872319.69,.58999997,.63999999,.69,.74000001,.88,1,.47,.50999999,.57999998,.62,.64999998,.68000001,.75,.86000001,.97000003,.47,.5,.54000002,.73000002,.81,.89999998,1.47,1.63,1.8,2.2,2.4400001,2.7,.77999997,.82999998,.88999999,1.55,1.66,1.78,2.3299999,2.49,2.6700001,.57227099,.76105684,.49725112,.30506963,.23137257,.33312619,.66106087,1.2188594,.57048738,.55691373,.6446622,.5018003,.25761551,.22194888,.28342792,1.1580036,1.7812887,.85515773,189.98169,68157.422,358.75784,252364.63,,,,,,,,,,,,,,,,,,,,5661940,108420,99749,111909,5269536,4459691,405,193,510,29765,13719,38534,1.3606585,1.406808,1.3235065,319.81189,25288.08,79.071732,32024.051,,,17.833334,41.592018,240.47833,324.57605,186.44112,,247.65527,,174.74239,322.57712,327.79401,360.73553,151.27199,313.06558,,,73.493828,48.602989,,,,,,,,,,,,,,,,,,,,,,,,,,,,,,,,,,,,,,,,
29Sep2021,Iran,,,,,,,,,,,,,,,,,,,,,,,92977,91813,94149,5,0,12,3866991,3352907,4621065,98,0,5011,16162,1448,114,66829,5.1020408,,.23947316,76.440857,5535.8604,1107.1721,5535.8604,6129.5029,11183.911,2191.2156,2610.4285,4762.9966,933.19348,479.04468,878.70557,158.82893,173.17802,318.17252,58.2341,101.48679,38.446205,187.46281,222192.77,215660.34,231406.03,101.48679,38.446205,187.46281,222192.77,215660.34,231406.03,42.479713,16.092575,78.467033,93004.086,90269.781,96860.516,42.479713,16.092575,78.467033,93004.086,90269.781,96860.516,148.21133,24615.631,7109.4033,44836.684,72110128,85311592,60827400,21.574358,7.030189,45.67659,215684.03,211000.95,221414.66,21.574358,7.030189,45.67659,215684.03,211000.95,221414.66,,4076.8027,884.22693,10316.076,,,,90.426094,35.010773,167.60783,220118.11,214313.7,228248.75,90.426094,35.010773,167.60783,220118.11,214313.7,228248.75,,22601.246,6530.4814,42766.34,,,,.12039067,.045607556,.2223814,263.58047,255.83127,274.50992,.12039067,.045607556,.2223814,263.58047,255.83127,274.50992,.050392386,.019090131,.093083039,110.3279,107.08428,114.90267,.050392386,.019090131,.093083039,110.3279,107.08428,114.90267,,29.200769,8.4336681,53.188389,.41228595,.54077965,.41810143,.52919799,.79506618,.44277096,.40009341,.5361132,.39191532,366.98276,119074.13,324.4679,32929.203,76536.023,74427.578,81996.031,117679,87386.367,158605.2,228678.2,202562.86,251020.34,76313.438,73842.93,78993.344,107283.84,91734.367,124288.59,173783.72,161678.86,184178.31,3.3900001,.98000002,9.0500002,691.39001,309.94,856.69,455.38,222.78,1042.85,4.0100002,1.64,8.3000002,611.22998,442.23999,735.66998,606.07001,335.38,979.65997,24688266,23707540,27046372,42427960,32058646,54021952,71516776,66065672,75926000,24839338,23587342,26500246,44636944,36207972,52887184,72514176,69540224,75322112,594.5,129.53999,1823.9,226377.72,128431.95,261245.2,68064.359,17792.33,182577.63,721.66998,254.27,1659.05,234585.91,190524.77,258717.05,51565.641,18707.109,111625.49,33.34,121.19,332.60999,12695.38,23276.369,28379.109,7724.7598,19735.5,38292.898,57.23,144.10001,304.67999,20131.039,26109.131,30406.801,9046,18135.65,32033.83,1.6900001,7.27,21.610001,1356.79,2314.9399,2653.6299,310.23001,1069.59,2607.9399,3.2,8.7700005,19.690001,1998.05,2453.8101,2717.6599,327.31,837.84998,1733.55,20.85,68.459999,178.95,4946.5698,5354.5898,5531.3198,3016.05,4703.3198,5640.1099,33.68,80.620003,164.41,8543.96,11433.38,13537.74,5900.3101,10320.19,16549.721,.52999997,2.26,6.71,421.23999,719.35999,824.81,94.959999,329.87,807.71997,.99000001,2.72,6.1100001,620.62,762.59003,844.69,100.19,257.98001,535.45001,926.71997,4187.5298,12769.67,887039.75,1548498.4,1784572.4,131625.69,484404.94,1273031.5,1801.84,5077.1299,11619.54,1318895,1612149.1,1776434.1,142004.81,377426.06,802442.69,.58999997,.63999999,.69,.74000001,.88,1,.47999999,.51999998,.57999998,.62,.64999998,.68000001,.75,.85000002,.97000003,.47,.5,.54000002,.73000002,.81,.89999998,1.47,1.63,1.8,2.2,2.4400001,2.7,.77999997,.82999998,.88999999,1.55,1.66,1.78,2.3299999,2.49,2.6700001,.57022709,.75652313,.49618948,.30541435,.24132624,.32792565,.66904324,1.2521125,.57118171,.55565566,.64498365,.50028628,.260557,.2321168,.28435311,1.175337,1.7927943,.87763107,189.98169,68157.422,358.75784,248041.59,,,,,,,,,,,,,,,,,,,,5700523,108826,99941,112423,5299321,4473375,406,192,514,29785,13684,38583,1.3631022,1.4030985,1.3321929,319.81189,25288.08,79.071732,32103.123,,,19.6,41.590836,242.55011,324.5386,188.96519,,249.94164,,175.36873,322.57053,327.42404,360.53976,149.46716,312.73981,,,73.362068,48.695358,,,,,,,,,,,,,,,,,,,,,,,,,,,,,,,,,,,,,,,,
30Sep2021,Iran,,,,,,,,,,,,,,,,,,,,,,,92982,91813,94162,5,0,13,3867081,3352907,4626036,90,0,4971,15196,1385,107,66832,5.5555553,,.26151681,76.440857,5535.8604,1107.1721,5535.8604,6052.8438,11049.988,2141.9902,2577.781,4705.9614,912.22937,474.07608,869.48279,155.61887,171.36354,314.81314,57.148346,100.07838,37.511063,185.07156,222292.84,215757.8,231555.03,100.07838,37.511063,185.07156,222292.84,215757.8,231555.03,41.89019,15.70115,77.466118,93045.977,90310.57,96922.883,41.89019,15.70115,77.466118,93045.977,90310.57,96922.883,148.21133,24472.627,6982.0601,44521.527,72134600,85356112,60834380,21.005127,6.7330894,44.670517,215705.03,211016.22,221456.19,21.005127,6.7330894,44.670517,215705.03,211016.22,221456.19,,4021.0916,855.00665,10259.746,,,,89.276382,34.195042,166.51865,220207.39,214365.72,228404.78,89.276382,34.195042,166.51865,220207.39,214365.72,228404.78,,22512.391,6429.8003,42639.629,,,,.11871991,.044498228,.21954474,263.69922,255.94688,274.68665,.11871991,.044498228,.21954474,263.69922,255.94688,274.68665,.049693052,.018625794,.091895692,110.37759,107.13268,114.97665,.049693052,.018625794,.091895692,110.37759,107.13268,114.97665,,29.03113,8.2826042,52.814526,.40894008,.53724921,.41569006,.52237374,.78748971,.43539593,.39656553,.53182119,.39052555,366.98276,119074.13,324.4679,32472.221,76539.203,74429.609,82004.117,118358.01,87697.07,159267.69,229102.86,203531.05,251228.13,76317.211,73844.539,79001.383,107887.9,92179.43,124965.97,174345.38,162586.86,184497.16,3.1900001,.91000003,8.5699997,679.02002,310.69,830.03998,424.64999,206.99001,968.16998,3.77,1.53,7.8600001,604.06,443.60001,721.91998,561.65002,305.53,922.22998,24688826,23707862,27048024,42650104,32207650,54195164,71579272,66235252,75942128,24840018,23587600,26501662,44866216,36436320,53069948,72561320,69640568,75339064,560.33002,120.49,1730.4301,222143.38,124900.47,257247.28,62496.25,16130.71,169581.45,680.91998,238.19,1573.21,229272.73,182763.88,254124.53,47146.09,16956.221,102548.86,30.969999,114.01,315.07001,12735.85,23006.539,27994.359,7017.9199,18287.869,36181.078,53.540001,135.73,288.48001,20079.391,25725.18,29735.92,8214.6904,16716.48,29874.881,1.5700001,6.8499999,20.49,1340.62,2277.5,2599.97,280.20001,981.66998,2430.8301,2.99,8.2700005,18.66,1990.85,2404.8799,2668.99,295.45999,765.03003,1594.62,19.360001,64.379997,169.47,4947.5498,5340.25,5501.0801,2840.0901,4592,5559.0098,31.5,75.910004,155.63,8552.5596,11290.02,13279.74,5413.8101,9600.96,15600.31,.49000001,2.1199999,6.3600001,416.20999,707.70001,808.03998,85.769997,302.73001,752.77002,.93000001,2.5699999,5.79,618.37,747.35999,829.45001,90.440002,235.53999,492.47,861.90997,3946.4299,12114.4,855365.19,1519781.6,1757513,119435.98,445239.25,1183585.5,1687.73,4790,11017.58,1265660.5,1575973,1742519.6,128778.33,345381.22,738108.75,.58999997,.63999999,.69,.74000001,.88,1,.47999999,.51999998,.57999998,.62,.64999998,.69,.74000001,.85000002,.95999998,.47999999,.50999999,.54000002,.73000002,.81,.89999998,1.47,1.63,1.8,2.2,2.4400001,2.7,.77999997,.82999998,.88999999,1.55,1.66,1.78,2.3299999,2.49,2.6700001,.56930739,.75524944,.49525258,.30566746,.24875008,.32266229,.67948073,1.2832046,.57091737,.55366272,.64234436,.49961546,.26346788,.24271755,.28408119,1.1912972,1.8018756,.89930791,189.98169,68157.422,358.75784,243603.75,,,,,,,,,,,,,,,,,,,,5739144,109234,100133,112940,5329117,4487022,408,192,517,29796,13647,38621,1.3693113,1.4069027,1.33865,319.81189,25288.08,79.071732,32261.266,,,18,41.589565,244.53461,324.50256,191.43381,,252.16513,,175.65204,322.56445,327.15292,360.34827,147.1712,312.43289,,,73.029411,48.786247,,,,,,,,,,,,,,,,,,,,,,,,,,,,,,,,,,,,,,,,
01Oct2021,Iran,,,,,,,,,,,,,,,,,,,,,,,92986,91813,94174,4,0,12,3867162,3352907,4630966,81,0,4930,14286,1325,100,66835,4.9382715,,.24340771,76.440857,5535.8604,1383.9651,5535.8604,5979.0405,10919.962,2094.8696,2546.3499,4650.5859,892.16168,469.61929,861.11023,151.82921,169.6349,311.59555,55.975773,98.704338,36.611271,182.71817,222391.55,215854.75,231701.23,98.704338,36.611271,182.71817,222391.55,215854.75,231701.23,41.315056,15.324521,76.481049,93087.289,90351.156,96984.078,41.315056,15.324521,76.481049,93087.289,90351.156,96984.078,148.21133,24319.438,6855.0186,44184.297,72158920,85400296,60841236,20.458437,6.4507961,43.731606,215725.5,211038.63,221496.73,20.458437,6.4507961,43.731606,215725.5,211038.63,221496.73,,3965.0339,826.57147,10199.68,,,,88.15123,33.408211,165.43883,220295.53,214416.91,228558.98,88.15123,33.408211,165.43883,220295.53,214416.91,228558.98,,22414.404,6323.7183,42493.129,,,,.11708993,.043430831,.21675299,263.81628,256.06189,274.86011,.11708993,.043430831,.21675299,263.81628,256.06189,274.86011,.049010787,.018179011,.090727136,110.42661,107.18082,115.04925,.049010787,.018179011,.090727136,110.42661,107.18082,115.04925,,28.849405,8.1318989,52.414478,.40586603,.53407985,.41353643,.5159713,.78042811,.42875469,.39327937,.52830011,.38933077,366.98276,119074.13,324.4679,32026.389,76542.203,74431.508,82011.781,119024.37,88008.406,159899.2,229499.55,204428.05,251420.84,76320.773,73846.063,79008.977,108484.45,92625.93,125623.99,174865.31,163438.84,184787.88,3,.85000002,8.1099997,666.34998,311.35001,803.34003,396.67999,192,897,3.55,1.4299999,7.4299998,596.54999,444.41,708.22998,519.94,278.14001,866.90002,24689354,23708164,27049592,42867992,32356562,54361192,71636664,66392720,75956760,24840660,23587842,26503004,45090192,36663364,53245204,72604440,69732792,75354448,528.16998,112.08,1641.89,217888.13,124873.45,253147.34,57395.32,14633.47,157466.42,642.52002,223.13,1491.9301,223973.67,175254.75,250140.77,43119.148,15378.78,94214.063,28.77,107.27,298.48001,12772.55,22726.6,27356.01,6374.77,16936.461,34142.609,50.080002,127.86,273.16,20017.24,25330.039,29054.91,7457.6602,15398.42,27830.869,1.46,6.4499998,19.43,1324.95,2239.49,2560.28,253.2,900.91998,2264.1599,2.8,7.8000002,17.690001,1982.67,2355.6101,2602.8,266.84,698.59003,1466.33,17.99,60.549999,160.5,4944.1299,5325.6001,5474.52,2668.8799,4472.4102,5482.1499,29.459999,71.489998,147.32001,8542.4404,11140.94,13015.37,4964.5,8924.3701,14687.81,.44999999,2,6.0300002,411.32999,695.88,795.63,77.510002,277.81,701.07001,.87,2.4200001,5.4899998,615.83002,732.03998,808.96002,81.68,215.07001,452.79999,801.67999,3719.5601,11493.67,855197.19,1490917,1729758.5,108434.06,409310.09,1100097.1,1580.9399,4519.4902,10447.6,1214116.4,1539876,1715502,116843.72,316132.81,678911.69,.58999997,.63999999,.69,.74000001,.87,.99000001,.47999999,.51999998,.57999998,.62,.64999998,.69,.74000001,.85000002,.95999998,.47999999,.50999999,.54000002,.73000002,.81,.89999998,1.47,1.63,1.8,2.2,2.4400001,2.7,.77999997,.82999998,.88999999,1.55,1.66,1.78,2.3299999,2.49,2.6700001,.56799895,.75838685,.49394292,.30582207,.24933243,.31734088,.69113648,1.3120607,.56964523,.55251193,.64088196,.4980126,.26634827,.25357944,.28313258,1.2058216,1.808596,.92013866,189.98169,68157.422,358.75784,239058.28,,,,,,,,,,,,,,,,,,,,5777790,109643,100326,113460,5358918,4500631,409,193,520,29801,13609,38646,1.3724371,1.4181792,1.3455467,319.81189,25288.08,79.071732,32340.338,,,20.25,41.588646,246.38672,324.4679,193.80923,,254.27217,,176.05666,322.55872,326.98752,360.16147,144.68922,312.14294,,,72.863083,48.87606,,,,,,,,,,,,,,,,,,,,,,,,,,,,,,,,,,,,,,,,
02Oct2021,Iran,,,,,,,,,,,,,,,,,,,,,,,92990,91813,94185,4,0,11,3867235,3352907,4635858,73,0,4892,13428,1267,94,66837,5.4794521,,.22485691,76.440857,5535.8604,1383.9651,5535.8604,,,,,,,,,,,,,,,,,,,,,,,,,,,,,,,,,,,,,,,,,,,,,,,,,,,,,,,,,,,,,,,,,,,,,,,,,,,,,,,,,,,,,,,,,,,,,,,,,,,,,,,,,,,,,,,,,,,,,,,,,,,76545.023,74433.289,82019.023,119677.79,88320.297,160500.45,229870.11,205257.38,251599.3,76324.109,73847.469,79016.18,109073.16,93073.633,126262.65,175346.19,164237.19,185052.77,2.8199999,.79000002,7.6799998,653.41998,311.89001,778.31,370.57001,177.8,829.33002,3.3399999,1.34,7.04,588.71002,444.75,694.16998,480.87,253.03999,813.76001,24689852,23708448,27051078,43081612,32505334,54520288,71689392,66538904,75970048,24841268,23588068,26504276,45308888,36888976,53413200,72643888,69817544,75368400,497.91,104.27,1558,213619.48,124815.14,249447.59,52722.93,13283.73,146183.69,606.34003,209.05,1414.96,218697.23,167997.13,246068.81,39449.762,13956.96,86563.617,26.719999,100.93,282.78,12805.46,22437.27,26711.301,5789.9199,15676.59,32180.92,46.849998,120.45,258.67001,19944.74,24924.789,28365.84,6768.8101,14175.95,25900.17,1.36,6.0700002,18.42,1309.76,2200.98,2519.95,228.92,826.81,2107.6101,2.6199999,7.3499999,16.76,1963.9,2306.1001,2545.1499,241.11,637.98999,1348,16.709999,56.950001,152.00999,4937.4302,5310.6699,5451.23,2503.23,4345.8101,5409.4702,27.559999,67.32,139.47,8523.0303,10986.57,12745.49,4549.9702,8288.9004,13812.99,.41999999,1.88,5.7199998,406.60001,683.90997,783.09003,70.080002,254.95,652.53003,.81,2.28,5.1999998,610.01001,716.64001,791.01001,73.809998,196.41,416.20999,745.71002,3506.0601,10905.62,854815.88,1461955,1704244.5,98500.43,376354.91,1022249,1481.01,4264.6201,9907.8496,1164262.8,1503916.6,1687875.6,106071.33,289437.94,624467.5,.58999997,.63999999,.69,.73000002,.87,.99000001,.47999999,.51999998,.57999998,.62,.64999998,.69,.74000001,.83999997,.94999999,.47999999,.50999999,.54000002,.73000002,.81,.89999998,1.47,1.63,1.8,2.2,2.4400001,2.7,.77999997,.82999998,.88999999,1.55,1.66,1.78,2.3299999,2.49,2.6700001,.56636739,.75764847,.49293965,.30588034,.24988155,.31201342,.7028631,1.3384794,.56732047,.55084604,.64099497,.49754056,.26918951,.26473668,.28210402,1.2189428,1.8130022,.94007164,189.98169,68157.422,358.75784,234419.55,,,,,,,,,,,,,,,,,,,,5816451,110055,100518,113983,5388718,4514201,412,192,523,29800,13570,38661,1.3825504,1.4148858,1.3527845,319.81189,25288.08,79.071732,32577.553,,,18.25,41.587643,,,,,,,176.56384,322.55331,326.92523,359.98001,142.27522,311.86914,,,72.330093,48.963863,,,,,,,,,,,,,,,,,,,,,,,,,,,,,,,,,,,,,,,,
03Oct2021,Iran,,,,,,,,,,,,,,,,,,,,,,,92994,91813,94197,4,0,12,3867302,3352907,4640714,67,0,4856,12620,1212,88,66839,5.970149,,.24711697,76.440857,5535.8604,1383.9651,5535.8604,,,,,,,,,,,,,,,,,,,,,,,,,,,,,,,,,,,,,,,,,,,,,,,,,,,,,,,,,,,,,,,,,,,,,,,,,,,,,,,,,,,,,,,,,,,,,,,,,,,,,,,,,,,,,,,,,,,,,,,,,,,76547.656,74434.961,82025.883,120318.05,88632.617,161072.2,230216.55,206022.48,251764.3,76327.258,73848.789,79022.977,109653.74,93522.313,126882.02,175790.52,164984.27,185293.95,2.6500001,.73000002,7.27,640.26001,306.67001,756.46002,346.42999,164.41,765.10999,3.1500001,1.25,6.6599998,580.58002,443.87,679.78003,444.34,230.07001,762.88,24690322,23708714,27052490,43290956,32653918,54672704,71737832,66674588,75982112,24841840,23588280,26505480,45522340,37113052,53574188,72680000,69895448,75381080,469.42001,97,1478.52,209344.55,123885.09,245821.69,48443.391,12066.38,135685.19,572.25,195.86,1342.0601,213451.41,160989.59,241918.61,36105.898,12674.81,79543.703,24.82,94.980003,267.94,12834.57,22139.301,26062.02,5258.3501,14503.48,30298.5,43.84,113.49,244.97,19862.07,24510.5,27685.109,6142.4199,13043.59,24080.42,1.26,5.7199998,17.469999,1280.33,2162.0701,2479.54,207.08,758.82001,1960.79,2.46,6.9400001,15.89,1898.77,2256.4399,2489.1101,217.98,582.75,1238.96,15.52,53.57,143.98,4930.9399,5295.48,5434.25,2343.73,4213.2002,5340.8701,25.780001,63.400002,132.03999,8499.29,10827.33,12470.91,4167.8999,7692.9502,12961.01,.38999999,1.78,5.4200001,397.47,671.81,770.47998,63.400002,233.97,607.01001,.75999999,2.1500001,4.9299998,589.96002,701.20001,773.59003,66.730003,179.39999,382.51001,693.70001,3305.1299,10348.48,850282.63,1432943.9,1679696.8,89527.82,346130.28,949727.19,1387.48,4024.45,9396.7002,1116094.4,1468149.8,1659706.5,96344.563,265073.84,574415.13,.58999997,.63999999,.69,.73000002,.87,.99000001,.49000001,.51999998,.57999998,.62,.64999998,.69,.74000001,.83999997,.94999999,.49000001,.50999999,.54000002,.73000002,.81,.89999998,1.47,1.63,1.8,2.2,2.4400001,2.7,.77999997,.82999998,.88999999,1.55,1.66,1.78,2.3299999,2.49,2.6700001,.56452644,.75257736,.49170792,.30584031,.24754392,.30772713,.71512336,1.3625462,.56388617,.55045873,.63821095,.496252,.27199635,.27571347,.28099534,1.2306576,1.8151753,.95907027,189.98169,68157.422,358.75784,229698.3,,,,,,,,,,,,,,,,,,,,5855116,110468,100710,114510,5418510,4527730,413,192,527,29792,13529,38665,1.3862782,1.4191736,1.3629898,319.81189,25288.08,79.071732,32656.625,,,16.75,41.586575,,,,,,,177.13962,322.54837,326.96802,359.80435,139.83601,311.61023,,,72.13559,49.050495,,,,,,,,,,,,,,,,,,,,,,,,,,,,,,,,,,,,,,,,
04Oct2021,Iran,,,,,,,,,,,,,,,,,,,,,,,92997,91813,94207,3,0,10,3867361,3352907,4645533,59,0,4819,11858,1159,83,66841,5.0847459,,.20751193,76.440857,5535.8604,1845.2867,5535.8604,,,,,,,,,,,,,,,,,,,,,,,,,,,,,,,,,,,,,,,,,,,,,,,,,,,,,,,,,,,,,,,,,,,,,,,,,,,,,,,,,,,,,,,,,,,,,,,,,,,,,,,,,,,,,,,,,,,,,,,,,,,76550.156,74436.531,82032.367,120944.95,88945.242,161615.2,230541.36,206726.77,251916.63,76330.219,73850.031,79029.422,110225.93,93971.711,127482.2,176200.75,165682.53,185513.48,2.49,.68000001,6.8899999,626.89001,300.76999,739.59003,324.82001,151.81,704.28998,2.96,1.17,6.3000002,572.17999,442.73999,665.10999,410.23001,209.07001,713.5,24690764,23708964,27053828,43496028,32802268,54818676,71782360,66800512,75993080,24842380,23588478,26506622,45730584,37335472,53728420,72713056,69967072,75392592,442.60001,90.25,1403.2,205070.09,122407.1,241837.59,44523.781,10967.9,125924.05,540.12,183.52,1273.01,208243.63,154230.14,237699.8,33058.32,11518.06,73104.07,23.059999,89.389999,253.89,12859.87,21833.41,25409.891,4775.4302,13412.42,28496.93,41.02,106.93,232.02,19769.42,24088.221,27050.5,5573.1899,11995.92,22368.711,1.1799999,5.3899999,16.57,1230.4399,2122.8101,2443.5801,187.42999,696.46997,1823.3,2.3,6.54,15.06,1822.67,2206.74,2432.6899,197.17999,532.39001,1138.55,14.42,50.389999,136.39,4924.6401,5280.0801,5417.9702,2190.8201,4074.8201,5276.25,24.110001,59.720001,125.01,8471.2803,10663.66,12192.43,3816.0901,7134.8301,12146.38,.36000001,1.67,5.1399999,381.97,659.60999,759.29999,57.380001,214.74001,564.40002,.70999998,2.03,4.6700001,566.29999,685.75,756.04999,60.369999,163.89,351.48001,645.34998,3116,9820.5996,840186.5,1403929.5,1654508.6,81419.961,318410.63,882223.5,1299.9399,3798.1299,8912.5996,1069599.4,1432626.3,1631059.9,87558.57,242836.23,528416.63,.58999997,.63999999,.69,.73000002,.87,.99000001,.49000001,.51999998,.57999998,.62,.64999998,.69,.74000001,.83999997,.94999999,.49000001,.50999999,.54000002,.73000002,.81,.89999998,1.47,1.63,1.8,2.2,2.4400001,2.7,.77999997,.82999998,.88999999,1.55,1.66,1.78,2.3299999,2.49,2.6700001,.5625847,.75346261,.49102053,.30569547,.24571286,.30582094,.72954273,1.38413,.55929744,.54802638,.63753265,.49489006,.27476472,.28706449,.27981091,1.2409282,1.8151495,.97600585,189.98169,68157.422,358.75784,224901.7,,,,,,,,,,,,,,,,,,,,5893772,110882,100901,115039,5448286,4541217,414,191,529,29776,13487,38656,1.3903816,1.4161786,1.3684809,319.81189,25288.08,79.071732,32735.697,,,19.666666,41.585869,,,,,,,177.75101,322.54361,327.12292,359.63492,137.07216,311.36435,,,71.922707,49.135891,,,,,,,,,,,,,,,,,,,,,,,,,,,,,,,,,,,,,,,,
05Oct2021,Iran,,,,,,,,,,,,,,,,,,,,,,,93000,91813,94217,3,0,10,3867415,3352907,4650317,54,0,4784,11141,1108,78,66842,5.5555553,,.20903011,76.440857,5535.8604,1845.2867,5535.8604,,,,,,,,,,,,,,,,,,,,,,,,,,,,,,,,,,,,,,,,,,,,,,,,,,,,,,,,,,,,,,,,,,,,,,,,,,,,,,,,,,,,,,,,,,,,,,,,,,,,,,,,,,,,,,,,,,,,,,,,,,,76552.5,74437.992,82038.508,121558.31,89258.039,162130.23,230846.56,207373.55,252057.09,76333.008,73851.188,79035.523,110789.46,94421.594,128063.35,176579.2,166334.38,185713.19,2.3399999,.63,6.52,613.37,295.31,725.5,305.19,140,646.78003,2.79,1.09,5.9699998,563.53003,441.38,650.21002,378.45001,189.89,666.17999,24691182,23709200,27055098,43696828,32950334,54958452,71823288,66917368,76003056,24842890,23588664,26507704,45933664,37556132,53876136,72743336,70032928,75403072,417.35999,83.980003,1331.83,200802.56,120966,236039.05,40933.789,9976.1797,116854.77,509.82999,171.97,1207.61,203080.77,147715.8,233825.78,30280.35,10473.88,67198.039,21.43,84.129997,240.60001,12881.34,21520.311,24756.539,4336.8799,12398.69,26777.051,38.380001,100.76,219.75999,19654.449,23658.99,26410.43,5056.2002,11027.68,20761.631,1.09,5.0799999,15.72,1182.84,2083.3,2406.5801,169.7,639.31,1694.72,2.1500001,6.1700001,14.28,1748.9,2157.0701,2378.73,178.47,486.48999,1046.17,13.39,47.400002,129.2,4917.6499,5264.4702,5401.2798,2044.8101,3931.3101,5215.4702,22.559999,56.25,118.37,8439.0703,10495.98,11910.84,3492.4299,6612.8398,11371.85,.34,1.58,4.8800001,367.17999,647.32001,747.81,51.950001,197.12,524.56,.67000002,1.91,4.4299998,543.37,670.31,739.21997,54.639999,149.75999,322.94,600.41998,2937.98,9320.4004,830339.31,1374955.8,1615225.5,74090.398,292988.13,819436.75,1218,3584.8401,8454.0898,1024760.2,1397393.6,1603992.8,79619.313,222538.2,486156.31,.58999997,.63999999,.69,.73000002,.86000001,.99000001,.49000001,.51999998,.57999998,.62,.64999998,.69,.74000001,.83999997,.94,.49000001,.51999998,.54000002,.73000002,.81,.89999998,1.47,1.63,1.8,2.2,2.4400001,2.7,.77999997,.82999998,.88999999,1.55,1.66,1.78,2.3299999,2.49,2.6700001,.56066704,.75017858,.48955199,.30545926,.24412645,.3073644,.74556988,1.4033428,.55349046,.54724127,.6338315,.49436489,.27749059,.29880351,.27807456,1.2498205,1.8129863,.99136817,189.98169,68157.422,358.75784,220051.3,,,,,,,,,,,,,,,,,,,,5932409,111298,101093,115570,5478041,4554661,416,192,531,29755,13444,38637,1.3980844,1.4281464,1.3743303,319.81189,25288.08,79.071732,32893.84,,,18,41.585106,,,,,,,178.35898,322.53918,327.37592,359.47214,134.1256,311.12997,,,71.526443,49.219582,,,,,,,,,,,,,,,,,,,,,,,,,,,,,,,,,,,,,,,,
06Oct2021,Iran,,,,,,,,,,,,,,,,,,,,,,,93003,91813,94228,3,0,11,3867464,3352907,4655069,49,0,4752,10465,1060,73,66844,6.1224489,,.23148148,76.440857,5535.8604,1845.2867,5535.8604,,,,,,,,,,,,,,,,,,,,,,,,,,,,,,,,,,,,,,,,,,,,,,,,,,,,,,,,,,,,,,,,,,,,,,,,,,,,,,,,,,,,,,,,,,,,,,,,,,,,,,,,,,,,,,,,,,,,,,,,,,,76554.703,74439.367,82044.32,122158.16,89570.867,162618.08,231133.5,207966.05,252186.45,76335.641,73852.273,79041.281,111344.11,94871.719,128625.64,176928.06,166942.23,185894.75,2.2,.57999998,6.1799998,599.84998,291.81,711.03998,286.95001,128.94,592.51001,2.6300001,1.02,5.6500001,554.65002,439.79001,635.10999,348.87,172.39999,621.29999,24691576,23709420,27056302,43893376,33098070,55092260,71860936,67025800,76012136,24843370,23588838,26508728,46131632,37774928,54017580,72771080,70093496,75412600,393.59,78.139999,1264.1899,196548.05,119160.65,230272.45,37645.539,9080.3604,108433.35,481.28,161.14999,1145.65,197969.14,141442.91,229928.78,27747.67,9530.8496,61782.328,19.91,79.190002,228.02,12848.15,21200.721,24184.881,3938.75,11457.69,25138.949,35.919998,94.959999,208.17,19336.02,23223.82,25766.561,4586.8799,10133.74,19255.43,1.02,4.79,14.91,1152.45,2043.58,2368.6499,153.72,586.92999,1574.63,2.02,5.8200002,13.54,1677.47,2107.52,2340.21,161.63,444.67001,961.23999,12.44,44.599998,122.4,4889.1201,5248.52,5386.52,1905.87,3783.74,5158.3901,21.1,52.98,112.08,8402.7305,10324.7,11629.61,3194.9099,6125.25,10636.88,.31999999,1.48,4.6300001,357.73001,634.97998,736.03003,47.060001,180.96001,487.35999,.63,1.8099999,4.1999998,521.16998,654.90997,727.19,49.490002,136.89,296.70999,558.65002,2770.3899,8846.3896,820731.44,1346063.8,1575971.8,67461.523,269671.72,761076.19,1141.3,3383.8201,8019.77,981554.63,1362495.3,1577530.3,72442.297,204008.77,447339.88,.58999997,.63999999,.69,.73000002,.86000001,.98000002,.5,.52999997,.57999998,.62,.64999998,.69,.73000002,.82999998,.94,.49000001,.51999998,.54000002,.73000002,.81,.89999998,1.47,1.63,1.8,2.2,2.4400001,2.7,.77999997,.82999998,.88999999,1.55,1.66,1.78,2.3299999,2.49,2.6700001,.55895728,.74225748,.48885056,.30519253,.24488789,.30878204,.76224172,1.4199877,.54642785,.5464595,.63295066,.49316981,.28016993,.31093112,.27622032,1.2572948,1.8088628,1.0056274,189.98169,68157.422,358.75784,215200.89,,,,,,,,,,,,,,,,,,,,5971016,111716,101284,116104,5507767,4568060,418,191,534,29726,13399,38607,1.4061764,1.4254795,1.3831688,319.81189,25288.08,79.071732,33051.984,,,16.333334,41.584293,,,,,,,178.90454,322.53506,327.66202,359.31598,131.19197,310.90662,,,71.11483,49.301506,,,,,,,,,,,,,,,,,,,,,,,,,,,,,,,,,,,,,,,,
07Oct2021,Iran,,,,,,,,,,,,,,,,,,,,,,,93006,91813,94238,3,0,10,3867509,3352907,4659788,45,0,4719,9829,1013,68,66845,6.6666665,,.21190931,76.440857,5535.8604,1845.2867,5535.8604,,,,,,,,,,,,,,,,,,,,,,,,,,,,,,,,,,,,,,,,,,,,,,,,,,,,,,,,,,,,,,,,,,,,,,,,,,,,,,,,,,,,,,,,,,,,,,,,,,,,,,,,,,,,,,,,,,,,,,,,,,,,,,,,,,,,,,,,,,,,,,,,,,,,,,,,,,,,,,,,,,,,,,,,,,,,,,,,,,,,,,,,,,,,,,,,,,,,,,,,,,,,,,,,,,,,,,,,,,,,,,,,,,,,,,,,,,,,,,,,,,,,,,,,,,,,,,,,,,,,,,,,,,,,,,,,,,,,,,,,,,,,,,,,,,,,,,,,,,,,,,,,,,,,,,,,,,,,,,,,,,,,,,,,,,,,,,,,,,,,,,,,,,,,,,,,,,,,,,,,,,6009580,112135,101475,116641,5537459,4581413,419,191,537,29692,13353,38564,1.4111545,1.4303901,1.3924904,319.81189,25288.08,79.071732,33131.055,,,15,41.583435,,,,,,,,,,,,,,,70.86396,49.382076,,,,,,,,,,,,,,,,,,,,,,,,,,,,,,,,,,,,,,,,
08Oct2021,Iran,,,,,,,,,,,,,,,,,,,,,,,93008,91813,94247,2,0,9,3867549,3352907,4664475,40,0,4687,9232,968,64,66846,5,,.19202048,76.440857,5535.8604,2767.9302,5535.8604,,,,,,,,,,,,,,,,,,,,,,,,,,,,,,,,,,,,,,,,,,,,,,,,,,,,,,,,,,,,,,,,,,,,,,,,,,,,,,,,,,,,,,,,,,,,,,,,,,,,,,,,,,,,,,,,,,,,,,,,,,,,,,,,,,,,,,,,,,,,,,,,,,,,,,,,,,,,,,,,,,,,,,,,,,,,,,,,,,,,,,,,,,,,,,,,,,,,,,,,,,,,,,,,,,,,,,,,,,,,,,,,,,,,,,,,,,,,,,,,,,,,,,,,,,,,,,,,,,,,,,,,,,,,,,,,,,,,,,,,,,,,,,,,,,,,,,,,,,,,,,,,,,,,,,,,,,,,,,,,,,,,,,,,,,,,,,,,,,,,,,,,,,,,,,,,,,,,,,,,,,6048092,112555,101666,117179,5567109,4594719,420,191,538,29650,13306,38512,1.4165261,1.4354427,1.3969672,319.81189,25288.08,79.071732,33210.129,,,20,41.58297,,,,,,,,,,,,,,,70.595238,49.461231,,,,,,,,,,,,,,,,,,,,,,,,,,,,,,,,,,,,,,,,
09Oct2021,Iran,,,,,,,,,,,,,,,,,,,,,,,93010,91813,94256,2,0,9,3867586,3352907,4669132,37,0,4657,8669,926,60,66847,5.4054055,,.19325747,76.440857,5535.8604,2767.9302,5535.8604,,,,,,,,,,,,,,,,,,,,,,,,,,,,,,,,,,,,,,,,,,,,,,,,,,,,,,,,,,,,,,,,,,,,,,,,,,,,,,,,,,,,,,,,,,,,,,,,,,,,,,,,,,,,,,,,,,,,,,,,,,,,,,,,,,,,,,,,,,,,,,,,,,,,,,,,,,,,,,,,,,,,,,,,,,,,,,,,,,,,,,,,,,,,,,,,,,,,,,,,,,,,,,,,,,,,,,,,,,,,,,,,,,,,,,,,,,,,,,,,,,,,,,,,,,,,,,,,,,,,,,,,,,,,,,,,,,,,,,,,,,,,,,,,,,,,,,,,,,,,,,,,,,,,,,,,,,,,,,,,,,,,,,,,,,,,,,,,,,,,,,,,,,,,,,,,,,,,,,,,,,6086539,112976,101856,117720,5596710,4607976,421,190,541,29601,13257,38447,1.4222492,1.4332051,1.4071319,319.81189,25288.08,79.071732,33289.199,,,18.5,41.582474,,,,,,,,,,,,,,,70.311165,49.538929,,,,,,,,,,,,,,,,,,,,,,,,,,,,,,,,,,,,,,,,
10Oct2021,Iran,,,,,,,,,,,,,,,,,,,,,,,93012,91813,94265,2,0,9,3867619,3352907,4673758,33,0,4626,8140,885,56,66848,6.060606,,.19455253,76.440857,5535.8604,2767.9302,5535.8604,,,,,,,,,,,,,,,,,,,,,,,,,,,,,,,,,,,,,,,,,,,,,,,,,,,,,,,,,,,,,,,,,,,,,,,,,,,,,,,,,,,,,,,,,,,,,,,,,,,,,,,,,,,,,,,,,,,,,,,,,,,,,,,,,,,,,,,,,,,,,,,,,,,,,,,,,,,,,,,,,,,,,,,,,,,,,,,,,,,,,,,,,,,,,,,,,,,,,,,,,,,,,,,,,,,,,,,,,,,,,,,,,,,,,,,,,,,,,,,,,,,,,,,,,,,,,,,,,,,,,,,,,,,,,,,,,,,,,,,,,,,,,,,,,,,,,,,,,,,,,,,,,,,,,,,,,,,,,,,,,,,,,,,,,,,,,,,,,,,,,,,,,,,,,,,,,,,,,,,,,,6124910,113398,102047,118263,5626257,4621183,422,191,543,29547,13207,38371,1.428233,1.4462028,1.4151312,319.81189,25288.08,79.071732,33368.27,,,16.5,41.581936,,,,,,,,,,,,,,,70.016586,49.615135,,,,,,,,,,,,,,,,,,,,,,,,,,,,,,,,,,,,,,,,
11Oct2021,Iran,,,,,,,,,,,,,,,,,,,,,,,93014,91813,94275,2,0,10,3867649,3352907,4678355,30,0,4597,7643,846,53,66849,6.6666665,,.21753317,76.440857,5535.8604,2767.9302,5535.8604,,,,,,,,,,,,,,,,,,,,,,,,,,,,,,,,,,,,,,,,,,,,,,,,,,,,,,,,,,,,,,,,,,,,,,,,,,,,,,,,,,,,,,,,,,,,,,,,,,,,,,,,,,,,,,,,,,,,,,,,,,,,,,,,,,,,,,,,,,,,,,,,,,,,,,,,,,,,,,,,,,,,,,,,,,,,,,,,,,,,,,,,,,,,,,,,,,,,,,,,,,,,,,,,,,,,,,,,,,,,,,,,,,,,,,,,,,,,,,,,,,,,,,,,,,,,,,,,,,,,,,,,,,,,,,,,,,,,,,,,,,,,,,,,,,,,,,,,,,,,,,,,,,,,,,,,,,,,,,,,,,,,,,,,,,,,,,,,,,,,,,,,,,,,,,,,,,,,,,,,,,6163195,113821,102236,118807,5655742,4634339,423,189,544,29485,13156,38285,1.4346278,1.4366069,1.420922,319.81189,25288.08,79.071732,33447.344,,,15,41.581364,,,,,,,,,,,,,,,69.704491,49.689793,,,,,,,,,,,,,,,,,,,,,,,,,,,,,,,,,,,,,,,,
12Oct2021,Iran,,,,,,,,,,,,,,,,,,,,,,,93016,91813,94284,2,0,9,3867675,3352907,4682923,26,0,4568,7175,808,49,66850,7.6923075,,.19702277,76.440857,5535.8604,2767.9302,5535.8604,,,,,,,,,,,,,,,,,,,,,,,,,,,,,,,,,,,,,,,,,,,,,,,,,,,,,,,,,,,,,,,,,,,,,,,,,,,,,,,,,,,,,,,,,,,,,,,,,,,,,,,,,,,,,,,,,,,,,,,,,,,,,,,,,,,,,,,,,,,,,,,,,,,,,,,,,,,,,,,,,,,,,,,,,,,,,,,,,,,,,,,,,,,,,,,,,,,,,,,,,,,,,,,,,,,,,,,,,,,,,,,,,,,,,,,,,,,,,,,,,,,,,,,,,,,,,,,,,,,,,,,,,,,,,,,,,,,,,,,,,,,,,,,,,,,,,,,,,,,,,,,,,,,,,,,,,,,,,,,,,,,,,,,,,,,,,,,,,,,,,,,,,,,,,,,,,,,,,,,,,,6201383,114244,102426,119353,5685160,4647444,423,190,546,29418,13105,38188,1.4378952,1.4498283,1.4297686,319.81189,25288.08,79.071732,33447.344,,,13,41.58075,,,,,,,,,,,,,,,69.546097,49.763313,,,,,,,,,,,,,,,,,,,,,,,,,,,,,,,,,,,,,,,,
13Oct2021,Iran,,,,,,,,,,,,,,,,,,,,,,,93017,91813,94292,1,0,8,3867700,3352907,4687465,25,0,4542,6735,772,46,66851,4,,.17613386,76.440857,5535.8604,5535.8604,5535.8604,,,,,,,,,,,,,,,,,,,,,,,,,,,,,,,,,,,,,,,,,,,,,,,,,,,,,,,,,,,,,,,,,,,,,,,,,,,,,,,,,,,,,,,,,,,,,,,,,,,,,,,,,,,,,,,,,,,,,,,,,,,,,,,,,,,,,,,,,,,,,,,,,,,,,,,,,,,,,,,,,,,,,,,,,,,,,,,,,,,,,,,,,,,,,,,,,,,,,,,,,,,,,,,,,,,,,,,,,,,,,,,,,,,,,,,,,,,,,,,,,,,,,,,,,,,,,,,,,,,,,,,,,,,,,,,,,,,,,,,,,,,,,,,,,,,,,,,,,,,,,,,,,,,,,,,,,,,,,,,,,,,,,,,,,,,,,,,,,,,,,,,,,,,,,,,,,,,,,,,,,,6239462,114669,102617,119901,5714504,4660498,425,191,548,29344,13054,38079,1.448337,1.463153,1.4391134,319.81189,25288.08,79.071732,33605.484,,,25,41.58057,,,,,,,,,,,,,,,69.044708,49.834778,,,,,,,,,,,,,,,,,,,,,,,,,,,,,,,,,,,,,,,,
14Oct2021,Iran,,,,,,,,,,,,,,,,,,,,,,,93019,91813,94301,2,0,9,3867722,3352907,4691979,22,0,4514,6322,738,43,66851,9.090909,,.19937971,76.440857,5535.8604,2767.9302,5535.8604,,,,,,,,,,,,,,,,,,,,,,,,,,,,,,,,,,,,,,,,,,,,,,,,,,,,,,,,,,,,,,,,,,,,,,,,,,,,,,,,,,,,,,,,,,,,,,,,,,,,,,,,,,,,,,,,,,,,,,,,,,,,,,,,,,,,,,,,,,,,,,,,,,,,,,,,,,,,,,,,,,,,,,,,,,,,,,,,,,,,,,,,,,,,,,,,,,,,,,,,,,,,,,,,,,,,,,,,,,,,,,,,,,,,,,,,,,,,,,,,,,,,,,,,,,,,,,,,,,,,,,,,,,,,,,,,,,,,,,,,,,,,,,,,,,,,,,,,,,,,,,,,,,,,,,,,,,,,,,,,,,,,,,,,,,,,,,,,,,,,,,,,,,,,,,,,,,,,,,,,,,6277423,115094,102809,120450,5743767,4673501,425,192,549,29263,13003,37961,1.452346,1.4765823,1.4462211,319.81189,25288.08,79.071732,33605.484,,,11,41.579914,,,,,,,,,,,,,,,68.854118,49.905006,,,,,,,,,,,,,,,,,,,,,,,,,,,,,,,,,,,,,,,,
15Oct2021,Iran,,,,,,,,,,,,,,,,,,,,,,,93020,91813,94309,1,0,8,3867742,3352907,4696466,20,0,4487,5933,705,40,66852,5,,.17829284,76.440857,5535.8604,5535.8604,5535.8604,,,,,,,,,,,,,,,,,,,,,,,,,,,,,,,,,,,,,,,,,,,,,,,,,,,,,,,,,,,,,,,,,,,,,,,,,,,,,,,,,,,,,,,,,,,,,,,,,,,,,,,,,,,,,,,,,,,,,,,,,,,,,,,,,,,,,,,,,,,,,,,,,,,,,,,,,,,,,,,,,,,,,,,,,,,,,,,,,,,,,,,,,,,,,,,,,,,,,,,,,,,,,,,,,,,,,,,,,,,,,,,,,,,,,,,,,,,,,,,,,,,,,,,,,,,,,,,,,,,,,,,,,,,,,,,,,,,,,,,,,,,,,,,,,,,,,,,,,,,,,,,,,,,,,,,,,,,,,,,,,,,,,,,,,,,,,,,,,,,,,,,,,,,,,,,,,,,,,,,,,,6315254,115520,103002,121000,5772943,4686453,426,193,550,29176,12952,37831,1.4601042,1.4901173,1.4538342,319.81189,25288.08,79.071732,33684.559,,,20,41.579681,,,,,,,,,,,,,,,68.488266,49.973537,,,,,,,,,,,,,,,,,,,,,,,,,,,,,,,,,,,,,,,,
16Oct2021,Iran,,,,,,,,,,,,,,,,,,,,,,,,,,,,,,,,,,,,,,,,,,,,,,,,,,,,,,,,,,,,,,,,,,,,,,,,,,,,,,,,,,,,,,,,,,,,,,,,,,,,,,,,,,,,,,,,,,,,,,,,,,,,,,,,,,,,,,,,,,,,,,,,,,,,,,,,,,,,,,,,,,,,,,,,,,,,,,,,,,,,,,,,,,,,,,,,,,,,,,,,,,,,,,,,,,,,,,,,,,,,,,,,,,,,,,,,,,,,,,,,,,,,,,,,,,,,,,,,,,,,,,,,,,,,,,,,,,,,,,,,,,,,,,,,,,,,,,,,,,,,,,,,,,,,,,,,,,,,,,,,,,,,,,,,,,,,,,,,,,,,,,,,,,,,,,,,,,,,,,,,,,,,,,,,,,,,,,,,,,,,,,,,,,,,,,,,,,,,,,,,,,,,,,,6352945,115946,103196,121551,5802026,4699354,426,194,551,29083,12901,37691,1.4647732,1.5037594,1.4618875,319.81189,25288.08,79.071732,33684.559,,,,,,,,,,,,,,,,,,,68.269951,50.04076,,,,,,,,,,,,,,,,,,,,,,,,,,,,,,,,,,,,,,,,
17Oct2021,Iran,,,,,,,,,,,,,,,,,,,,,,,,,,,,,,,,,,,,,,,,,,,,,,,,,,,,,,,,,,,,,,,,,,,,,,,,,,,,,,,,,,,,,,,,,,,,,,,,,,,,,,,,,,,,,,,,,,,,,,,,,,,,,,,,,,,,,,,,,,,,,,,,,,,,,,,,,,,,,,,,,,,,,,,,,,,,,,,,,,,,,,,,,,,,,,,,,,,,,,,,,,,,,,,,,,,,,,,,,,,,,,,,,,,,,,,,,,,,,,,,,,,,,,,,,,,,,,,,,,,,,,,,,,,,,,,,,,,,,,,,,,,,,,,,,,,,,,,,,,,,,,,,,,,,,,,,,,,,,,,,,,,,,,,,,,,,,,,,,,,,,,,,,,,,,,,,,,,,,,,,,,,,,,,,,,,,,,,,,,,,,,,,,,,,,,,,,,,,,,,,,,,,,,,,116373,,,5831010,,427,,,28984,,,1.4732267,,,319.81189,25288.08,79.071732,33763.629,,,,,,,,,,,,,,,,,,,67.87822,50.106209,,,,,,,,,,,,,,,,,,,,,,,,,,,,,,,,,,,,,,,,
18Oct2021,Iran,,,,,,,,,,,,,,,,,,,,,,,,,,,,,,,,,,,,,,,,,,,,,,,,,,,,,,,,,,,,,,,,,,,,,,,,,,,,,,,,,,,,,,,,,,,,,,,,,,,,,,,,,,,,,,,,,,,,,,,,,,,,,,,,,,,,,,,,,,,,,,,,,,,,,,,,,,,,,,,,,,,,,,,,,,,,,,,,,,,,,,,,,,,,,,,,,,,,,,,,,,,,,,,,,,,,,,,,,,,,,,,,,,,,,,,,,,,,,,,,,,,,,,,,,,,,,,,,,,,,,,,,,,,,,,,,,,,,,,,,,,,,,,,,,,,,,,,,,,,,,,,,,,,,,,,,,,,,,,,,,,,,,,,,,,,,,,,,,,,,,,,,,,,,,,,,,,,,,,,,,,,,,,,,,,,,,,,,,,,,,,,,,,,,,,,,,,,,,,,,,,,,,,,,116800,,,5859889,,427,,,28879,,,1.4785831,,,319.81189,25288.08,79.071732,33763.629,,,,,,,,,,,,,,,,,,,67.632317,50.170284,,,,,,,,,,,,,,,,,,,,,,,,,,,,,,,,,,,,,,,,
19Oct2021,Iran,,,,,,,,,,,,,,,,,,,,,,,,,,,,,,,,,,,,,,,,,,,,,,,,,,,,,,,,,,,,,,,,,,,,,,,,,,,,,,,,,,,,,,,,,,,,,,,,,,,,,,,,,,,,,,,,,,,,,,,,,,,,,,,,,,,,,,,,,,,,,,,,,,,,,,,,,,,,,,,,,,,,,,,,,,,,,,,,,,,,,,,,,,,,,,,,,,,,,,,,,,,,,,,,,,,,,,,,,,,,,,,,,,,,,,,,,,,,,,,,,,,,,,,,,,,,,,,,,,,,,,,,,,,,,,,,,,,,,,,,,,,,,,,,,,,,,,,,,,,,,,,,,,,,,,,,,,,,,,,,,,,,,,,,,,,,,,,,,,,,,,,,,,,,,,,,,,,,,,,,,,,,,,,,,,,,,,,,,,,,,,,,,,,,,,,,,,,,,,,,,,,,,,,,117227,,,5888657,,427,,,28768,,,1.4842881,,,319.81189,25288.08,79.071732,33763.629,,,,,,,,,,,,,,,,,,,67.372368,50.232941,,,,,,,,,,,,,,,,,,,,,,,,,,,,,,,,,,,,,,,,
20Oct2021,Iran,,,,,,,,,,,,,,,,,,,,,,,,,,,,,,,,,,,,,,,,,,,,,,,,,,,,,,,,,,,,,,,,,,,,,,,,,,,,,,,,,,,,,,,,,,,,,,,,,,,,,,,,,,,,,,,,,,,,,,,,,,,,,,,,,,,,,,,,,,,,,,,,,,,,,,,,,,,,,,,,,,,,,,,,,,,,,,,,,,,,,,,,,,,,,,,,,,,,,,,,,,,,,,,,,,,,,,,,,,,,,,,,,,,,,,,,,,,,,,,,,,,,,,,,,,,,,,,,,,,,,,,,,,,,,,,,,,,,,,,,,,,,,,,,,,,,,,,,,,,,,,,,,,,,,,,,,,,,,,,,,,,,,,,,,,,,,,,,,,,,,,,,,,,,,,,,,,,,,,,,,,,,,,,,,,,,,,,,,,,,,,,,,,,,,,,,,,,,,,,,,,,,,,,,117654,,,5917309,,427,,,28652,,,1.4902973,,,319.81189,25288.08,79.071732,33763.629,,,,,,,,,,,,,,,,,,,67.1007,50.294159,,,,,,,,,,,,,,,,,,,,,,,,,,,,,,,,,,,,,,,,
21Oct2021,Iran,,,,,,,,,,,,,,,,,,,,,,,,,,,,,,,,,,,,,,,,,,,,,,,,,,,,,,,,,,,,,,,,,,,,,,,,,,,,,,,,,,,,,,,,,,,,,,,,,,,,,,,,,,,,,,,,,,,,,,,,,,,,,,,,,,,,,,,,,,,,,,,,,,,,,,,,,,,,,,,,,,,,,,,,,,,,,,,,,,,,,,,,,,,,,,,,,,,,,,,,,,,,,,,,,,,,,,,,,,,,,,,,,,,,,,,,,,,,,,,,,,,,,,,,,,,,,,,,,,,,,,,,,,,,,,,,,,,,,,,,,,,,,,,,,,,,,,,,,,,,,,,,,,,,,,,,,,,,,,,,,,,,,,,,,,,,,,,,,,,,,,,,,,,,,,,,,,,,,,,,,,,,,,,,,,,,,,,,,,,,,,,,,,,,,,,,,,,,,,,,,,,,,,,,118081,,,5945837,,427,,,28528,,,1.4967752,,,319.81189,25288.08,79.071732,33763.629,,,,,,,,,,,,,,,,,,,66.810303,50.353886,,,,,,,,,,,,,,,,,,,,,,,,,,,,,,,,,,,,,,,,
22Oct2021,Iran,,,,,,,,,,,,,,,,,,,,,,,,,,,,,,,,,,,,,,,,,,,,,,,,,,,,,,,,,,,,,,,,,,,,,,,,,,,,,,,,,,,,,,,,,,,,,,,,,,,,,,,,,,,,,,,,,,,,,,,,,,,,,,,,,,,,,,,,,,,,,,,,,,,,,,,,,,,,,,,,,,,,,,,,,,,,,,,,,,,,,,,,,,,,,,,,,,,,,,,,,,,,,,,,,,,,,,,,,,,,,,,,,,,,,,,,,,,,,,,,,,,,,,,,,,,,,,,,,,,,,,,,,,,,,,,,,,,,,,,,,,,,,,,,,,,,,,,,,,,,,,,,,,,,,,,,,,,,,,,,,,,,,,,,,,,,,,,,,,,,,,,,,,,,,,,,,,,,,,,,,,,,,,,,,,,,,,,,,,,,,,,,,,,,,,,,,,,,,,,,,,,,,,,,118508,,,,,427,,,,,,,,,319.81189,25288.08,79.071732,33763.629,,,,,,,,,,,,,,,,,,,,,,,,,,,,,,,,,,,,,,,,,,,,,,,,,,,,,,,,,,,,
